X Y e1 e2 Z WEIGHT_SEEING
902.8025317020837 227.25688148632125 0.042369 0.245218 0.24299875 1.0
1145.698596028252 299.8157805036227 -0.039015 0.202865 0.33629563 1.0
1060.9749317477153 256.8638038963586 0.196319 -0.133966 0.29771748 1.0
1000.0624101940241 258.47061810573985 0.02879 0.305571 0.26397258 1.0
1021.7471273914339 259.0652801851395 -0.117297 -0.054991 0.27225602 1.0
1189.0043144173658 258.54365359249124 -0.083439 0.082721 0.35561454 1.0
960.0621403103783 207.80626873922714 -0.305651 0.013552 0.26241133 1.0
774.5840739398712 166.8726881104776 -0.148825 0.221282 0.19762099 1.0
1140.4367549781457 274.49331582988697 0.057569 -0.121817 0.35022587 1.0
1166.38259870006 302.2614000340667 -0.28632 -0.039411 0.33816907 1.0
894.0882518276834 232.71687203047088 -0.166579 -0.383129 0.22957471 1.0
1176.7402050224478 306.6304081275897 -0.648823 -0.15703 0.33758864 1.0
1061.63290378272 262.89263643738576 -0.200488 0.182652 0.28923836 1.0
946.6196519877589 218.61306050978575 0.292778 0.394728 0.26331875 1.0
1043.3885997389448 224.6519598031901 0.087617 -0.776781 0.2969345 1.0
1102.544195775845 252.01643810582195 0.043073 -0.039133 0.30868807 1.0
976.5155344259325 209.6819888926802 0.130744 0.120352 0.26104516 1.0
1085.572102732735 262.6772602309554 -999.0 -999.0 0.2739238 1.0
868.4140096547022 210.260102414266 -999.0 -999.0 0.20876306 1.0
1188.7059614292073 297.5893496837565 -0.007348 -0.051144 0.31667188 1.0
1225.849712756448 306.94292318597144 0.279631 -0.240185 0.32588243 1.0
1115.7422385908324 275.801803118135 -999.0 -999.0 0.30530855 1.0
1213.9528389006207 306.60457441952565 -0.337955 0.171034 0.32845172 1.0
855.282711749245 200.09661403244928 0.247357 -0.182684 0.2344219 1.0
1098.378943854715 261.71113162134503 -0.237269 -0.436748 0.32593894 1.0
1187.9162902264209 287.85543238803103 0.102812 0.012712 0.35943085 1.0
1043.8068183140088 265.3031572404472 -0.074361 0.180906 0.2779676 1.0
1104.4566313070966 270.3434587934748 0.073087 0.452394 0.30331755 1.0
762.2377342373294 184.93254000356848 0.289705 -0.109787 0.18453947 1.0
1210.445401226443 292.50879344066533 0.080912 -0.09676 0.34585726 1.0
1146.1066336106069 275.1110035029899 0.204718 -0.061874 0.32186908 1.0
842.4670887970341 201.39340063392208 0.101564 0.29494 0.21058375 1.0
1127.4591353395172 268.35953052597347 0.059452 0.371902 0.31307974 1.0
1004.6365731423522 234.08890053620786 -0.163592 0.162523 0.26759446 1.0
769.6650051206307 178.89245173650863 -0.324903 -0.019441 0.18760972 1.0
1112.5343403852128 255.03716593767894 -0.428387 0.479623 0.30850583 1.0
1063.669197867854 237.59983290024505 0.412827 -0.279632 0.28924534 1.0
1111.5120953132027 247.16231078528153 0.116697 0.328209 0.31064388 1.0
1128.7111948844295 247.7379013036268 -0.178776 0.014479 0.318197 1.0
765.3418951701394 164.1869154368395 -0.116835 -0.027651 0.18850042 1.0
1118.3323259434997 235.0255049637147 -0.160696 0.389519 0.31580827 1.0
1174.010990479145 296.84835340464457 0.041164 -0.068336 0.32100257 1.0
1183.7978378131384 298.03894262940156 -0.077802 -0.061086 0.32546592 1.0
1040.3441145640077 262.10493167096865 -0.015998 -0.199441 0.27163368 1.0
1130.2052068386008 279.88018918404265 0.073532 0.099898 0.3068638 1.0
772.7665907618771 185.99005815805305 0.135045 -0.109928 0.18495561 1.0
764.2448053902323 183.16953481357945 0.294794 0.300023 0.18249996 1.0
1078.6657880011182 254.66207507966072 -0.066183 -0.014925 0.2881977 1.0
1125.4842479370975 259.66656679565284 0.041063 0.54987 0.3084086 1.0
1153.2760754725982 250.52971676496892 -0.201367 0.045017 0.32094488 1.0
896.5367215397438 189.57354705970627 -0.085536 0.093692 0.22706729 1.0
1044.5446475304616 262.8248716185977 -0.193848 0.002651 0.26624897 1.0
1197.4744862093437 301.9776739936479 -0.130995 -0.027964 0.32396334 1.0
1261.1651750567937 315.4174107603194 -0.288933 -0.11493 0.35266253 1.0
1207.1881123806547 290.9657386588001 0.366952 -0.218508 0.32978767 1.0
1075.709582755883 256.63253077806206 0.352724 -0.311301 0.2792571 1.0
1079.2075660018857 254.84779257478604 -999.0 -999.0 0.28169137 1.0
955.1878375891304 218.57188553484136 0.151832 -0.018041 0.23913245 1.0
788.8653305975167 177.07902338244332 0.10397 0.033537 0.18785338 1.0
1131.490125380287 248.34038816403418 0.119716 0.120387 0.3052985 1.0
1155.5552488614348 246.89705823641617 -0.354682 -0.108395 0.3174849 1.0
1161.2649526563468 245.59802506533762 -0.026993 -0.168553 0.31870016 1.0
903.8679375708567 186.76318468150203 0.401515 0.348773 0.22758158 1.0
1227.5247153236505 252.21509256256812 0.217284 -0.123139 0.3494358 1.0
1270.9110274952322 310.24370458905406 0.218514 0.036035 0.3465212 1.0
1140.2151193957795 274.14879410099775 -0.092608 -0.042433 0.29780844 1.0
1138.4991150480926 271.50489359024795 0.272068 -0.029886 0.29651934 1.0
870.1255430976988 204.7040065157383 -0.06652 -0.270183 0.20754164 1.0
1112.43667276485 246.14711632250987 -0.00997 0.093358 0.2922175 1.0
1148.2167737391333 249.29149096367092 0.09281 -0.095424 0.30698788 1.0
1161.7964165887188 244.36000475490178 -0.426989 -0.072918 0.31453696 1.0
1164.7086617060993 242.5601394796384 0.070718 -0.051036 0.3163472 1.0
968.1756401658258 200.82327025544848 0.133119 -0.151528 0.2444226 1.0
1048.1438806767828 212.3043831160856 -0.095061 0.000533 0.2736722 1.0
1193.7848393055617 301.16888790886753 0.319382 -0.312459 0.30652657 1.0
1103.6055407309782 273.49740599424877 0.208217 -0.456368 0.27608368 1.0
1236.617187729297 304.37369054372425 0.257449 -0.074332 0.32702786 1.0
793.2676150754858 194.33267229518353 0.109315 -0.144714 0.17934923 1.0
1275.99091352158 313.3330865770808 0.022378 0.322673 0.34380627 1.0
1296.7147478866414 314.9952562818739 0.016207 0.12921 0.35279506 1.0
1212.0235962928512 292.7369667332046 -0.182414 0.522334 0.31609464 1.0
1255.481124446878 304.02815861519724 0.181343 -0.154632 0.33315 1.0
1204.6768071072158 288.5561487109282 0.13745 -0.169945 0.31652284 1.0
891.265597014243 213.269934666039 -0.173395 0.300267 0.20995994 1.0
1093.6502597366386 254.1746391533845 -0.016604 -0.01714 0.2750435 1.0
868.8494922950034 198.80339497405902 -0.143839 -0.324102 0.20457761 1.0
1171.1014472108518 252.71371570269173 0.080317 0.007865 0.30895215 1.0
1289.8807544383474 310.12755802669466 -0.441341 -0.443116 0.3460017 1.0
1285.2641099086827 307.73672244709553 0.006408 -0.262555 0.3446113 1.0
1264.3827354894424 302.24102207879736 0.203945 -0.018999 0.3358612 1.0
1170.058719331294 277.64713986772506 -999.0 -999.0 0.29891017 1.0
876.2318418679953 207.21700935954385 0.298252 0.174134 0.20272584 1.0
1127.7114628627253 265.091779852824 -999.0 -999.0 0.28388348 1.0
1287.4573384845708 300.6635766021088 -0.352915 0.613242 0.34683135 1.0
1290.5963876345413 300.4206969692607 -0.250947 0.062225 0.34899455 1.0
1283.8476714290496 296.7541365204262 -0.086765 -0.164388 0.3442043 1.0
1050.2342540028228 213.55573639139223 0.032667 0.03255 0.26742348 1.0
1105.0130184154607 262.5186909700886 -0.07716 -0.256084 0.2694415 1.0
1044.284498542422 244.99138171366752 -999.0 -999.0 0.2511822 1.0
854.7726014201655 199.22677324177923 -0.106751 -0.214671 0.1923672 1.0
1330.6723030619944 302.1349473122869 0.19918 0.035112 0.3584305 1.0
873.8113506541557 195.343253380054 0.066832 0.292352 0.20198806 1.0
1318.2605945728521 294.43895416680533 -999.0 -999.0 0.35529715 1.0
1029.964031296128 227.8853686906469 0.176202 -0.046877 0.2497472 1.0
1213.5548154364658 268.512509955498 -0.166268 0.100244 0.31578377 1.0
1218.026924726062 268.44765963059274 -0.346701 -0.44747 0.31701443 1.0
1201.040114754426 263.9107228991554 0.092783 0.02031 0.31055838 1.0
800.6071642439365 174.82918262972981 -0.178035 0.079673 0.18081479 1.0
804.5993967115226 175.2354855853161 0.324733 -0.261919 0.18214336 1.0
982.154220392772 205.24576330289628 -0.136506 0.097124 0.2383256 1.0
1299.5264190506518 265.2153540228623 -0.207623 -0.06246 0.3589173 1.0
1033.672527787296 242.06246250386627 -0.001604 -0.151904 0.24275906 1.0
1042.7321096244061 237.15418319177863 0.05312 -0.07885 0.24660334 1.0
881.4076924793093 198.31120245692196 0.268281 -0.524084 0.19939807 1.0
1259.5308761425383 282.5037712222874 -0.210705 -0.232187 0.32434413 1.0
875.8700816602416 194.65351674635713 0.171287 0.161767 0.19822678 1.0
1170.0672053083572 255.81107356709154 -0.117843 -0.482139 0.29382816 1.0
1320.426692698437 286.6323659784883 -0.62916 -0.210595 0.35161003 1.0
1283.4785216903963 273.0125190886356 0.05015 -0.057456 0.33944318 1.0
1147.384228722702 231.18573267785862 -0.146545 -0.1982 0.2939229 1.0
870.9430919030816 174.60597684282072 -0.185325 -0.408687 0.2023838 1.0
1333.7569035650804 300.3369912727274 -0.190058 -0.23401 0.34417692 1.0
1283.7193492800961 285.6868505280089 0.422827 -0.167771 0.32518092 1.0
1060.9187336633659 231.54272171304936 -0.055907 0.087955 0.25089538 1.0
1338.6955021335534 282.68698640977436 0.171054 -0.212193 0.3543553 1.0
1131.5479443929653 232.43561716389283 0.215541 -0.260626 0.28000903 1.0
896.9848310472481 207.86997815213675 -0.028782 0.035827 0.19307779 1.0
1303.3504599451744 296.19309793459837 0.267969 -0.166196 0.3251045 1.0
1362.4404483552905 309.0591725950392 -0.149988 0.080008 0.34820905 1.0
1385.3015905112002 311.94816504568115 -0.151365 0.07254 0.35597605 1.0
1172.3132460444847 263.8275841975897 0.316081 -0.137717 0.2793172 1.0
1206.8074322882192 264.5403263414112 -0.2659 0.049015 0.29317155 1.0
1347.6292612595719 294.4241908371461 0.229503 -0.322371 0.34444037 1.0
837.7021080855643 181.9935422361555 0.053681 0.108008 0.18220818 1.0
1203.0644189543125 260.41259784597094 -0.186959 0.300024 0.2937542 1.0
1344.5125746324911 290.92770730677034 0.033473 0.036875 0.3465388 1.0
1343.1527946939198 287.71957197129353 0.237256 0.102345 0.34719977 1.0
1323.148484186239 272.68357100229167 -0.074765 0.110928 0.34409222 1.0
1323.242838110305 271.6986461667868 -0.202638 -0.03571 0.34456486 1.0
1124.7488468272954 224.39331808214274 0.199763 -0.637002 0.27460465 1.0
890.8400951573611 177.4709593742865 -0.182518 -0.312551 0.20164275 1.0
1356.930456602338 305.6241412607882 0.022592 0.385471 0.33650202 1.0
1247.1008946669406 271.8154735298306 -0.029527 0.236827 0.3015244 1.0
1012.9049234510229 205.40710638185843 -0.68821 -0.104083 0.23278767 1.0
1335.0769477994522 269.62944221714224 0.145852 0.235581 0.34607315 1.0
1350.0242550952235 273.5469586292638 -0.520066 0.129107 0.3503007 1.0
1327.5914980213622 267.8163463831491 0.032892 -0.076055 0.34374836 1.0
1157.5610854291913 232.34996972324245 0.112502 -0.083284 0.28126878 1.0
1276.4686563624932 300.62861883538733 -0.086373 -0.147199 0.3375976 1.0
1282.355627787709 300.88035756963154 -0.156522 -0.361444 0.33980277 1.0
1319.3207580297055 304.2495985144492 -0.146414 -0.108658 0.35767308 1.0
1201.670568055231 275.34476382599144 -0.001331 0.336527 0.30963168 1.0
1309.6779767762005 292.60790811861926 -0.012728 0.082991 0.3572851 1.0
1140.1980156391103 239.48477553847263 0.104607 0.06219 0.29461926 1.0
1291.6518291236166 267.49760669263577 0.01904 -0.196534 0.3569051 1.0
1017.1104897035626 209.89058667195633 0.273693 -0.012296 0.25243485 1.0
1295.0905962328513 265.98181384976385 0.038636 -0.089127 0.35978597 1.0
867.8188008127856 201.93584479653077 0.134088 -0.314136 0.19478704 1.0
911.551487437781 208.89032303691292 -0.270463 0.163484 0.20889582 1.0
1030.214348844173 235.93161379739863 -0.174135 0.045839 0.24576326 1.0
1089.4029439099522 249.1569711373095 -0.14949 -0.052511 0.26498365 1.0
1336.3461814350308 305.51329429325824 0.226036 0.008443 0.35794002 1.0
1197.8102684638084 270.3951283312674 -0.571617 -0.278384 0.30409425 1.0
1226.333486329408 270.271234054848 0.232586 -0.308094 0.31522048 1.0
1226.060986045506 270.4807916502409 -0.065004 0.024293 0.31646165 1.0
1311.6204446454938 289.19932322629717 0.530212 -0.021694 0.35139832 1.0
1028.023968073185 224.7205933034371 0.104585 0.038235 0.24862607 1.0
1081.1487147419584 235.83350664758066 0.121277 -0.25968 0.2647971 1.0
873.1971108709535 189.52682393073073 -0.067148 -0.272179 0.20115338 1.0
1029.6250548133441 221.98635601459662 0.238744 -0.328785 0.24959034 1.0
1155.8921460970157 249.76950497387494 -0.194162 -0.09773 0.29156494 1.0
838.417192731889 179.93325917034994 0.186834 -0.108523 0.19092046 1.0
1077.058452804975 226.9349365952879 0.278933 -0.369609 0.26789448 1.0
1107.6020079804937 229.06618080100827 -0.232613 0.155851 0.2794295 1.0
1315.760688371921 269.27407317951145 0.096382 0.202558 0.35949817 1.0
1311.0619253641046 267.18506091100545 0.074354 -0.262327 0.35929155 1.0
1072.1606325364494 215.65599844866117 -0.045997 -0.047257 0.2693269 1.0
879.9073055564455 204.78834800169182 0.095948 -0.225943 0.19383931 1.0
826.4962957325994 187.30549261528972 0.414822 -0.103141 0.1819841 1.0
893.1905105834951 195.4913819238477 0.137951 0.259568 0.20154947 1.0
894.514258489391 195.8934462156218 0.326124 0.016516 0.20266359 1.0
1221.2584969618676 266.2890591138719 0.106085 0.143039 0.3098154 1.0
1169.6914098107782 254.61393748689662 0.461248 -0.237809 0.29213932 1.0
1169.5627711003676 251.38986600668113 0.157064 0.309173 0.29332078 1.0
876.1407661249741 185.38825112930567 0.075223 -0.256676 0.1994803 1.0
1295.0955031775507 274.3076376893921 -0.304249 -0.00604 0.339513 1.0
1294.448706811874 271.5629853657641 -0.165752 0.096791 0.3409146 1.0
859.5166694938279 178.32978555205526 -0.043343 -0.29522 0.19587679 1.0
875.3135569742041 179.84238392572422 -0.295169 0.088873 0.20130366 1.0
1126.1569162632395 231.745920783219 0.251031 -0.469011 0.28073332 1.0
855.9033689386532 174.01348336880642 0.113223 -0.254374 0.19567712 1.0
1218.032823286643 245.3926005931998 0.109861 -0.099732 0.31719413 1.0
1089.2136303881437 218.07209475888124 0.038947 0.033591 0.27059162 1.0
1103.313642889543 221.5806733782035 -0.096109 -0.111332 0.27569994 1.0
1342.8427330296577 303.3620236730886 0.033872 -0.195738 0.3429014 1.0
1200.0799719369068 269.93750061485684 -0.019305 -0.332422 0.29291487 1.0
883.9357423796326 196.88505031160918 -0.103947 -0.118961 0.19397745 1.0
1190.074855867758 258.1612488300221 0.043712 -0.108844 0.29313424 1.0
1188.452839020191 256.28583996581096 0.035703 0.017644 0.29265806 1.0
1180.0122756234775 250.5847978044236 0.509652 0.17538 0.29178876 1.0
1064.4057308449674 224.47345846705176 -999.0 -999.0 0.25387335 1.0
1056.982619214772 222.48030331898354 0.242981 -0.362901 0.25098568 1.0
1341.02237701168 280.1265764881571 -0.147685 -0.271798 0.35409537 1.0
1315.1392641702616 271.7668607384271 -0.050777 -0.455251 0.3430993 1.0
1308.6521315198117 261.5915002837502 0.0633 0.028843 0.34495595 1.0
886.002033531256 205.2521620123286 0.267057 -0.090935 0.18950835 1.0
1273.650153993587 293.6290356146889 0.159498 -0.226289 0.30634052 1.0
1263.5665778826533 281.6668856565303 -0.344152 -0.703954 0.30988678 1.0
1349.7580102709574 300.31134709196755 0.051078 -0.080248 0.34180054 1.0
1216.5063750962117 269.35039281404966 -0.114 0.128122 0.29252568 1.0
1206.6898506810578 257.8962589175673 0.210102 0.122943 0.29468018 1.0
1241.7648527681204 264.68897606231826 0.047924 0.042994 0.30792326 1.0
1334.0714985149398 278.17006336019256 0.007598 0.271562 0.34387186 1.0
798.1102777500404 164.38088949250334 -0.219864 -0.038437 0.17280297 1.0
1332.688435516686 272.1108269930154 -0.112204 -0.123834 0.34446603 1.0
1079.7734495680038 261.8812768748374 -0.13827 -0.095708 0.3258342 1.0
976.411222887403 226.26272682239886 -0.00972 -0.40289 0.28412813 1.0
989.9885554496159 229.19875765917948 0.001756 -0.111839 0.28973845 1.0
1165.7796129510077 289.07093745596137 -0.149125 -0.532149 0.35856417 1.0
1022.166044280385 243.60126467576623 -0.595486 0.293199 0.29687312 1.0
1155.8561563597336 267.9418412291611 0.143669 0.000725 0.35524553 1.0
1088.841174845231 268.86038298578603 -0.60439 -0.159176 0.31843024 1.0
1096.9084620233596 254.2301475876222 -0.163977 0.230367 0.32307777 1.0
1033.9389521088804 236.9239075334777 -0.112456 0.192757 0.290037 1.0
922.9640787293043 226.9945971456136 0.034506 -0.226824 0.2681556 1.0
1054.1894327221064 257.69707916712525 -0.200397 -0.067 0.32365385 1.0
960.8504612791344 227.4242767720964 -999.0 -999.0 0.28302705 1.0
1137.1763036303823 297.3458781439496 -0.04855 -0.041288 0.33814627 1.0
984.4545744490417 256.4204515760843 -0.211654 0.130102 0.2743235 1.0
1135.2421729321634 294.16816012252207 -999.0 -999.0 0.33838674 1.0
1146.4595333649327 293.1709125147398 0.253363 0.468784 0.34108946 1.0
1115.260539261262 279.32301676041686 0.031491 0.172389 0.32890406 1.0
663.0103385552486 172.71398324017446 -999.0 -999.0 0.16138685 1.0
927.1280622599452 234.34529062948374 0.136258 0.254358 0.24719892 1.0
1167.6607170713805 294.16423455716557 0.188213 -0.145031 0.3435269 1.0
924.8763200662369 232.11263540441016 -0.333442 -0.327591 0.2462613 1.0
1160.465513481107 300.66875000288553 0.145538 -0.011918 0.33243144 1.0
909.9004482402706 229.46370862899525 -0.168905 0.329971 0.23702264 1.0
736.7756627454277 181.2769167085312 -0.115256 0.003075 0.18016343 1.0
1189.6214239242213 290.14386297535464 0.367662 0.277862 0.34478953 1.0
1071.9184335406119 261.210315898694 -0.047556 0.262874 0.2966247 1.0
933.8443234094628 221.19314458725367 -0.116695 0.226784 0.2453709 1.0
1017.8551532640976 260.28614335185887 0.129754 0.081638 0.27133778 1.0
1063.2494400574546 262.9990155993767 -0.046538 -0.108015 0.28876844 1.0
1089.0052259132276 236.68715298656304 -0.354917 0.226127 0.31391856 1.0
752.8668567945717 162.1977692176351 -0.314208 0.025322 0.18975672 1.0
840.394838107033 184.6569648735034 0.022011 0.028716 0.21545483 1.0
970.4389244296542 211.48222829503524 -0.12631 -0.048602 0.26190203 1.0
1197.9010598565274 259.3108616990126 -0.159001 -0.397576 0.35528567 1.0
1126.2344681165894 233.26995474674737 0.252863 -0.025447 0.32326278 1.0
1136.1853170091229 274.54074312673794 -0.686583 0.051783 0.350243 1.0
812.7815393696967 214.1143868436628 0.340416 -0.164503 0.21089193 1.0
1147.0673583967634 299.96712588899436 0.161327 0.17386 0.33768913 1.0
957.9415126277321 224.55852886276242 0.009859 0.182887 0.26243252 1.0
963.4662878968156 224.9680222917118 0.4062 0.293596 0.26401198 1.0
683.8034520368918 172.50787470986614 0.043732 -0.052155 0.1657559 1.0
988.849662025906 249.21243582370337 0.098995 -0.22893 0.2669426 1.0
842.9134622914157 218.7744152337728 -0.249702 -0.243776 0.21189012 1.0
861.8568561410871 213.72590276104745 -0.206053 0.139203 0.21848275 1.0
884.4113046637274 212.66992769544186 0.242011 -0.156702 0.22703852 1.0
936.7900728392048 222.06115112597456 -0.072089 -0.393827 0.24449906 1.0
955.7797491823634 221.45174261174608 -0.084869 -0.453594 0.26551184 1.0
1050.494384756937 243.4415650424005 -0.239837 0.305039 0.30390874 1.0
967.5654883434493 215.29712616750442 0.299813 0.218381 0.27189782 1.0
1029.4462185141772 234.86597907153393 -0.150372 -0.214733 0.2890346 1.0
1076.3860290508187 236.73213611533103 0.316574 0.065158 0.30991516 1.0
1086.8753806961456 237.24219511784221 -0.11928 -0.23118 0.3134732 1.0
754.4614442841081 162.2449651254368 -0.019524 0.009852 0.19236477 1.0
1189.4727853200454 258.3996595082472 0.271936 -0.140268 0.35512 1.0
1196.7156063670252 259.667335998301 -0.093515 0.188382 0.3496675 1.0
986.3914989556554 211.82544420844144 -0.149932 0.382762 0.26453143 1.0
1114.774903168659 238.34483483000702 0.178817 -0.103514 0.3162189 1.0
1122.4117312459882 236.3507593884755 -999.0 -999.0 0.31849045 1.0
1050.70195098563 262.36767568749207 -0.056222 -0.073335 0.34009477 1.0
939.2032355961566 231.58211853059325 0.158559 -0.081558 0.2810199 1.0
1055.7672434603803 259.22275363169985 -0.176258 -0.086624 0.32815227 1.0
996.8379574883649 232.36861883842272 0.017478 -0.197055 0.26660314 1.0
902.1689870306235 210.0563674219956 0.165166 0.418078 0.24699572 1.0
954.4935806247922 221.90809305837612 0.186055 0.206206 0.26556247 1.0
1058.8838774458352 257.7729579722231 0.701916 -0.06494 0.30031222 1.0
1109.0336286126947 265.7609337982627 0.092212 -0.114157 0.3418565 1.0
935.5984479375229 223.15867434330403 -0.192636 0.27301 0.26625133 1.0
1155.7024232231738 283.20910860950534 -0.314914 0.026259 0.3547247 1.0
1027.0465958054492 243.58337407716888 -0.38854 -0.001436 0.29680714 1.0
895.4341082545163 207.99473003446005 -999.0 -999.0 0.24582933 1.0
892.624667896666 207.29370313040855 0.256133 -0.017728 0.24521613 1.0
1107.8992854635446 271.834004470121 0.173923 0.1646 0.32638448 1.0
1044.823795133611 249.18101962993686 0.023131 -0.268464 0.2990109 1.0
1032.298694914452 240.17532761852405 0.489101 -0.121505 0.2929897 1.0
1102.1068005840896 255.8792900564622 -0.07067 0.17031 0.324246 1.0
960.5349129095493 222.30709024511634 -999.0 -999.0 0.2649129 1.0
923.76713657094 212.59963610203621 0.044377 -0.012338 0.25166312 1.0
951.4646138654263 216.73676447609154 0.037601 -0.119572 0.26332918 1.0
1102.208604911804 269.56515807743585 0.287848 0.073235 0.31734076 1.0
1106.5997474081307 268.2133284212931 -0.184635 -0.11906 0.31827027 1.0
841.3062808098093 195.82445551362812 -0.076328 -0.007545 0.21898118 1.0
1036.6930865826348 238.6878184219921 0.387458 -0.130876 0.2908931 1.0
1083.4661338922062 237.9902503261745 -0.049253 0.231464 0.31138617 1.0
1124.6687296033458 258.928230817583 -0.199222 0.147362 0.32138634 1.0
1131.6765904184356 301.82577297476814 -0.111649 0.125655 0.33563107 1.0
1150.2563086196233 306.1592518242745 0.031521 0.160067 0.33629292 1.0
998.1695826910066 263.8648639959597 0.50712 0.182589 0.26344547 1.0
1197.0028332316765 317.8779486219299 0.079043 -0.286351 0.35300484 1.0
939.8885838392763 237.9411844879322 0.005073 0.196026 0.2847432 1.0
938.2901988879217 237.40134833134297 -0.376911 -0.059052 0.28356984 1.0
1100.2926629937924 276.67791923296704 0.017238 -0.315628 0.34838983 1.0
811.2192479963743 207.30839617454836 0.474325 -0.054609 0.18851085 1.0
1142.2360588721012 293.7261841779139 -0.252087 0.14207 0.2921577 1.0
1082.410972866086 278.08357768025337 0.015857 -0.299365 0.2689362 1.0
1068.6727110480588 274.66794815312124 0.16349 -0.007473 0.2642496 1.0
1243.1008900022573 319.7715893528882 -0.335263 -0.037988 0.3467243 1.0
784.4534836781467 202.8350745762046 -0.119965 0.235539 0.18811952 1.0
1196.7233541020275 313.7737647486342 -0.085411 -0.188709 0.32817513 1.0
1011.3371013677216 265.2381258495647 -0.137676 -0.061109 0.26665163 1.0
1160.3086946181493 305.0136676524139 0.346506 0.258237 0.32411906 1.0
1191.9326228865402 311.7966293153092 0.169128 0.275025 0.3388493 1.0
1189.8926228853516 311.28193656733305 0.133507 0.27311 0.33767506 1.0
940.8681057171679 246.4416603237827 0.05869 -0.107452 0.23580277 1.0
1028.6122827656889 268.4036984006688 -0.111305 -0.43142 0.26717708 1.0
921.7117770528397 238.94800207539686 0.072945 0.105361 0.23084559 1.0
1096.9872236083702 284.4577326866817 -0.094343 0.000728 0.29019967 1.0
1028.2209219685597 268.06391184539376 -999.0 -999.0 0.2605045 1.0
1038.6246656507954 267.50285395046296 -0.073055 -0.002792 0.25871447 1.0
814.5080011990487 208.42602659345593 -0.17146 0.318889 0.18803911 1.0
903.9238344947508 230.67303330756158 -0.150869 0.143357 0.21392189 1.0
1237.1237926605768 316.9974345499367 0.946924 -0.278768 0.33196288 1.0
1246.1011905013663 311.73634896057104 0.302955 -0.033057 0.32744402 1.0
1248.8657160164885 310.2162309846841 -0.213712 0.122692 0.3288481 1.0
1106.7588423943807 283.9196771662155 0.089927 0.161435 0.2718541 1.0
1106.7729574460902 283.568191400658 -0.015746 0.073081 0.27127475 1.0
1020.1625647142217 258.08876209580063 -0.012209 -0.054145 0.24262162 1.0
1199.7042918007476 304.2584465605125 0.278333 0.076821 0.3039211 1.0
816.9016499355855 204.688492060809 -0.618314 -0.273693 0.18328165 1.0
1271.452139354248 318.79972352332965 -0.249501 -0.319858 0.33463275 1.0
1256.2650069982965 306.763474483137 0.266193 -0.054374 0.3307481 1.0
1258.1106820964806 307.49278411252396 -0.035304 -0.000207 0.33129644 1.0
1208.486612214539 305.18062260896664 -0.187345 0.109935 0.3016698 1.0
1316.1123072539801 327.39605869192087 0.071378 0.132277 0.34462583 1.0
1198.753131942985 297.14080344390436 0.176287 0.202126 0.29754606 1.0
1268.7155039121174 313.79177818266163 -0.182471 -0.098857 0.32391262 1.0
1263.4397710866374 312.2765559980051 -0.057648 0.079616 0.3215675 1.0
1172.2177455275425 285.8871308835186 -0.00865 -0.043912 0.29053757 1.0
1073.1467099062806 260.18964103309406 -0.27212 0.155216 0.25766388 1.0
1168.200490196535 282.77712114135807 -0.060041 -0.03778 0.2893137 1.0
1151.5656679368071 283.13329448080816 0.003073 0.000913 0.2776347 1.0
1342.6456829833558 325.41437246777565 0.247997 0.003801 0.3469183 1.0
1297.082991798734 311.04135892385824 0.157825 -0.037859 0.32974565 1.0
1352.2177860525603 323.01681272402527 -0.212796 -0.111609 0.35294214 1.0
1122.793510928311 264.5994299144391 -999.0 -999.0 0.26896885 1.0
878.0851425568895 205.64073750584672 0.084018 -0.127392 0.19245107 1.0
1112.544742207742 283.7787170097408 0.146722 -0.275952 0.27085292 1.0
1305.4436152904555 326.15786662777873 -0.014933 0.295516 0.3425954 1.0
1266.573984560991 311.39282378757895 0.053802 0.257385 0.3290805 1.0
1232.895888265965 300.5860855035528 -0.618616 -0.10749 0.31605715 1.0
1269.4098534816735 308.08746498432697 -0.215196 0.075288 0.33116955 1.0
1280.3202533585898 319.11494951646006 0.090607 0.005404 0.32371905 1.0
1330.780171245576 330.10422344922125 0.02275 0.133368 0.3451044 1.0
1332.9116351289015 328.078140405144 -0.008139 -0.088156 0.3466939 1.0
1327.972672883744 323.49932963191026 0.486208 0.033935 0.34599307 1.0
1161.6160452776546 277.7299687750339 0.2299 -0.317084 0.2869421 1.0
1198.0220880104625 284.62367396995336 -0.250392 -0.011313 0.2993051 1.0
1085.2926018401442 256.61099698366064 -0.276076 0.398386 0.25921443 1.0
1304.6561709562186 311.85170286127254 0.163363 0.051434 0.32991225 1.0
1363.1425386424899 321.9092065997935 -0.345752 0.112386 0.34700942 1.0
819.0106454954779 208.37612401211078 0.281889 0.122283 0.24246825 1.0
922.9245579945593 233.9399407388022 -0.277095 -0.146411 0.28454584 1.0
839.3383856982725 211.2209659124745 0.132392 -0.082832 0.24389796 1.0
998.3004073208575 252.62808550756534 -0.052923 -0.17997 0.29299113 1.0
825.0033516358425 216.20223257649837 -0.435768 0.427339 0.22056654 1.0
821.6226383027373 215.2259034759025 -0.08862 0.221243 0.21945052 1.0
1161.8899078027316 305.6291984463101 -0.370673 0.098656 0.32779485 1.0
1127.2085742628562 289.76106801592204 -0.199651 -0.022441 0.346149 1.0
882.1588857712212 223.78777273954105 -0.172914 0.294514 0.24340837 1.0
1190.3921071342356 318.2622911009615 -0.525956 0.019471 0.3516079 1.0
1191.3463113958976 316.3009335340013 -0.101421 -0.165381 0.3504487 1.0
906.8593181459828 240.09627110549783 -999.0 -999.0 0.23392256 1.0
822.7561998339862 207.60397803109942 -0.074086 -0.112406 0.23686254 1.0
968.1869684047692 251.45529379338166 -0.004479 0.210263 0.28748238 1.0
1120.1698876401254 287.00420858675255 -0.182054 0.212465 0.3488135 1.0
1085.6717522199788 301.3872885039054 -0.152719 0.085206 0.3110533 1.0
1080.1515514478813 292.0398601138402 0.463486 0.382487 0.2996253 1.0
1234.4030911107882 339.47230984366274 -0.209724 -0.172599 0.3585053 1.0
1144.9329758927345 316.6917519865956 -0.085295 -0.185403 0.3405359 1.0
1142.4840028801764 315.2627801542075 -0.009092 -0.160153 0.337936 1.0
1064.0880584182387 291.3183903023153 0.057756 0.629506 0.29660434 1.0
837.8211539055187 220.13369805843746 0.445302 -0.038789 0.23939146 1.0
1073.1109140647186 290.2465732770186 -0.158567 0.398718 0.33095244 1.0
1008.2352123831085 267.7854860839667 -999.0 -999.0 0.2506965 1.0
961.2054271175396 261.44413675859806 -0.085363 -0.208734 0.24811208 1.0
992.4394424974479 269.13175476765286 -0.238129 -0.078688 0.25200438 1.0
1116.0764016358144 300.00707580517195 -999.0 -999.0 0.2986036 1.0
1256.2154794662304 334.4497942078493 -0.04006 0.010924 0.3550442 1.0
1169.9399892341291 315.85785438306954 -0.067852 -0.006329 0.31134522 1.0
915.9461179993482 243.57230406422312 -0.139921 -0.27404 0.22211781 1.0
1281.0045969008945 337.7109959425786 0.19642 0.143679 0.3554353 1.0
1044.3546729265631 275.67478640168906 -0.01899 -0.164452 0.266677 1.0
1061.2949229154262 286.19162105013186 0.132565 0.26722 0.2642783 1.0
957.7779592407223 257.42176252337 -0.046848 -0.380394 0.2309739 1.0
1259.675982917425 338.1678628966338 -0.10162 0.467256 0.3367106 1.0
953.5083910471893 254.28201149540624 0.022673 0.103443 0.22959198 1.0
1161.8491293839677 309.49831965893077 0.014678 -0.613513 0.30205056 1.0
1244.1173388011268 331.10029819508605 0.295982 -0.064913 0.33455765 1.0
1067.420392391744 281.6676610353512 -999.0 -999.0 0.2665757 1.0
1019.2144274269082 268.1399228480573 -999.0 -999.0 0.25064424 1.0
1283.6434851650326 335.4412818344582 0.426085 -0.013549 0.34792417 1.0
1083.5958130741128 287.97551462256286 -0.05974 0.201885 0.2675352 1.0
1091.3348593349476 285.77494117135166 -0.376774 -0.075205 0.26827556 1.0
1300.6278822679806 342.07076624377453 0.215707 -0.245404 0.34930778 1.0
1101.6680085231824 287.40767020392315 0.200264 0.147859 0.2728868 1.0
1301.4937932340022 346.31634726512397 -0.058615 -0.386553 0.33790603 1.0
1219.1692673546736 322.1618782093696 0.196218 0.098437 0.30882528 1.0
1248.1728538217612 322.69915634135344 -0.036678 0.126801 0.3197308 1.0
1129.6255910503858 291.17912599635946 -0.164601 -0.23393 0.27846515 1.0
1258.3483703560626 331.55161986116514 -0.407843 -0.187405 0.31718633 1.0
1131.9694334961969 291.30805114846856 -0.190635 0.068291 0.27245548 1.0
1140.316547189281 299.3130424849767 -0.067463 0.144605 0.2660797 1.0
1244.419370171444 310.6545283263505 0.304907 0.159321 0.3049632 1.0
1285.9477352938816 331.3976035996052 -0.092942 0.095291 0.3101162 1.0
1137.8215049973346 285.5838066527214 0.343974 0.295362 0.2632366 1.0
1293.7123943885638 324.24144623189375 -0.065777 -0.303034 0.31368542 1.0
967.0759851844891 242.43837896691272 0.322383 -0.255719 0.21286689 1.0
1305.0410096201908 324.09860993903027 0.010049 -0.076721 0.31974778 1.0
1257.454803975091 311.574367150894 -0.153103 0.064003 0.3034807 1.0
1302.8774620919055 321.871106142533 0.257693 0.031269 0.31976035 1.0
1019.8733130739818 244.95848469594978 -0.058403 0.275646 0.22990933 1.0
1387.4698667184634 356.6243536227182 -0.194358 -0.310621 0.33599854 1.0
1272.3549028019083 320.40771569178435 -0.180181 0.013709 0.29972732 1.0
1140.5364898917062 284.855550818632 0.321916 -0.021238 0.2589168 1.0
1228.1587564792824 305.7789465530232 -0.148507 -0.19963 0.28536186 1.0
1320.1249222328786 324.2655783108947 0.041502 -0.096825 0.31969613 1.0
1318.8378399076798 323.6558663622781 0.100466 0.131283 0.31890696 1.0
1341.1393624507368 338.93058451682305 -0.011521 -0.180597 0.31569126 1.0
1009.4133304238295 252.84197567082398 0.330808 -0.069354 0.21374038 1.0
1187.2942958448455 296.4803533772579 0.180552 -0.125035 0.26583716 1.0
1103.425120103752 269.9077546458506 -0.005293 0.086446 0.24086063 1.0
1303.9072624676273 314.44375710346736 0.348958 -0.033406 0.30633226 1.0
1056.3251545664973 246.88778306352847 -0.132291 0.308617 0.23226301 1.0
946.6870980693219 244.87536250036354 0.083424 -0.187037 0.21639253 1.0
1354.947618382621 348.7827168854355 -0.117944 -0.084495 0.3576544 1.0
1025.350087680054 262.6094067766116 -0.000571 0.08761 0.24247941 1.0
1268.815807368384 324.5885617065757 -0.359886 0.546001 0.32606596 1.0
1115.2245914960324 284.57075239124174 -999.0 -999.0 0.27002007 1.0
1088.4848679119543 284.9577859522719 0.265072 0.426908 0.2533509 1.0
1261.1265227439792 325.0873639019611 0.071218 0.016853 0.3119633 1.0
1157.4509148022012 295.4460136223507 -0.050788 -0.12471 0.27673432 1.0
1136.221317310652 290.3939129312825 -0.060566 -0.036667 0.2708264 1.0
1139.4651300598653 290.9487589777985 0.018535 0.382645 0.2714862 1.0
928.7865859594864 233.85182510850237 -0.065469 -0.137832 0.20783913 1.0
1356.4082508679899 342.22394108653094 0.132258 0.58755 0.3524923 1.0
1335.55116443966 345.6419338442146 0.047774 0.064153 0.3328789 1.0
1245.9916263757893 309.67419375485656 -0.060564 0.110708 0.3030802 1.0
1278.9414062229212 313.80197540516787 0.349093 -0.14132 0.3189386 1.0
1375.0138906103145 356.19754260721163 0.008607 -0.123297 0.33735955 1.0
1167.1593031783225 300.5302300477903 0.420607 -0.47707 0.2646923 1.0
1319.2858744418995 333.9389348106714 0.034349 -0.134596 0.31841993 1.0
1246.0331628579934 315.64177646087796 -0.00685 -0.013974 0.29464987 1.0
1149.0026011298633 288.635192438881 0.013912 -0.034605 0.26382044 1.0
1385.8136143940142 343.2764530851372 -0.041426 -0.092759 0.3448201 1.0
1336.000911591785 343.20421021109064 0.015038 -0.010402 0.312541 1.0
1392.1178269543348 357.02896842766745 -0.048719 0.051483 0.33451542 1.0
1277.2915476795376 320.3612952855327 -0.126278 0.104399 0.29623866 1.0
1246.7382524056766 313.27923765500185 -999.0 -999.0 0.28847685 1.0
1264.7232238884708 314.89513734045585 -0.050644 0.056603 0.29401165 1.0
1329.086902343888 327.9107678067948 0.077193 0.221096 0.31791034 1.0
1311.8311000371252 322.25123024099804 -0.569089 -0.030829 0.31183317 1.0
1283.6376210681349 310.93610296732356 -0.229642 0.051154 0.30559084 1.0
1298.5521064095071 312.3350519095651 0.349215 -0.025343 0.3086912 1.0
1378.1172273420511 336.42596822538803 -0.356929 0.231722 0.3289902 1.0
1390.5712310596257 324.88243614346237 0.213884 -0.474957 0.34136558 1.0
1103.1762250161744 293.5421760695393 -0.142148 -0.114726 0.34133413 1.0
1109.9374645091873 286.33952545012943 -0.606825 -0.027214 0.34259403 1.0
809.1002834242763 217.03398650470007 -0.025558 0.04716 0.22002584 1.0
1055.1406751124346 290.726643375069 -0.08597 0.22166 0.31207067 1.0
1177.4217576647645 324.16878427602217 0.25606 0.295213 0.35710162 1.0
1159.3407548659895 316.42903180770725 0.102087 0.024622 0.3344437 1.0
970.8100968320974 262.80423401807326 0.304216 -0.182842 0.25858355 1.0
983.3654157002773 265.833468803513 0.150907 0.519609 0.2630169 1.0
981.9940930085024 264.86559591967676 0.215516 0.050402 0.2613607 1.0
835.8036455816457 224.20653344490742 -0.190229 -0.634228 0.21139765 1.0
1101.1608774410386 302.5794564453319 -0.130431 0.358566 0.33741912 1.0
1126.7799847380168 303.97748747971997 0.100909 0.144191 0.34765866 1.0
818.1297264094662 217.3402449873294 0.063734 -0.051115 0.22120506 1.0
1142.0155584221563 315.1832472720801 0.039536 -0.212775 0.33776975 1.0
1188.5338920506574 326.1030851044385 0.117574 0.295232 0.35841048 1.0
1188.8469719385444 321.6307838099365 -0.415579 -0.123611 0.35811278 1.0
1116.7305428710742 300.32144060691394 -999.0 -999.0 0.32815805 1.0
993.5771442411483 273.4521116859633 -0.312023 0.151318 0.26432472 1.0
1005.6133506240286 275.61096443629634 0.033249 -0.632747 0.26805815 1.0
976.7829691578837 266.8931036192429 -0.307589 0.247785 0.25765058 1.0
994.2247491195075 268.13461036539707 -0.0761 -0.091178 0.26298285 1.0
907.0782861386166 243.81409216644272 0.25261 -0.002912 0.23318695 1.0
933.0175515527644 250.25506296685572 0.211832 -0.151493 0.24165781 1.0
813.019760290275 207.5299528548366 0.030014 -0.227889 0.23351346 1.0
1088.4610154895904 287.9713361816839 0.186618 -0.010637 0.34669104 1.0
