X Y e1 e2 Z WEIGHT_SEEING
-451.1188001939791 6.570123188033362 0.389829 -0.615377 0.2864382 1.0
-489.90237229212676 6.640862517652221 0.048363 -0.279567 0.3269635 1.0
-509.93190062492266 14.121204601429925 -0.408268 -0.222786 0.34735152 1.0
-491.678724416224 14.289906749254662 -0.707041 -0.153809 0.33037305 1.0
-445.1412416568394 11.840204039518925 0.21465 -0.187675 0.28728026 1.0
-475.0215583183049 16.384319712149136 -0.052803 -0.011878 0.30863565 1.0
-440.1879065197951 -2.4962845831137885 -0.235473 0.224958 0.27458635 1.0
-420.3752566402766 12.8413088838619 0.100982 -0.083522 0.2574671 1.0
-316.5403055239919 10.045039757143353 -0.178628 0.316394 0.18224293 1.0
-483.6717334222953 -24.860495916782252 -0.053931 0.336601 0.31028044 1.0
-425.67451628387323 -20.79593519943308 -0.393758 0.493647 0.26512372 1.0
-503.3848418838029 -33.793651195031984 0.052252 0.274241 0.33563256 1.0
-525.1517313913442 -32.15942182921809 -0.083453 -0.064938 0.34574944 1.0
-481.42594066555614 -20.47632237420727 0.1682 -0.117585 0.31257403 1.0
-484.14550092986536 -52.583973234079295 0.208758 -0.191119 0.3363621 1.0
-412.1851555215568 -31.796076232686115 0.440613 -0.439236 0.25307432 1.0
-359.4623027888933 -1.607650548135651 0.078555 0.07808 0.2065485 1.0
-336.8289955690157 5.370718026734236 0.687907 0.292374 0.19520003 1.0
-418.6003705111528 6.510694983362537 0.145535 0.116667 0.26115242 1.0
-454.37908353472795 8.28791148798254 -0.08283 0.034363 0.294139 1.0
-323.6881967047599 5.060006726098489 -0.209233 -0.249624 0.188568 1.0
-498.7049712399802 9.170619640400156 -0.048228 0.041427 0.34191093 1.0
-398.0661126702068 8.104388129821983 -0.157912 0.421224 0.24899217 1.0
-489.494734437693 9.850292185790861 -0.17273 0.151469 0.32009596 1.0
-498.2592295677395 15.605484789091234 -0.268355 0.037929 0.3423917 1.0
-473.9529775616529 17.660207107777367 -0.077204 0.350699 0.30772403 1.0
-473.0986303765114 18.310161103383813 -0.014775 0.344772 0.30751866 1.0
-405.32404139782454 16.138499718909685 0.140438 -0.247478 0.2521285 1.0
-481.97029758660835 8.52064734970753 0.154625 0.024906 0.32877553 1.0
-345.50305504673946 4.942514086212517 -0.327702 -0.02235 0.19895777 1.0
-320.60506648875827 6.267414809376733 -0.050705 -0.004846 0.18278317 1.0
-451.08156772838265 9.894494085345103 -0.034657 0.004017 0.29502866 1.0
-499.4105805257254 12.275092726929904 0.054147 -0.172885 0.34302503 1.0
-318.5806925947432 8.316980569817915 0.189828 -0.215682 0.18682322 1.0
-512.163830709553 14.794582794491797 0.09342 -0.090886 0.34222415 1.0
-513.389175014648 15.948879569158324 -0.047878 -0.031353 0.34610528 1.0
-512.7648146001095 15.898583744317344 0.027552 -0.004341 0.34670314 1.0
-512.2801217008665 16.69212655459197 -0.31431 0.30582 0.34650293 1.0
-509.8869785190098 19.65667271348072 0.24304 0.005625 0.34078208 1.0
-331.5025093792682 13.595876424823382 -0.074058 0.277614 0.18981192 1.0
-348.80186851926567 14.906137684505408 -0.234721 -0.077261 0.20300756 1.0
-508.66012072554867 21.896161782968214 0.057079 -0.077036 0.34047115 1.0
-402.9331952339834 17.256519352316744 0.104988 -0.202293 0.24831861 1.0
-488.75554102080304 -24.871864423856696 0.013672 -0.016736 0.31467816 1.0
-428.0544161259201 -20.051849279512393 0.089639 -0.252888 0.26651868 1.0
-378.5830214142113 -15.111566512532068 -0.200326 -0.099808 0.2210503 1.0
-373.5043281576244 -14.04756765563719 0.054224 -0.029443 0.220908 1.0
-393.3515338647497 -15.088427393211266 0.176038 -0.140002 0.23795891 1.0
-462.59578898506476 -11.937224175202378 -0.093353 0.039808 0.29622045 1.0
-482.1277474696374 -26.811178448946613 0.282778 0.119052 0.31442657 1.0
-345.732766787713 -15.669730124969739 0.239598 0.079451 0.20131959 1.0
-318.81520510311196 -13.040857296982795 -0.149636 0.09824 0.18412574 1.0
-482.4903458945533 -15.854181672124382 -0.279367 0.051312 0.3159713 1.0
-385.5610154258666 -10.76520399799531 0.073344 0.259549 0.23319001 1.0
-323.3285345427238 -3.4782963288800945 0.187238 -0.177754 0.1801802 1.0
-354.78210763405093 -4.2373024498923675 -0.058448 -0.165089 0.20611572 1.0
-350.83417753931906 -4.139225476851122 -0.21516 -0.134668 0.20323086 1.0
-344.4292319518444 -3.506474636893452 0.293031 0.047972 0.19956923 1.0
-344.0258143280473 -1.6700881293150298 -0.347321 -0.113116 0.19932118 1.0
-487.50351946836685 -56.524955200205866 -0.103577 0.538822 0.33896688 1.0
-406.565088134831 -38.635081582562414 0.181566 0.113503 0.25287464 1.0
-407.16406250574215 -38.5768485336647 -0.151889 -0.041016 0.25344223 1.0
-476.78987392899694 -44.47633589077093 0.405167 -0.023123 0.31868935 1.0
-341.289766484142 -28.81568180411435 -0.085834 0.353429 0.19824952 1.0
-318.22431509402304 -20.292041330166953 0.148091 0.367583 0.18103153 1.0
-490.8563393641409 -39.22651304004548 0.137025 -0.561559 0.33056542 1.0
-485.19136861290855 24.130998054952244 -0.010938 -0.004841 0.32789627 1.0
-487.0688535736668 29.762549479261992 -0.254622 0.121526 0.32095093 1.0
-497.8897920144586 2.3742418628008592 0.223505 -0.018927 0.3353376 1.0
-511.0036483786271 -5.789497225048235 0.341089 0.11486 0.34635946 1.0
-499.0767648216335 -3.9847736343739943 0.202683 0.042245 0.33592513 1.0
-482.32374850446837 22.964357182093785 0.246713 0.529639 0.3262623 1.0
-500.56611492944876 16.77032714665887 -0.448614 0.248362 0.34852785 1.0
-443.3406078623877 1.8618612750752412 -0.052407 -0.046109 0.2923477 1.0
-501.051651819746 21.107242160883345 -0.40656 -0.068903 0.3530058 1.0
-501.1552984683789 22.91536553883361 0.279822 -0.658747 0.34053645 1.0
-498.1508703791456 -1.933006887125514 0.036685 -0.109163 0.3428606 1.0
-481.00392087816095 -59.08743173267823 -0.108318 -0.206237 0.33836827 1.0
-502.6172591491242 26.18496963850747 -0.11074 0.032089 0.34121028 1.0
-484.28372443170804 2.618003371263996 0.175535 -0.436184 0.3281941 1.0
-495.32642536632636 4.62134855069207 0.102005 -0.031376 0.34054124 1.0
-488.80558191559123 22.743182996717227 0.256926 -0.078112 0.3209747 1.0
-483.3677196606881 22.333258074968104 0.724956 -0.31629 0.31641275 1.0
-470.96467494817205 22.444445879642316 -0.075851 0.127562 0.30755955 1.0
-502.5407315479084 26.21675223025493 -0.017773 0.126155 0.34188515 1.0
-481.0176681831167 2.6770371464330065 -0.320452 -0.279331 0.3283586 1.0
-393.25026770177953 7.123668041840578 -0.107447 0.19431 0.24849343 1.0
-461.939259995274 13.39575077957233 -0.206644 -0.170028 0.31593576 1.0
-468.6000905220964 26.38588045734704 0.282957 0.101089 0.3061365 1.0
-387.4673747455852 -21.756675103423017 0.155821 -0.188703 0.23521814 1.0
-317.9191612506161 -14.960089299303469 0.198211 -0.345696 0.18277305 1.0
-322.66874089798716 -14.870284660752732 -0.431926 0.107671 0.18886927 1.0
-499.99458528946377 -11.739189986412024 0.159057 0.518581 0.33601713 1.0
-395.5845261715086 -2.935110512784168 0.313557 0.329083 0.24453485 1.0
-421.9290295717421 -28.08067793410443 -0.065694 -0.098086 0.26596352 1.0
-344.2547233568452 -17.88463246566222 -0.086549 -0.011053 0.20092621 1.0
-494.82094395538235 -19.076535169604032 0.081116 0.340525 0.33753663 1.0
-496.2877256077629 -14.918962218892881 0.019214 0.179644 0.33660108 1.0
-501.0023898791273 -8.69972724316701 0.035416 0.08931 0.33600923 1.0
-512.5051795043647 -0.8808516953706795 0.148695 0.085469 0.3570487 1.0
-465.9838841692975 -35.64196961095157 -0.012421 0.350861 0.30556363 1.0
-339.6242714730284 -38.41926198893471 -0.28822 0.163882 0.21030958 1.0
-381.5241321904924 -35.58075177750782 -0.130471 -0.191341 0.23648937 1.0
-486.88019626291964 -38.806504288252405 -0.132485 -0.099956 0.32676727 1.0
-481.4743741143227 -38.29112938915883 0.564941 0.072066 0.32414517 1.0
-516.9712457586766 -37.28554624043704 0.167732 0.302296 0.35521558 1.0
-386.9417537442033 -21.841779729466065 0.109121 0.604223 0.23625816 1.0
-390.2275604411433 -61.58451189707745 -0.005033 -0.134123 0.26178068 1.0
-313.11884110350707 -41.95944343390382 0.060498 -0.170844 0.19237459 1.0
-372.60242592705504 -49.1211547064015 -0.313478 -0.016608 0.24171218 1.0
-459.1560034840223 -58.20939460933681 -0.311697 -0.504893 0.3151659 1.0
-444.89554681888285 -54.23045641951978 0.154711 -0.280444 0.30485758 1.0
-449.1195891963188 32.47788207669903 -0.193589 -0.388332 0.3030438 1.0
-483.3899187160455 27.405469149220846 -0.227653 -0.098617 0.3279468 1.0
-439.0042844605978 22.60106665980548 0.241214 -0.140095 0.3002821 1.0
-440.43622874940297 21.893611229631638 -0.078951 -0.490966 0.30345628 1.0
-395.88806737050015 14.19085409184621 0.488497 -0.132995 0.30141354 1.0
-447.61327665007366 29.10369067026265 -0.1299 0.209024 0.29688278 1.0
-452.7242836836312 22.092105128310692 -0.060076 -0.129571 0.35079658 1.0
-467.13087801122606 13.692129756845675 -0.000523 -0.70174 0.32504672 1.0
-421.3338239112784 17.679431218726716 -0.230232 -0.266369 0.29799485 1.0
-460.68994055272873 22.37388343624593 0.152855 0.3132 0.35477275 1.0
-475.33227819126375 25.40821013246835 0.655339 0.117244 0.3509811 1.0
-408.8054624891309 21.647525248748543 0.335527 -0.185132 0.28756952 1.0
-394.8278357030166 23.490922368268116 -0.57007 -0.180388 0.28187868 1.0
-353.42660770517483 22.731377839404832 -0.016047 0.157987 0.24329653 1.0
-490.64343538161853 24.292151373022254 -0.294039 -0.517148 0.34628597 1.0
-477.21681322023585 30.193585539199326 -0.304772 0.159289 0.35344294 1.0
-455.3364139615278 30.789888091818064 0.185439 0.501845 0.31379208 1.0
-453.040148446321 14.789747797230948 0.013042 0.099521 0.35646707 1.0
-420.5451014894775 32.96106552197297 -0.13862 -0.081695 0.31946236 1.0
-400.51145721972114 -2.0303410969654045 0.026181 0.526209 0.28764144 1.0
-424.02521036130224 0.9280111140937107 0.058603 -0.236844 0.32414308 1.0
-383.26545458997896 -0.18947502804023583 0.563078 -0.05994 0.2816623 1.0
-347.2157787066396 1.254477692419166 0.365666 -0.157934 0.25559905 1.0
-420.78382291533995 -2.617102232677904 -0.08944 0.056611 0.2906627 1.0
-413.8938221916066 6.131693016951684 -0.333267 0.097977 0.32134065 1.0
-415.3966506562047 9.077067204742889 0.113935 0.044974 0.33823836 1.0
-434.8025059121286 7.110512668501271 -0.126491 0.099534 0.32364142 1.0
-305.58872694592634 11.382968682855372 -0.207576 -0.073975 0.2179837 1.0
-376.4856668276443 15.124608046468968 0.219603 0.554183 0.29680312 1.0
-354.80885278690096 -13.695309241906523 -0.090542 -0.007523 0.24780244 1.0
-385.71207551772864 -14.290320418352328 -0.27488 0.059624 0.2811824 1.0
-491.432805241759 -22.701487320273355 0.194074 0.699778 0.33730716 1.0
-412.16115169092706 -11.91970629890836 -0.21013 -0.189465 0.29856658 1.0
-415.9015631432078 -6.933745173510513 0.014366 0.107295 0.31787544 1.0
-423.1776744884441 3.039378831215173 -0.037106 0.164241 0.3248287 1.0
-477.85109659498 -3.4845225509733577 -0.081947 0.093734 0.33574632 1.0
-389.9805220219318 1.3907747350589206 0.001683 0.09045 0.2604223 1.0
-471.87977489114655 6.800618239640082 0.014845 -0.491527 0.34563297 1.0
-450.4507052424801 -46.50335068919136 -0.064106 -0.374472 0.30736962 1.0
-384.1911337146416 -34.48025913198574 0.205428 0.149766 0.28545222 1.0
-344.19808498005455 -23.525357262943444 0.187705 -0.070566 0.29902542 1.0
-447.2553027870052 -38.5855651601499 0.042882 -0.30977 0.31847894 1.0
-415.1150624731291 -29.65242435959335 -0.205119 0.750296 0.3327753 1.0
-470.4161388357816 -38.044815595107565 0.417509 0.191928 0.32052827 1.0
-363.4892147179499 -26.281620091551307 0.196322 0.111738 0.24672261 1.0
-402.83529516331606 -23.419742679866367 0.343633 -0.438398 0.30805784 1.0
-332.1768059317932 -18.81156345654779 0.188194 -0.591159 0.24222584 1.0
-332.2023343358945 -14.836668836060058 0.176764 0.028663 0.26468572 1.0
-406.50706744878227 -18.11836555462432 -0.317461 0.066713 0.3599874 1.0
-325.140156581071 -14.991694395610692 -0.131447 -0.201679 0.2640809 1.0
-296.16429035867327 -12.644779542615499 0.14177 -0.250455 0.23233971 1.0
-505.94000618303056 -37.386799023626516 0.351864 -0.040847 0.35862783 1.0
-382.5649181262511 -11.078988076175422 0.272052 0.353684 0.33366975 1.0
-336.04318778338916 -8.189828596787827 -0.100364 -0.103765 0.26031265 1.0
-274.8324687073831 -23.148145223573437 0.192981 0.0821 0.19788474 1.0
-419.6210510126949 -36.78887610636646 0.160334 0.119552 0.3595746 1.0
-341.7169702443896 -26.873637928741662 0.478639 0.118615 0.29901594 1.0
-465.82787966234406 -43.37255340365948 0.194246 0.080997 0.34154814 1.0
-401.1574015614685 -31.56494001954828 0.058199 0.020423 0.3063676 1.0
-390.86159629576986 -25.746047750698615 0.012341 -0.14482 0.33924368 1.0
-382.31303900347757 -23.267548486159193 0.168437 0.438923 0.3565501 1.0
-365.3740905572003 -19.31830761702274 0.068995 -0.186239 0.29860988 1.0
-488.8104412510259 -37.80433897266649 -0.187546 0.435751 0.33939385 1.0
-501.98286065099717 -37.36818368516943 0.326603 0.142213 0.35629693 1.0
-429.33057824287516 -29.71627321703916 -0.518695 -0.328481 0.30062607 1.0
-363.88575049849305 -23.14035846435029 -0.097779 0.018964 0.24885616 1.0
-417.1681897119054 -23.761197104053796 -0.003244 -0.061065 0.32626796 1.0
-393.0364319447711 -16.03367491560041 -0.326416 0.0792 0.34770733 1.0
-324.9307761554317 -21.84314982679663 -0.251544 -0.080044 0.19544931 1.0
-403.6959683686429 -14.91526533842487 -0.134207 -0.198893 0.31429175 1.0
-407.1962336391391 -10.550423519070346 -0.040906 -0.503894 0.35896757 1.0
-502.6554835430754 -28.324282353864863 0.566336 0.21989 0.35118335 1.0
-422.9213392439746 -16.56927637211484 0.067234 -0.291949 0.29835737 1.0
-395.6710931109909 -7.473957910425244 -0.213716 -0.045325 0.31771806 1.0
-405.74174116616155 -0.9493350270738959 -0.039676 0.18302 0.3367956 1.0
-347.52376855898365 6.289472738059449 0.369812 -0.090388 0.25802472 1.0
-350.93213162336 9.13900995646056 0.240815 0.505873 0.2589493 1.0
-450.87545308457004 -66.39958806180114 -0.367551 0.123984 0.3411183 1.0
-341.77087799662917 -47.737868910871036 -0.242514 -0.148209 0.26297587 1.0
-323.76314946385844 -43.88676990088143 -0.434957 -0.014019 0.25384617 1.0
-428.031599638643 -54.70272665990041 0.027483 -0.000987 0.3388219 1.0
-423.75124997413064 -55.24976856600136 0.432432 0.205649 0.33908764 1.0
-405.8967492259185 -50.780956973635675 0.169722 -0.010067 0.32705906 1.0
-484.60105629739564 -61.98032662352018 -0.086864 0.174227 0.35782504 1.0
-391.1450990949242 -53.22161629063648 -0.07791 -0.017716 0.34781787 1.0
-389.33677727927244 -35.856603754489385 -0.070655 0.172916 0.34923586 1.0
-386.9512748833475 -35.48598263275836 -0.048747 -0.229304 0.34942257 1.0
-400.1457440511967 -53.98830349878128 0.083619 -0.093457 0.33716196 1.0
-338.80477425732454 -43.98700058400371 0.319511 -0.141969 0.26483846 1.0
-331.2160344141624 -43.436713639254286 0.094008 0.180979 0.27213442 1.0
-299.7796138642925 -33.958441774876796 0.300879 0.107217 0.23946668 1.0
-346.5049905817202 -38.54573780301285 -0.33163 0.177172 0.2983458 1.0
-380.80745689517255 -38.3281606873579 -0.188833 0.368078 0.3254061 1.0
-347.12027971790747 -33.75161071620505 0.38378 -0.057636 0.29839325 1.0
-382.94583091943866 -37.56302816995704 0.490203 0.73064 0.35472402 1.0
-297.73679335001094 -29.444367042916994 -0.401151 0.302578 0.24912669 1.0
-493.172810563176 32.02836796572016 0.336769 -0.048214 0.3356347 1.0
-317.79077293535113 13.356382994871844 0.001813 0.049984 0.19768101 1.0
-323.50140061147806 13.423063734967732 0.120625 -0.047195 0.20297998 1.0
-497.35405272576287 30.051651744322665 -0.203049 0.018493 0.33834738 1.0
-484.24322907833727 27.406634010587208 -0.21925 0.051563 0.32874957 1.0
-484.54631029431846 27.190061427719712 0.541824 -0.242114 0.32960996 1.0
-484.75078808793387 27.89020397366662 0.123616 -0.259753 0.3321064 1.0
-438.0478079399006 25.21182690470398 -0.051858 0.355343 0.28983754 1.0
-369.1349558197303 19.780822363393412 -0.14269 -0.05048 0.23138542 1.0
-322.8310254477087 11.978008710043285 0.278431 0.162125 0.22727354 1.0
-471.2348636079517 31.80518416202735 0.215897 0.27452 0.30861107 1.0
-372.0178950316395 25.320024348778126 0.094824 -0.062868 0.2289271 1.0
-341.15909369533426 22.834776121243898 -0.00066 0.212544 0.20625299 1.0
-364.04766126987454 23.67802348021597 -0.118334 0.177078 0.23161192 1.0
-402.7166058980647 22.804827971942736 0.072668 0.029737 0.28384212 1.0
-364.3287798544204 19.977354827707227 0.374516 0.000277 0.25190556 1.0
-284.71250189025807 13.936849016692928 -0.255197 -0.008025 0.19037214 1.0
-445.9803825316969 20.91989711543172 -0.141938 0.381015 0.35143706 1.0
-281.677039098001 14.003057585767097 0.103279 0.066866 0.18835945 1.0
-445.41530727814376 21.21693786347147 -0.123296 -0.144305 0.35250732 1.0
-443.8036414441549 22.44689080821598 -0.331557 -0.09828 0.3511997 1.0
-278.10239304779844 20.064846827608676 -0.201037 -0.179843 0.16677487 1.0
-413.0753936204438 28.790528672984994 -0.134319 0.064415 0.28108722 1.0
-398.29856588402737 30.42511624459884 0.126074 0.021457 0.2856553 1.0
-414.102156380558 30.78477908498444 -0.007828 0.026112 0.30410233 1.0
-391.9880262883753 29.198548418662504 -0.34674 0.15361 0.28468782 1.0
-391.6305243985608 29.629536023018904 0.269733 0.088151 0.28521794 1.0
-415.14595308672057 29.262979946500145 -0.167906 -0.178318 0.31615195 1.0
-421.5026308969282 35.32739945388554 -0.235037 -0.132164 0.31865993 1.0
-508.4173848311632 33.930861946878025 0.294323 -0.411704 0.34283468 1.0
-395.9853274551168 26.12173503407718 -0.165069 -0.149748 0.24524291 1.0
-441.93875051501794 29.969818911669105 0.042321 0.001875 0.34341446 1.0
-333.71904749836426 24.54729245670427 0.165891 -0.024677 0.23808892 1.0
-321.527473076457 18.16298210322358 -0.303491 -0.00331 0.19670619 1.0
-358.1575482092426 26.683036866241217 0.380558 0.020748 0.24228393 1.0
-392.1099725763755 30.947243283441185 -0.242903 0.202461 0.28546175 1.0
-455.5161437563846 30.484560145395474 -0.069974 -0.145152 0.31355458 1.0
-449.5101582676489 30.652534431989373 0.180174 -0.293802 0.30960205 1.0
-437.602169631039 2.784926663448932 -0.095092 0.095712 0.2922389 1.0
-464.8126565213443 8.08748036479081 0.045079 0.024254 0.3309581 1.0
-386.2550187175502 7.876704122311601 0.146763 -0.052158 0.259511 1.0
-285.1916536439646 7.40529740563786 -0.228847 0.064028 0.17286831 1.0
-282.09487017593756 17.002873636182425 0.131938 -0.177838 0.18456794 1.0
-387.3613358399585 23.43832260707477 0.104596 -0.002203 0.28071827 1.0
-436.38680504698453 26.921757416174593 -0.098631 -0.117603 0.3389764 1.0
-437.3181692204254 21.20982955582878 -0.177183 -0.126967 0.30130836 1.0
-478.23235367815295 27.085627165251566 -0.043306 0.09559 0.3475821 1.0
-369.6836366437715 22.821527562056023 0.046555 -0.114273 0.2486508 1.0
-442.97488786421906 33.624991996574515 -0.011191 0.253589 0.34362367 1.0
-346.60103546938325 27.936616026487485 0.177766 -0.146764 0.23346746 1.0
-294.5007204863055 -12.049183151637848 -0.043866 -0.160778 0.1814944 1.0
-373.2750910855758 -14.83705407424331 0.086216 -0.054318 0.24776039 1.0
-327.050106976789 -7.854679709742221 -0.006045 -0.214367 0.22701748 1.0
-382.8216466909984 -8.162389465600617 -0.095721 0.165788 0.28729048 1.0
-404.05564855282717 -5.9731420693905255 0.163964 -0.289823 0.3237169 1.0
-253.24356526607536 -1.6349398837762406 0.123133 -0.088369 0.18495522 1.0
-350.2189923204637 -1.666492315521219 -0.190017 -0.219157 0.2887535 1.0
-349.898159487689 -1.6584090264046636 -0.281988 0.013664 0.28851822 1.0
-470.50356743617226 -20.541253797280334 -0.129707 -0.300729 0.31583175 1.0
-490.7514920858653 -15.61627536489979 0.307607 0.146303 0.3543529 1.0
-378.7445745992787 -0.277017473877581 -0.111421 -0.134011 0.30476236 1.0
-335.89020665785273 0.6174116543948213 -0.109568 0.393847 0.2582104 1.0
-418.93048284173886 1.8670589146723355 0.027005 -0.117282 0.35754722 1.0
-389.20247401106343 -7.962588502265663 -0.248183 -0.024972 0.25249985 1.0
-351.08245337061874 -2.87786589519206 -0.047242 0.133597 0.2368654 1.0
-350.4471571040471 -2.283988034599148 -0.383114 0.109821 0.23703666 1.0
-401.39639040258277 -1.7692171378676265 -0.040962 -0.059764 0.28900123 1.0
-336.11551727163277 1.811114340659209 -0.068756 0.214032 0.24666321 1.0
-336.5719512606506 1.7027868881454573 0.126748 0.488986 0.24699582 1.0
-297.9780823583763 4.053733014535952 0.113913 0.102682 0.21307924 1.0
-385.5125469252239 4.778098172059009 0.092397 -0.293421 0.3027112 1.0
-399.41798186051903 6.216873408405105 -0.423735 -0.227552 0.3226442 1.0
-252.3687882701648 3.207194037567735 -0.155468 -0.185645 0.17611422 1.0
-397.2505285784448 5.763495833030412 0.110717 -0.086488 0.32648075 1.0
-399.6368608426883 5.193187593355687 -0.065241 0.239598 0.3270854 1.0
-396.90904892300694 6.050299041643136 0.07158 0.032299 0.32593778 1.0
-316.6331812923808 5.243058315722372 0.010464 0.114791 0.23980069 1.0
-498.02167942365423 -7.230848137466901 0.150605 -0.016875 0.34927174 1.0
-361.8604688573075 4.191943732556653 -0.421078 -0.204959 0.25797805 1.0
-395.51449120763675 8.828680887505735 -0.454207 0.077183 0.31634423 1.0
-400.4977076297594 10.670602697050677 0.242715 -0.25483 0.33095697 1.0
-399.7339814643658 11.999122058630652 -0.230501 0.098402 0.3298028 1.0
-489.34805170603266 -0.022104686979689477 -0.024762 -0.010378 0.34895962 1.0
-467.51076484695886 0.2007395373111325 -0.402695 -0.013798 0.32818463 1.0
-358.6684821890114 2.1296252196508827 0.015544 0.109397 0.22991097 1.0
-380.881012216601 4.912161467249188 0.01438 -0.059427 0.259642 1.0
-458.30698371539086 6.286800228125334 -0.256198 -0.330968 0.34484458 1.0
-434.0226163533938 6.9605385620394085 -0.188586 -0.034425 0.3230785 1.0
-373.7902111367672 10.988469991114158 0.23777 0.04877 0.27537778 1.0
-297.7451768946059 11.984497068160971 -0.200898 -0.146586 0.21523109 1.0
-341.48772583440467 14.369295999922722 -0.20568 0.123316 0.26021492 1.0
-498.75585074040333 -29.959177740989922 -0.212644 0.139515 0.3486188 1.0
-401.7657260086818 -21.593263646066024 -0.080761 -0.267491 0.26712033 1.0
-328.8442966302426 -16.556798695144792 0.26737 0.10917 0.19569694 1.0
-468.7458441528869 -22.987853055231444 0.171006 0.101868 0.31965736 1.0
-492.07394889958147 -20.685429270828585 0.108735 -0.4264 0.34911546 1.0
-356.44407164399445 -13.474049230411609 -0.165977 -0.046599 0.22897954 1.0
-352.67024307973276 -9.507250025326591 -0.166596 0.069396 0.2398513 1.0
-315.1849098533032 -7.907397560382883 0.389613 0.079005 0.2093406 1.0
-361.5155799653423 -6.217018823557169 0.033679 0.055207 0.25987804 1.0
-311.88634386428663 -4.230273110152877 -0.090255 -0.035802 0.21991915 1.0
-354.37336501409015 -10.343879024377012 0.14178 -0.024066 0.2254058 1.0
-430.2032868784002 -4.314581748264466 -0.203814 0.151765 0.32431135 1.0
-282.3286581581299 -2.8790744541397317 0.07483 -0.095348 0.18606563 1.0
-305.1802980260564 -1.0417282074078271 -0.567104 -0.108714 0.20969114 1.0
-496.35897270742015 -10.712054033642657 0.019611 0.056071 0.34695092 1.0
-499.9700961967043 -9.906231182457493 0.1578 -0.043858 0.35183558 1.0
-469.6420533470706 -1.697437913005377 0.097211 0.013147 0.35825336 1.0
-362.75170479093646 2.173081047335492 -0.042699 -0.330854 0.2579303 1.0
-361.15831565714933 2.0349655542633545 -0.271655 -0.051693 0.25619775 1.0
-315.1201784275089 -3.569730066262838 -0.318485 0.132827 0.1860093 1.0
-441.0874665387219 4.547492020404333 0.011486 0.153555 0.3230522 1.0
-443.2233543761037 4.592055597910812 0.199397 0.127554 0.32603315 1.0
-454.03881494995954 6.127596476894949 0.007133 0.246308 0.3448947 1.0
-360.82948604796803 -40.57909167248717 0.207054 0.04134 0.23486498 1.0
-441.24579374847076 -49.39791122360028 -0.00444 0.092417 0.3114336 1.0
-462.1383559058435 -50.68431515834026 -0.342165 -0.261934 0.3394431 1.0
-445.66022019477896 -50.06608282870657 -0.050591 -0.190703 0.32557315 1.0
-390.1190519119101 -34.09305446383235 0.088806 -0.042709 0.3424449 1.0
-395.0986626877865 -34.648583798179054 -0.051607 -0.297004 0.35660788 1.0
-395.0962534871285 -34.39168285947961 0.130579 0.019623 0.35722998 1.0
-305.2125853167659 -25.467808890980983 0.25465 0.064388 0.25219458 1.0
-366.32270987417013 -31.2817454604358 0.070023 -0.220245 0.3322268 1.0
-449.1801303085128 -45.873893025686364 0.065715 0.020272 0.3070856 1.0
-301.1349867039614 -28.80787480694509 -0.140879 0.101415 0.19239937 1.0
-330.82090903009856 -31.199660966171756 0.237606 0.166271 0.22547619 1.0
-411.86482832595107 -34.68544682547135 0.028357 -0.069882 0.32029048 1.0
-302.39135711063284 -22.39927119351701 -0.45423 0.249967 0.23424889 1.0
-389.01167698298076 -27.297494685843635 0.060073 -0.311675 0.3416601 1.0
-373.6412650821929 -26.32916849590397 -0.053381 -0.074291 0.32309413 1.0
-373.0776603622225 -26.34974939217343 0.06727 -0.215122 0.32272843 1.0
-343.27861779266937 -23.728072662223216 -0.360295 0.038446 0.2979471 1.0
-321.81737118949115 -22.22246053862876 -0.03413 0.04057 0.27461618 1.0
-382.7845694944297 -27.068375426817425 -0.102254 -0.145623 0.35706702 1.0
-444.97679083167003 -39.21023436164557 -0.075378 0.173409 0.31734735 1.0
-289.8572563892866 -24.057383590995613 -0.298039 0.237336 0.18083774 1.0
-344.4396836018868 -29.127177434547686 0.026169 -0.387896 0.23111483 1.0
-359.5755819441756 -29.316868307691724 0.243744 -0.057887 0.24429142 1.0
-406.7126271475194 -32.550896972046004 0.156577 -0.431474 0.29191858 1.0
-409.43626183118454 -32.69150422259372 0.41256 0.66364 0.29499766 1.0
-394.14232714365005 -31.88737933191579 0.289592 -0.118473 0.2876499 1.0
-318.23470841149384 -23.845337693712914 -0.155517 -0.40555 0.22748011 1.0
-335.80989004148347 -22.79303386048241 0.102954 0.12073 0.24934971 1.0
-383.8072066615268 -24.88439282779203 -0.060979 -0.359529 0.3125949 1.0
-331.4228579537517 -22.23540230567583 -0.519697 0.215498 0.25859034 1.0
-394.27092108338053 -25.165615507748438 -0.227129 0.213806 0.3363848 1.0
-299.0450496117394 -18.726394473251094 -0.239474 0.448964 0.23270845 1.0
-357.5965955736101 -20.929889458243462 0.157959 0.341233 0.30179647 1.0
-371.80072792971026 -22.547371217838325 0.122311 0.469446 0.32292598 1.0
-290.5352657173757 -16.656701764898433 0.199032 0.084032 0.2325526 1.0
-251.41037930354716 -13.53775746288985 0.068034 0.065123 0.19344433 1.0
-349.3162984267009 -26.79414817774161 -0.203636 -0.009972 0.22245578 1.0
-300.2467612835773 -23.171122660081693 0.0976 0.288234 0.1834703 1.0
-299.865507550027 -22.5185705940978 -0.150194 0.640234 0.18398176 1.0
-425.23255736027147 -30.886848290877918 -0.132403 0.39068 0.30049312 1.0
-326.8922959038029 -23.6002425448532 -0.265321 0.120774 0.21666332 1.0
-422.22625646830994 -25.800446957036 -0.071585 -0.37444 0.32543832 1.0
-418.5344170696399 -25.215469210401885 0.062382 -0.009319 0.32394606 1.0
-415.7030546670181 -25.014175360054846 0.364475 0.369933 0.32344693 1.0
-369.26419782200065 -19.333575747029972 -0.419459 0.138929 0.30262083 1.0
-256.9330637210175 -12.258999567010422 -0.294675 0.128691 0.19075568 1.0
-404.25627751646124 -17.144401485599374 -0.063765 -0.133723 0.35787323 1.0
-316.02660425820466 -13.19062735417237 0.038213 -0.171657 0.2640401 1.0
-323.77177611795594 -22.82954801861538 0.090542 -0.050107 0.19230667 1.0
-323.0744289703005 -22.013799206254333 -0.023356 0.111462 0.19428635 1.0
-462.4754464693119 -31.718090240262132 0.085861 -0.1535 0.324917 1.0
-490.8042396413129 -31.174276413168606 0.193486 -0.010125 0.356478 1.0
-459.03316373410075 -28.503481572599583 -0.047035 0.546195 0.33821973 1.0
-346.7387178179019 -20.271727518246312 0.432285 -0.196665 0.22821161 1.0
-366.72538732845464 -22.927931842776218 0.163091 0.02576 0.24709885 1.0
-259.4113715302526 -14.23370613434822 -0.428074 -0.26199 0.16390142 1.0
-431.6156575272802 -19.28177629448117 -0.30396 -0.281889 0.35720366 1.0
-398.2633979764781 -14.391306167864467 -0.040154 0.038852 0.32883668 1.0
-398.4982973375374 -13.91271822701121 -0.013779 -0.418569 0.33010715 1.0
-326.42543376930024 -10.092143789342618 0.183871 -0.051888 0.26690114 1.0
-382.02674029288715 -9.805443089059688 -0.112925 -0.3231 0.33798945 1.0
-379.1454015492083 -11.666724454014942 0.118285 0.233244 0.33720806 1.0
-489.849362849447 -27.285692092284584 -0.081508 0.19231 0.3555591 1.0
-335.9356528119309 -13.193558638789348 -0.144604 -0.086893 0.23155992 1.0
-375.39240491187445 -11.642650904768741 0.453368 0.092478 0.2907276 1.0
-304.18174839426285 -8.550899740064503 -0.05418 0.192438 0.22113799 1.0
-400.36825662210254 -10.635189509042588 0.060225 0.052762 0.3243886 1.0
-408.13205365820886 -10.835802823674554 0.156817 -0.292797 0.33374387 1.0
-397.8420212554237 -9.87853144672245 0.084827 -0.360968 0.3208659 1.0
-400.13643568963437 -11.508762746551643 -0.396019 -0.158297 0.32473108 1.0
-309.4128918231945 -6.320821231713192 0.065488 0.136654 0.2349337 1.0
-338.6827560281071 -8.410833241628398 -0.11641 -0.260354 0.26712337 1.0
-347.42429571448713 -38.06565909184366 0.073442 0.161893 0.22234409 1.0
-295.015846757373 -30.78209960538092 0.036913 0.208184 0.1817793 1.0
-298.8972402051983 -32.022804834690476 0.237607 -0.014277 0.18482709 1.0
-480.6632919242847 -49.97808100413118 0.072923 -0.000651 0.3586689 1.0
-365.5791107004346 -38.993626730850934 -0.011737 0.019533 0.24364609 1.0
-448.70949282101395 -44.83766997503193 0.077054 -0.246916 0.34117195 1.0
-431.0696860323209 -42.60679567236893 0.009551 0.002454 0.3313411 1.0
-420.061112538488 -35.4366344843774 -0.007235 0.190276 0.35996455 1.0
-328.8321739846575 -28.408724853999548 -0.437941 -0.082193 0.25899068 1.0
-333.0907361135552 -26.101738521456433 -0.161461 0.074524 0.28729188 1.0
-317.228091205579 -29.821446878521442 -0.217893 0.168979 0.2010091 1.0
-448.27320713010295 -41.500986917929886 0.141627 0.187063 0.32224113 1.0
-331.16661513137416 -28.985655543033936 -0.188795 -0.016026 0.21765201 1.0
-340.49381325475474 -29.333765760075597 -0.145856 -0.049977 0.2363439 1.0
-409.9622921026949 -35.71996585868835 -0.150775 0.430154 0.3069339 1.0
-439.10504317772615 -37.31018195628776 -0.151113 -0.01191 0.345476 1.0
-413.3233518404616 -31.984076363770658 -0.18625 0.242448 0.32620943 1.0
-315.30600814267456 -23.96169399055733 -0.328214 0.439263 0.23459126 1.0
-400.229018316586 -28.623038152390468 -0.240734 0.331603 0.33286065 1.0
-382.756299319657 -27.730869905924276 -0.375632 -0.02407 0.32327813 1.0
-392.25699573961776 -25.51705073860944 0.028636 -0.092208 0.33740202 1.0
-273.646632874939 -18.90918854719205 -0.081158 0.15151 0.20770891 1.0
-379.13688784141374 -25.539771482723463 -0.099419 0.201735 0.32387438 1.0
-330.98435442266543 -30.53918736290614 -0.109779 -0.00279 0.19919042 1.0
-278.4573551044416 -23.866819182642022 0.148334 -0.075948 0.16564082 1.0
-471.3912463192458 -38.939608053649685 0.259525 -0.184119 0.33555517 1.0
-445.23169964932544 -37.251938983483754 -0.517701 -0.033717 0.31648138 1.0
-429.8158171033345 -35.80375623163325 0.051297 -0.026553 0.3022531 1.0
-471.40398758282305 -35.99832046295828 -0.405211 0.403137 0.35342044 1.0
-421.3064680640272 -33.784981717455224 0.011374 0.071045 0.30034825 1.0
-351.2571908157842 -26.07167017183609 -0.184666 0.19692 0.24197452 1.0
-443.9025831717926 -32.34093539778885 -0.247286 0.143388 0.3452271 1.0
-400.68836418411513 -27.154559981947717 0.005824 0.269485 0.3031887 1.0
-321.93914686484925 -21.89835190448907 -0.158858 -0.019116 0.22766465 1.0
-377.42757760339083 -23.644439503937566 -0.018413 0.030643 0.3024897 1.0
-311.16852127221483 -18.800149839242007 0.393326 -0.125216 0.23400031 1.0
-264.08394602785364 -15.035002541363125 -0.047558 -0.130006 0.19444703 1.0
-323.22130308099906 -25.812080628578904 0.063367 0.00528 0.19183877 1.0
-472.53900898863384 -38.479123270351586 -0.14939 -0.006895 0.32115316 1.0
-465.99165349650576 -37.19124083821714 -0.205522 -0.063346 0.3182808 1.0
-460.47555070916906 -33.99057307780862 0.282285 0.045975 0.31610337 1.0
-451.6555948320591 -33.53694392715125 -0.200083 -0.053359 0.3176381 1.0
-363.6208920670288 -23.49511565289059 -0.22877 0.02758 0.24695352 1.0
-421.7871392656446 -26.971344769866302 0.138651 0.052438 0.30276492 1.0
-362.17429668063704 -22.92889479145127 -0.262966 0.089858 0.24715324 1.0
-418.0402897664687 -27.092635930972616 -0.076667 0.115248 0.3010715 1.0
-354.3656880066966 -23.351281010318683 -0.203234 -0.010408 0.24088614 1.0
-330.8287740905624 -16.986727371154863 0.05063 0.207484 0.24017785 1.0
-347.39125666620293 -16.448133164698845 -0.10522 0.075541 0.2587095 1.0
-328.5790573108016 -12.515047441175215 -0.196243 0.216079 0.26640692 1.0
-387.4750419259889 -12.299426686895014 -0.179267 0.297775 0.3461827 1.0
-384.1524725456056 -13.072510892299963 0.215622 0.171274 0.34339374 1.0
-386.02889584898713 -13.988880159839292 0.280111 -0.070679 0.3457882 1.0
-321.76590492994933 -21.85914267635047 0.148481 -0.271779 0.19280897 1.0
-463.46067143928076 -29.46962453882149 -0.057329 -0.051672 0.32363635 1.0
-453.9371266503328 -28.539964201830944 -0.019891 -0.089156 0.3150028 1.0
-337.4167944491872 -15.760584989874172 -0.138764 0.341307 0.2308233 1.0
-384.8514962258574 -15.10398413348502 0.104636 0.316551 0.28674617 1.0
-312.92232094003396 -11.318196248392994 -0.330649 -0.402112 0.22419806 1.0
-398.85799133651733 -13.74744326245513 -0.057859 -0.075239 0.3266383 1.0
-481.97115391825787 -27.75793714179971 0.276092 -0.179667 0.3253395 1.0
-310.61594884060344 -16.16773524698106 0.00429 -0.072608 0.18253422 1.0
-443.89268290232746 -22.962878156006063 0.029804 -0.020355 0.29681617 1.0
-468.5487238522387 -23.97221644480853 0.237995 0.038052 0.32127535 1.0
-488.66945718605547 -23.06790997933845 0.027124 -0.055511 0.35289568 1.0
-300.87814147717376 -13.719772982149792 -0.066132 -0.459427 0.18681249 1.0
-346.6700165967187 -15.187505036577853 0.432272 -0.037613 0.2245459 1.0
-418.30607967527686 -19.235947216022517 0.243937 -0.005669 0.29059434 1.0
-350.06365638841896 -15.912175258934417 0.032639 -0.181321 0.22786461 1.0
-271.30862650904055 -9.369005052052355 -0.405688 0.508967 0.17438492 1.0
-383.83238443291333 -11.310419479875776 0.288499 0.110275 0.28764287 1.0
-417.28286671263703 -10.247327150064834 0.012236 -0.20016 0.33252218 1.0
-403.37776405961887 -4.113611399857899 -0.306245 0.243414 0.35858363 1.0
-354.07015027865845 -3.722510101960637 -0.283385 -0.188633 0.2967792 1.0
-320.5541692919517 -3.442729538502618 -0.003834 0.247321 0.23659976 1.0
-408.2823720896672 -2.4751240506121306 0.170091 -0.193951 0.33619145 1.0
-298.53149242746593 -0.6918411724060348 0.171744 0.03957 0.21968451 1.0
-322.8051653150904 1.7843156540634872 0.319961 -0.299971 0.23856136 1.0
-384.49844427615875 4.534060440823382 -0.301261 -0.220602 0.313466 1.0
-275.3368950174275 3.1846048850879867 -0.105487 -0.103284 0.18778968 1.0
-272.5772241658274 3.2607979962464197 0.611409 -0.126271 0.18559778 1.0
-393.7910006636484 8.260918324093815 -0.042692 0.194027 0.316013 1.0
-410.7093958139217 11.069005875739183 -0.187994 -0.031401 0.32036272 1.0
-321.86493514226964 10.686508472326143 -0.351839 0.197164 0.2415922 1.0
-324.54923574907383 12.206441558561146 -0.063338 0.6379 0.22892171 1.0
-360.19928693816263 -57.39158397622614 0.417707 -0.134247 0.24379878 1.0
-292.5866535545307 -46.06617311944539 0.226905 -0.007647 0.18660477 1.0
-359.78069084125303 -57.27660920517895 0.298344 0.294434 0.26091105 1.0
-341.32306420083245 -51.336818347401575 -0.155252 -0.131761 0.26132706 1.0
-393.7890284391366 -60.78189369731801 0.038009 -0.050322 0.33292574 1.0
-433.73947420481926 -66.03435938273954 0.074842 0.040109 0.30452508 1.0
-323.04544343660245 -45.40433007636732 -0.022098 0.292584 0.23647994 1.0
-350.1601071289082 -47.63101256422239 0.199083 0.259605 0.22939837 1.0
-411.6291317696877 -54.45343175930733 -0.321805 0.227052 0.30049556 1.0
-306.25751306560704 -40.438603400095026 -0.074606 0.287897 0.21153167 1.0
-419.11474686103537 -54.03903887861557 -0.092668 0.357229 0.34383032 1.0
-296.0268265663643 -36.67359122020729 0.215927 0.063212 0.21425301 1.0
-380.02032153374967 -45.72584460337392 0.105491 0.160668 0.32544082 1.0
-380.39875264003535 -45.41615695710503 0.187911 0.158011 0.32579932 1.0
-289.3743366344852 -35.78740290821858 -0.08671 -0.025223 0.18523861 1.0
-270.5408333322597 -31.78438848868727 0.401119 0.481386 0.17872515 1.0
-399.39253409780645 -45.46308407409124 -0.011238 0.052136 0.31167817 1.0
-403.1310092562114 -46.73675477190459 0.102945 0.073882 0.3179291 1.0
-401.55510951470757 -47.17031270215517 0.085875 0.254003 0.31905997 1.0
-395.3867937944476 -42.915907053978486 0.135178 -0.121923 0.33466923 1.0
-367.45196244343686 -43.872102525538146 0.132839 -0.006816 0.3292648 1.0
-295.4340271739535 -30.704923690764154 0.291133 0.009136 0.23680088 1.0
-296.9136212516805 -30.72157763798567 0.072218 0.03447 0.2383739 1.0
-298.5632859500508 -31.486795513486502 -0.287544 0.376501 0.24041922 1.0
-301.29136586724155 -31.02682225345646 0.015667 -0.09451 0.25249892 1.0
-410.70088269084914 -44.788103428234045 -0.189768 -0.071394 0.30564868 1.0
-272.8846780849617 -29.13987829226014 0.16639 0.117155 0.18092471 1.0
-265.69039865865466 -28.154699093495314 0.376633 0.509002 0.17534602 1.0
-260.6035518520559 -27.31944690438906 0.020662 0.03859 0.17384812 1.0
-313.2631164813301 -29.607261600152864 0.064233 0.048503 0.251989 1.0
-388.1940212346283 -35.91495335369076 0.152503 0.214334 0.35186258 1.0
-270.1889813843584 -42.62494754578232 -0.002777 -0.248429 0.193055 1.0
-279.92456308264747 -45.04681683578688 -0.250465 -0.487141 0.21053132 1.0
-297.96964429346536 -47.365216707555 -0.550212 -0.137926 0.22824964 1.0
-344.2841559196938 -53.66271983319832 0.254821 -0.126983 0.2825471 1.0
-299.524274543573 -46.865276034266095 -0.184436 -0.24111 0.2362776 1.0
-448.4644161364555 -68.78462925244753 0.272915 -0.294712 0.3598018 1.0
-334.31859325483725 -48.36587985058888 0.214611 -0.010441 0.24924363 1.0
-325.88553299101005 -47.196006830354776 0.245846 -0.144404 0.2398577 1.0
-283.1366576035611 -40.24171166764459 -0.124107 -0.229405 0.20910388 1.0
-431.4763906221901 -61.26624905339454 -0.023022 -0.012612 0.3270257 1.0
-280.7800151731611 -38.97783049047152 0.244833 -0.078009 0.18638784 1.0
-279.1696041867092 -37.647818076902865 -0.088583 -0.232282 0.18595043 1.0
-405.48177598362844 -57.01997343599689 -0.061138 -0.08449 0.30784458 1.0
-333.008294653909 -45.559972747247734 -0.129313 -0.15116 0.24754415 1.0
-270.97134902661946 -35.66206196209746 0.160102 0.042061 0.18885383 1.0
-238.18394249130398 -31.325744070108506 0.382039 -0.113028 0.17275855 1.0
-378.3081984648835 -49.775658606702564 0.252022 -0.251305 0.32490742 1.0
-377.8724686226831 -48.150809375376824 0.10592 -0.103889 0.32655916 1.0
-287.8705199235538 -36.82378401139435 -0.236949 -0.214149 0.17938115 1.0
-357.2202385749999 -44.13920563730127 0.262108 -0.273222 0.25477347 1.0
-409.88677346262483 -50.05279125915757 -0.162904 -0.429604 0.3089624 1.0
-266.52366092055377 -33.24328896211791 -0.157162 -0.237453 0.17717776 1.0
-332.3697792084651 -41.43650138119861 -0.120043 0.011923 0.24072473 1.0
-370.8240371576642 -45.869047513791756 0.22521 -0.151674 0.24109717 1.0
-453.2414780227362 -52.07167509221182 -0.235285 0.118662 0.34755144 1.0
-272.5586148519857 -30.161776455358606 -0.005381 0.14627 0.18048055 1.0
-270.867996758807 -29.608517308673587 0.338994 0.088514 0.18147065 1.0
-337.87795940063063 -36.5826123885439 -0.129016 0.147014 0.2453381 1.0
-412.8031595362227 -41.44066541162989 -0.3061 -0.138807 0.35775554 1.0
-302.6134043199722 -30.15494288686066 -0.284083 -0.128289 0.25008738 1.0
