X Y e1 e2 Z WEIGHT_SEEING
237.80437314348862 -329.59216365158534 0.102163 -0.568197 0.29369554 1.0
315.25182014757695 -376.43748139523126 0.123985 0.049618 0.35600114 1.0
328.4191289120413 -375.6521455993547 0.33642 -0.065006 0.3544056 1.0
238.16631509907978 -365.94044005708844 0.110811 0.054499 0.3488245 1.0
237.37372615095498 -364.4463072488464 -0.583382 -0.155843 0.34602413 1.0
211.55446207763117 -309.5278391745827 -0.748184 -0.120679 0.2740821 1.0
251.12383545785312 -345.1638885449496 0.01545 -0.255198 0.3207527 1.0
252.52003906707648 -348.447157905128 -0.351296 -0.076181 0.32297498 1.0
208.96068043731907 -324.09516860829956 0.425898 -0.222637 0.29709053 1.0
239.9262845046674 -347.6232165714638 -0.201838 -0.14789 0.32939216 1.0
279.16252322352534 -367.14280913231545 -0.081722 0.305162 0.3563994 1.0
289.6268562316641 -366.567383402209 0.050561 -0.222346 0.35760894 1.0
278.05498672109263 -344.93665989450466 -0.047084 0.013878 0.3272577 1.0
318.6748421227095 -366.1119454048566 -0.387627 -0.05906 0.3567851 1.0
300.8835282970058 -336.4274416454204 -0.087166 0.063795 0.31408334 1.0
180.6409780528668 -280.2773359762773 0.228191 -0.126187 0.24712738 1.0
276.75983933959895 -360.4851004958578 -0.14104 -0.321305 0.3541076 1.0
230.00432404099968 -289.54655817406643 0.121182 0.005527 0.259564 1.0
227.19254143011707 -281.9820518513268 0.114227 -0.359744 0.25103635 1.0
265.5934285576437 -289.01056932803846 -2.1e-05 0.130905 0.25790998 1.0
307.4327208932688 -331.1915330487051 -0.753349 0.278223 0.31423396 1.0
290.4256115436163 -312.308739643818 0.481805 -0.460073 0.28735927 1.0
250.55240418451808 -335.9688062376521 0.058574 0.198977 0.3282309 1.0
239.3025520540579 -307.64245918046316 0.274013 0.031231 0.28823972 1.0
264.68670823218196 -306.14628925390156 0.384509 0.04859 0.28501576 1.0
232.2702130284828 -303.35652957536297 0.144854 0.308127 0.2873011 1.0
248.07548344399135 -324.98436172196466 0.007671 -0.018432 0.31769577 1.0
225.70500310992307 -360.50411773015014 -0.471397 0.191136 0.3363362 1.0
245.81053496490117 -373.65347264181264 -0.021129 -0.489561 0.3550412 1.0
304.27562623698145 -363.48021382901015 0.010442 0.012599 0.35834625 1.0
303.9257995466026 -334.8689705122942 -0.374501 -0.557521 0.31475878 1.0
304.99289353395665 -333.66015511894466 0.245518 -0.21723 0.31468266 1.0
302.0564952083603 -327.7300062913815 0.020154 0.279718 0.3121659 1.0
220.81856972908443 -333.96335829649877 0.023602 0.621289 0.32823536 1.0
200.39972718355997 -296.1802136434591 0.003926 0.035495 0.2763564 1.0
245.81691158695398 -353.6217385597379 0.385713 -0.078547 0.35717565 1.0
251.6360919177694 -339.83329555114784 -0.141641 -0.12013 0.336981 1.0
223.66867365858965 -273.3382341782257 -0.120394 -0.131201 0.2467194 1.0
294.7046612750538 -327.7469537985932 0.377567 -0.264101 0.3206425 1.0
251.81722580630264 -266.2723726367869 -0.65248 0.022063 0.23964778 1.0
269.0591649041811 -282.1340762611915 0.055948 -0.16907 0.2585468 1.0
238.53269913747334 -271.8118232478923 -0.572393 0.030435 0.2502339 1.0
224.20919420444403 -348.65090900598346 -0.2509 0.027848 0.32811913 1.0
219.80457379952244 -314.12484023452816 0.261307 -0.010111 0.28175402 1.0
270.3387250764951 -368.79005993269294 0.054468 -0.173505 0.3563831 1.0
287.90623986383787 -361.4959038748314 0.482622 -0.377851 0.34527403 1.0
210.04212721203604 -321.30866871428543 -0.042863 0.023377 0.29597783 1.0
253.9127923793821 -339.2019040112917 -0.12194 -0.062518 0.32238674 1.0
221.62246725641927 -293.1216232170895 0.00636 0.054806 0.26084027 1.0
254.12209237442227 -316.31192308891275 -0.17328 -0.071192 0.29149365 1.0
224.0918659456589 -327.7333741901008 0.025174 -0.078385 0.32726058 1.0
226.33702947757754 -305.1571836591147 -0.244834 -0.047382 0.29722467 1.0
228.6077292340764 -296.5172455031104 -0.09465 0.206122 0.28437403 1.0
255.1137034354469 -294.8834406170942 -0.252915 -0.176226 0.28425732 1.0
261.8703185599331 -300.20438178815704 0.166445 0.319378 0.2883543 1.0
236.17671362556203 -264.6597782694239 -0.299041 -0.318368 0.24413869 1.0
262.38324579578295 -316.130343841071 0.327277 -0.007909 0.31922406 1.0
304.59286805519594 -317.4411864357613 0.319841 0.409741 0.31921238 1.0
248.51382355616553 -335.0736566343217 -0.038228 0.272978 0.3580585 1.0
248.26518377161275 -333.5789731526394 0.07758 0.112192 0.35812548 1.0
224.724350343055 -277.54586520502687 0.069394 -0.221384 0.27306104 1.0
251.39409920059745 -328.07358868143297 0.072745 -0.134804 0.35559893 1.0
290.920648845957 -331.3156341674006 -0.523175 -0.495501 0.35820517 1.0
265.18181362796656 -277.47057209224636 0.405389 0.28542 0.27847764 1.0
286.1667842070147 -298.22599259590135 -0.210441 -0.378828 0.305134 1.0
218.97620925587793 -304.6042299131628 0.47447 -0.058086 0.32709 1.0
334.8810336549404 -324.0884636367462 0.024112 -0.041355 0.35482633 1.0
264.83489628582294 -334.3039973174568 0.254644 -0.102283 0.343524 1.0
294.919736382714 -340.180179553687 0.383068 0.005186 0.35126856 1.0
245.51600076805417 -271.9800492810795 0.148516 -0.162575 0.25398004 1.0
190.82831558528287 -196.12859934138896 -0.143009 -0.059128 0.16753092 1.0
203.71052543453857 -284.8600697946593 -0.033991 -0.067099 0.28085634 1.0
178.06810547350543 -237.31844313726305 0.401657 0.780002 0.21935731 1.0
221.41761441069008 -280.3527108504833 -0.136707 0.306752 0.2729365 1.0
262.20680603984226 -281.9683024093717 -0.385639 -0.185158 0.27477252 1.0
251.47841641543488 -330.4423352101138 -0.115725 0.399689 0.3555188 1.0
254.6744754606942 -331.3289226396917 0.131533 -0.014356 0.35724154 1.0
284.86632222507137 -329.6225894259249 -0.012813 0.535827 0.35253423 1.0
286.6335925016671 -324.17974700194736 0.14397 -0.273684 0.34524524 1.0
239.4750255244258 -254.46208422633725 0.047156 -0.125847 0.24426511 1.0
288.994389635774 -305.1181027401591 0.010518 0.040664 0.31506214 1.0
303.5177052753637 -300.75977916285797 0.649799 0.142748 0.30511555 1.0
244.60899392088123 -254.631198830304 0.067275 -0.050562 0.24980696 1.0
249.14322271307498 -259.10133638520625 0.10003 0.258407 0.25609106 1.0
241.34886679584216 -251.77856537016783 0.07968 0.473585 0.24482594 1.0
283.2619731115536 -278.15389984084464 -0.12636 -0.041868 0.28121325 1.0
204.56559255243948 -315.3220538020019 0.087327 -0.168353 0.24778794 1.0
294.65605959046195 -372.8582172506932 0.03587 -0.009997 0.31532153 1.0
246.97755567674386 -364.91958494066665 -0.231485 -0.320338 0.310055 1.0
232.92116191846713 -322.61170755697316 -0.176442 -0.040807 0.26163778 1.0
205.18112646346358 -323.58868383414665 -0.152939 -0.239235 0.26656207 1.0
215.37445655647187 -328.67220713347535 0.031039 -0.068933 0.27307987 1.0
220.01057272454804 -325.4169371167947 -0.024376 0.1834 0.2674242 1.0
271.8999992070454 -396.04580262644015 -0.228198 0.084607 0.3567166 1.0
271.1372434391827 -395.5410785635267 0.296833 0.207125 0.3553295 1.0
326.5185868843884 -385.58584253161087 0.172645 0.262541 0.34536096 1.0
235.218976791726 -389.7538649355797 -0.185568 -0.386177 0.3534927 1.0
252.64357537768242 -379.67632468990917 -0.074436 0.060514 0.34263945 1.0
293.1457351018752 -390.07741606209316 -0.141254 0.099197 0.35857832 1.0
310.91622450714357 -360.28850390537883 -0.534485 -0.231832 0.31817925 1.0
215.2333380824182 -352.91086553385867 -0.054885 -0.189622 0.31099385 1.0
251.35736156110588 -387.00444169394456 -0.02936 -0.0922 0.35808358 1.0
259.64373327181517 -361.7360289823912 0.066054 0.001681 0.32394755 1.0
235.73022806682513 -311.9362816380244 0.083422 -0.174636 0.26297894 1.0
209.5008023680805 -344.39159320581297 -0.17607 -0.144271 0.30841777 1.0
244.66465307264204 -329.87211937370455 0.007598 0.033725 0.28863683 1.0
245.7514110458557 -399.3447087249664 -0.141615 -0.210834 0.3512256 1.0
250.5073466432064 -405.0019574571154 -0.135575 0.152783 0.3571162 1.0
249.59649769710722 -386.98150641974223 -0.288793 -0.311208 0.3344671 1.0
250.15707427211652 -400.09017065337935 -0.236137 0.010577 0.3595184 1.0
211.76217342921808 -332.9448708714317 -0.708622 -0.109087 0.27310377 1.0
299.01019452842036 -353.47792468074107 0.144502 -0.138662 0.2985326 1.0
204.08481464435567 -334.3555586367752 -0.034118 -0.153076 0.2820022 1.0
250.11946421510652 -368.3799621114609 -0.221464 -0.369112 0.32481903 1.0
186.34537619795708 -275.00078913922266 0.164578 0.086772 0.21596397 1.0
247.89732585770395 -356.4186656148636 -0.015753 0.530777 0.3078494 1.0
234.02216215014968 -328.65929665824996 0.100638 0.126396 0.27602878 1.0
194.33660911970586 -257.5002434057412 0.47044 0.486112 0.19904293 1.0
231.09675757080112 -385.13807026132116 -0.133428 0.020414 0.3504328 1.0
198.35257839704371 -323.5932165021545 -0.000578 0.032063 0.27420738 1.0
196.11093711894864 -308.85951165962274 -0.064996 -0.077096 0.2575345 1.0
251.51718222269412 -363.5449492524811 -0.146771 -0.131824 0.3249784 1.0
258.7586900608078 -364.7624337625906 0.090327 -0.035702 0.32586166 1.0
326.7188785666752 -377.4380057878015 0.002768 -0.281721 0.34545043 1.0
229.25051246234096 -361.6558897779702 0.064397 -0.096405 0.32780105 1.0
241.6120848655876 -355.57835074486286 -0.192907 -0.306777 0.3191389 1.0
262.1062084130087 -382.26116597562844 -0.23 -0.264581 0.357727 1.0
236.3793358586053 -341.1439073001296 0.115455 -0.208554 0.302226 1.0
260.0063353316934 -356.75537983865485 -0.060213 -0.029526 0.32246044 1.0
295.6315056105625 -383.8771254922559 0.198724 -0.500843 0.35910866 1.0
214.80318142482895 -266.586939503745 0.057337 0.174516 0.21615893 1.0
318.19785300930124 -381.98114811529 0.035639 -0.446935 0.35692298 1.0
319.0476406151382 -382.7385872892091 -0.090158 0.195721 0.35741946 1.0
263.51010284796837 -325.72972821980704 -0.229169 -0.574354 0.35477513 1.0
232.83790864246023 -257.0446080614462 -0.174046 -0.401492 0.24393655 1.0
241.7411993686789 -263.145361402479 0.490257 -0.256005 0.26195094 1.0
190.52485720110607 -313.21728251818246 -0.203387 0.030072 0.27144912 1.0
199.3716546818814 -324.0201806981226 -0.389133 -0.182589 0.28432903 1.0
226.37511038953232 -357.4665887033962 0.217691 0.208352 0.33022627 1.0
227.19721674053653 -358.4908831727313 0.023243 0.21446 0.33182517 1.0
218.9873876654076 -330.925765815786 -0.161219 -0.212845 0.29426295 1.0
219.3149957598607 -325.7947291587262 0.076375 -0.100648 0.28711966 1.0
211.36183354867595 -277.2306749609922 -0.151927 -0.085146 0.23067906 1.0
231.43807638231462 -293.3120381078287 0.064255 0.194704 0.24818668 1.0
306.97118904828204 -373.4157204247499 0.333194 -0.267991 0.35342616 1.0
237.63442938459283 -364.7327691076623 -0.708373 0.017307 0.3465073 1.0
246.36710379314553 -367.93127085217355 -0.323378 -0.391856 0.35322872 1.0
213.33060863778243 -318.29927252931725 0.065483 0.044004 0.28539324 1.0
244.4018583340266 -366.6856447165272 -0.157131 -0.082349 0.3479146 1.0
186.45499067329885 -260.07620613100306 0.152012 0.175122 0.21553624 1.0
187.37946527205926 -299.4239244457677 -0.172621 -0.19229 0.26734656 1.0
179.71442213771533 -274.5173010709396 0.385839 -0.093453 0.23756821 1.0
178.21979981409163 -271.94388152402416 -0.109514 0.152505 0.23361416 1.0
242.06786045821565 -354.4668708418509 -0.043288 0.128645 0.33994704 1.0
244.55408387859498 -349.0695567330961 0.272132 0.001136 0.33006835 1.0
188.03065738426017 -259.15973081360784 0.011842 -0.123989 0.21988642 1.0
209.98607240414555 -286.844530697134 -0.1898 -0.022819 0.25215554 1.0
223.27232553058138 -295.3705090424733 0.036874 0.053569 0.26130238 1.0
222.91241823973783 -294.79406285092205 0.337055 0.31375 0.26046592 1.0
257.71012824581027 -338.5546682264978 0.165188 0.354481 0.31746012 1.0
280.61466401190495 -368.8978563635535 -0.068953 -0.192384 0.35919246 1.0
297.3777692179483 -366.55142526810624 -0.145674 -0.006127 0.35719562 1.0
188.97783806463534 -295.7872773411286 0.235497 0.020527 0.2682365 1.0
217.8765657598908 -337.0941436841267 0.019256 -0.19008 0.3203083 1.0
163.1297358611476 -244.8380554827526 0.080283 -0.070493 0.20812114 1.0
213.6095641487548 -315.43920576493656 -0.115702 -0.083212 0.2917077 1.0
176.7235304809425 -259.4721795423642 -0.4826 -0.661213 0.22406879 1.0
209.2967125699902 -285.9951222194068 -0.155525 -0.112303 0.2561707 1.0
290.9016689255025 -362.8792215430584 0.227452 -0.209901 0.3589049 1.0
215.6135698201092 -254.4376044230662 -0.038112 0.018969 0.21756957 1.0
199.98796297462596 -223.36226958696116 -0.034956 -0.064174 0.18546104 1.0
229.28959433729815 -341.8243630893957 0.072834 -0.016803 0.33610833 1.0
230.44591532129857 -333.84765839168773 -0.205264 -0.243437 0.32465544 1.0
183.33749628527602 -260.73050942892064 -0.478508 -0.080523 0.22949569 1.0
248.43267218478346 -284.8921404388796 0.152378 -0.082245 0.25767377 1.0
180.47261500394353 -203.60568199081183 0.072873 -0.729969 0.1677488 1.0
202.85020004987106 -222.31706203260552 0.359368 0.261148 0.18707033 1.0
188.16433125964784 -201.16408700397426 -0.402507 -0.379901 0.165682 1.0
235.40659860167318 -337.0100395062298 0.400058 -0.285143 0.3362544 1.0
248.82633584705397 -340.4952710290083 -0.09973 -0.261174 0.3416923 1.0
188.78388821175702 -255.8511757437343 0.012714 0.058272 0.22897822 1.0
200.2756996171814 -262.72224728113855 0.001187 0.057365 0.23660631 1.0
236.54786428579936 -299.9681022256489 -0.131617 0.33257 0.2836056 1.0
229.3459083133543 -284.4577707651288 0.251642 -0.009343 0.26417422 1.0
172.75787253865533 -199.7991506974261 0.194787 0.115015 0.1675798 1.0
196.61306276064116 -213.0588076086604 0.221369 0.118257 0.18059914 1.0
188.8737692969723 -309.86144892234853 0.0368 0.138268 0.2706596 1.0
216.23385997814572 -353.89888101501384 -0.438536 0.427694 0.32815158 1.0
218.02737979345082 -330.0002803246113 -0.201861 -0.108915 0.2946 1.0
216.12501819834296 -323.6365126309647 -0.045459 0.088487 0.28649876 1.0
276.7071290288422 -356.5501202814566 -0.444648 -0.304729 0.33262482 1.0
308.0590062439665 -368.8665961849595 0.101582 -0.440155 0.35811114 1.0
261.50672785754733 -316.5636465347265 -0.214297 -0.077409 0.29139736 1.0
171.94000619306655 -207.40321752022047 -0.232938 0.17689 0.16697437 1.0
196.4212763120342 -230.27274445776465 -0.239195 -0.179691 0.1899457 1.0
248.72963746980827 -278.09256199064106 0.000349 0.281922 0.24253602 1.0
268.4348953537475 -294.02039153374454 -0.049462 0.176592 0.26125544 1.0
241.6074379219277 -288.4676007490947 0.050764 -0.025196 0.26078036 1.0
196.71538000971682 -233.35948858410498 -0.332076 -0.192503 0.19705945 1.0
308.3397815999185 -359.78945110777937 -0.137025 0.480688 0.35853344 1.0
194.69384739303518 -225.48073728402392 0.268658 -0.385321 0.18810482 1.0
244.6944983545142 -282.8801951941526 -0.157104 -0.366262 0.25327858 1.0
238.24650403281734 -270.24787551688496 0.054599 0.0766 0.23883949 1.0
220.76222642240037 -334.7104191703206 -0.294703 -0.049599 0.32874388 1.0
227.22155214624337 -334.0879596339119 -0.014692 0.037334 0.32640687 1.0
189.95084734536843 -268.7395991553479 -0.131101 0.005891 0.24184525 1.0
208.5718182191808 -291.7323506621965 0.015276 0.327094 0.2708715 1.0
199.36200569239688 -265.32975009989025 0.286171 -0.194688 0.23706405 1.0
199.84100205089865 -265.60192179633407 0.200633 -0.086371 0.23767251 1.0
227.0012681536753 -288.84875966355236 -0.114236 0.415327 0.26565447 1.0
274.9364940641055 -349.4468258123961 -0.03492 -0.112777 0.35055035 1.0
274.6965582416141 -348.81017408215786 -0.110173 0.074316 0.35139045 1.0
228.48421292758272 -285.7882988205361 0.173318 -0.070881 0.26395905 1.0
191.18861123096374 -229.25152390738714 -0.035323 0.270346 0.19677497 1.0
239.69468953359376 -270.8784225360237 0.147956 0.261684 0.2438693 1.0
314.1709325384483 -354.1450349907046 -0.04909 -0.20228 0.35967934 1.0
314.30578042905165 -354.08045377531613 0.004251 -0.102006 0.35978284 1.0
173.0129221937245 -197.75538343209877 0.022771 -0.19477 0.16668199 1.0
293.9409003351352 -323.9322613435297 -0.323444 -0.041597 0.31970072 1.0
250.13782442991504 -263.5634673634375 -0.095154 0.17936 0.24030614 1.0
232.99719004020054 -365.5138278091041 0.124338 0.050949 0.35083258 1.0
181.1829076259848 -275.38544703944416 0.217519 0.14857 0.23599692 1.0
213.14587098982386 -318.07730911015153 0.130158 0.06776 0.28551555 1.0
216.01630712480465 -319.4820273393436 0.021319 -0.034211 0.2873637 1.0
252.98799315503365 -346.1433060888681 0.271874 0.069856 0.32289895 1.0
223.3621167726529 -296.19196298383594 -0.17227 -0.122588 0.2602843 1.0
245.24317868080828 -323.5029469235011 0.022397 0.246365 0.2925815 1.0
281.213181868546 -368.55049158290467 -0.191719 -0.036228 0.35614493 1.0
250.481944944101 -320.544262513454 0.036253 -0.019416 0.29013512 1.0
217.53118957154246 -339.37678128635895 0.086038 0.057226 0.32092616 1.0
176.90699031846373 -268.21074767295306 0.27901 0.17165 0.23226514 1.0
176.89697528164197 -268.8454934231585 0.180762 0.010312 0.23134167 1.0
210.80049539691333 -318.6314302275293 -0.073826 -0.324263 0.29447272 1.0
175.82700747949318 -264.08384815012454 0.011532 -0.139404 0.22773711 1.0
188.59683335703093 -283.3236919556095 0.180237 0.071515 0.24996217 1.0
186.07008800087004 -271.60406133016477 0.129224 -0.217318 0.23570862 1.0
251.64977571271328 -346.27801174520823 0.245047 -0.134634 0.33002234 1.0
226.61911072595709 -308.3770836102223 0.084918 -0.228328 0.2788143 1.0
228.4706678892974 -294.4594870944602 0.097031 0.047067 0.26348835 1.0
133.49706362115435 -201.05749534415423 -0.223862 0.108969 0.16327973 1.0
198.80460840532416 -299.8180165036489 0.282014 0.047507 0.27384934 1.0
230.21066611367857 -336.73257591983025 -0.105877 0.309251 0.326356 1.0
194.61115320865022 -273.880372202254 -0.106152 0.252474 0.24342193 1.0
196.50430825887815 -272.8800837489395 -0.206066 0.16364 0.2424897 1.0
248.48602807478997 -345.8483614807547 -0.01914 -0.165512 0.33632097 1.0
222.0349255814027 -301.64745302148634 0.18412 -0.173491 0.27595872 1.0
216.44334754414757 -287.37886253157376 -0.051915 0.041388 0.25839376 1.0
227.8658177482748 -281.66855634059624 -0.148699 0.064836 0.25135386 1.0
237.24798764375294 -290.5229507921242 -0.24115 0.259412 0.26254413 1.0
297.86224283789835 -360.06746453007065 0.177984 -0.154081 0.359778 1.0
177.87337465501645 -264.4647174518998 0.146387 -0.121566 0.24189287 1.0
228.82715588289716 -332.50125633060344 0.30103 -0.229764 0.33446944 1.0
188.00658236277152 -253.98752179496682 -0.001539 0.055744 0.22837299 1.0
184.73349111120774 -225.09321533980878 0.305276 -0.083142 0.19609658 1.0
246.65073504013483 -296.52570701689723 0.074006 -0.022219 0.2834678 1.0
182.3418393181459 -245.50749579508928 -0.095638 0.024233 0.22129495 1.0
245.7452271017177 -318.1652168786723 -0.015722 -0.278915 0.31620303 1.0
206.50826024957556 -260.51232424064705 -0.064859 -0.057386 0.24023643 1.0
275.4991874634315 -344.15905230941905 0.002771 0.534544 0.3537738 1.0
276.38635891401344 -339.6337862052846 0.254598 0.04101 0.34810847 1.0
215.69842177615828 -258.38285454963625 -0.094125 0.100923 0.23698539 1.0
231.31991180561823 -264.43460134073376 -0.055588 0.53879 0.2426283 1.0
214.73230254270482 -244.20029409580096 0.113491 -0.012047 0.21837151 1.0
237.07972284191294 -264.81420291144485 -0.16699 -0.073307 0.2433037 1.0
287.76566567466324 -320.61838569866165 -0.113943 0.006128 0.3184175 1.0
197.96470970437542 -211.24824366562052 0.17876 0.086842 0.18104903 1.0
160.96025819065696 -235.0851472368269 -0.171232 0.053595 0.21360819 1.0
230.45767149513253 -335.1514011033408 0.222403 -0.030366 0.35196877 1.0
182.21245698626367 -252.71796819047373 0.431777 -0.28096 0.2352587 1.0
202.5083823030307 -282.5913168915718 0.032453 0.234567 0.2723665 1.0
244.9767158635766 -339.77763350068244 0.022487 -0.059093 0.35887215 1.0
259.48081158975805 -337.4855167749599 -0.120774 -0.159112 0.35411942 1.0
245.32584317892156 -295.49591248744673 -0.050764 0.150262 0.2904406 1.0
221.82242014670618 -258.09900659654005 0.166086 -0.053394 0.24030654 1.0
238.33974442709183 -277.1622525153689 -0.305544 -0.210586 0.26410508 1.0
266.0777876678178 -302.7554775824114 -0.145937 -0.622023 0.29854485 1.0
242.3231335281998 -272.9701494713452 -0.190763 0.157803 0.25829422 1.0
250.1528991819922 -269.34368994666136 0.278135 -0.116975 0.2534915 1.0
308.2418414270073 -309.0424315780008 0.075683 -0.119083 0.30953604 1.0
138.98075907977196 -195.9085468470281 -0.005241 0.120527 0.17370051 1.0
253.6784168435414 -326.1241871691477 -0.290924 0.088136 0.34463647 1.0
236.17994373187796 -284.90206661550786 0.010771 0.172865 0.28324875 1.0
236.1917125634863 -268.1968802755029 0.067117 -0.045571 0.2595376 1.0
240.6369276546596 -271.02748561427086 -0.110896 0.19674 0.2626303 1.0
265.9768351754547 -290.3915940323768 0.204746 0.091269 0.2902818 1.0
248.80200360623385 -269.0739154687732 -0.02486 0.076375 0.25892782 1.0
208.01752127768643 -224.15610578077747 -0.310899 0.139862 0.20335735 1.0
256.18022733638674 -265.2722033572104 0.085203 0.043584 0.2552515 1.0
260.94539721957466 -265.70077988223454 -0.307512 0.380602 0.2553206 1.0
336.055697468613 -335.716254195741 0.114795 0.019094 0.35587656 1.0
179.05291122731344 -241.24822520545732 -0.017729 -0.382792 0.2313654 1.0
225.89865755528757 -306.8491657007326 0.027503 0.059083 0.32031474 1.0
252.17744046257107 -329.66192366183935 0.189772 -0.064305 0.35704833 1.0
188.23411892180246 -210.57697284252325 -0.113466 -0.135164 0.19169828 1.0
243.33690953053818 -262.7318469712795 -0.045144 -0.211271 0.25646684 1.0
306.82808112859874 -316.5647185407321 0.120254 -0.113452 0.3335851 1.0
294.47067989071394 -293.715810724375 0.197918 0.003176 0.29898223 1.0
218.445974614759 -301.14124969305686 -0.244497 -0.133971 0.32134175 1.0
219.37387137991013 -301.56956532277763 0.108386 0.056576 0.31993204 1.0
203.70799009011458 -226.68534500949445 -0.121483 -0.124266 0.21562311 1.0
243.68042563158173 -254.51924090359663 0.223769 -0.19702 0.2504899 1.0
250.11409034658024 -249.98499850172942 -0.397203 0.201991 0.24469079 1.0
174.80750153668728 -263.12148225441456 0.172212 -0.197474 0.24088763 1.0
184.2748603822932 -273.5180120836225 0.252122 0.133421 0.2538334 1.0
253.43464937654605 -338.0323516935098 0.067302 -0.265969 0.34400067 1.0
184.6958415454228 -264.442471549536 0.414674 0.455255 0.2457211 1.0
156.74439145654515 -197.18883239902132 -0.257232 0.093785 0.16927062 1.0
177.2936864156912 -216.57353389563357 -0.248042 -0.175187 0.19020107 1.0
251.48241646298843 -269.42565846416676 -0.346543 0.145365 0.25306967 1.0
304.72902873548605 -318.0985552311901 -0.035121 -0.006638 0.3194194 1.0
195.31181697878074 -257.66918909806463 -0.135234 0.418094 0.24302377 1.0
206.6202098389942 -272.28756504677835 -0.371929 -0.136033 0.2617668 1.0
207.36162861388206 -256.99229482929434 0.122439 0.002623 0.24300152 1.0
241.47243403884298 -290.3367719770146 -0.342243 0.367429 0.28744707 1.0
253.18769400440826 -292.7979406367608 0.104437 0.304883 0.28981563 1.0
221.65542968969095 -256.11076354102596 0.113156 0.129405 0.2398619 1.0
266.72979886985564 -300.49837568399295 -0.382335 0.076368 0.30046457 1.0
191.6045382996613 -214.2314967798618 0.341067 -0.183194 0.19157654 1.0
201.79656004824946 -204.6393112060337 -0.196987 -0.000696 0.18007986 1.0
192.08914051065338 -265.84461517901343 0.303438 -0.368359 0.2602621 1.0
196.34047154578502 -265.86676297362294 0.019079 -0.065655 0.26062888 1.0
183.87512858825738 -245.8121349132024 0.017786 0.356032 0.23414682 1.0
185.81145194899298 -248.07940055215943 0.165378 -0.354562 0.23705882 1.0
200.95998151930934 -266.32596386053 -0.117073 0.341874 0.25999075 1.0
250.4393289385462 -332.3609153329548 -0.198667 -0.091547 0.35750222 1.0
142.7941004054101 -183.798028633895 0.264283 -0.001299 0.16206045 1.0
262.73221383756066 -309.64768472444183 -0.225766 -0.139216 0.32327983 1.0
286.3403062049491 -331.46259812163646 0.074722 0.191513 0.35592863 1.0
248.78342507384036 -268.2475137485535 -0.316875 -0.067903 0.26155853 1.0
265.57821503370894 -279.41577309349503 -0.145904 -0.194182 0.2781561 1.0
247.75729006652512 -260.80396962336033 0.056114 0.214859 0.25170106 1.0
198.12131856972508 -251.68869560092435 0.088608 -0.087349 0.24579029 1.0
249.72516732435054 -305.01352340955856 -0.048695 -0.342156 0.32420993 1.0
211.11938703128186 -226.30980991826706 -0.113646 -0.129593 0.21388176 1.0
245.98333277194752 -255.95386230158775 0.195389 -0.183455 0.25195834 1.0
245.94614464988297 -253.1633090915364 0.074826 0.047741 0.24735878 1.0
247.82601869818313 -251.61157078185022 0.073231 0.025522 0.24451695 1.0
302.27795051100213 -297.5208323358522 0.209088 -0.04029 0.30840877 1.0
179.46535323584305 -270.6044578333991 0.138487 0.163793 0.2029945 1.0
267.406965868895 -403.7338784808611 -0.275516 -0.044539 0.35376248 1.0
136.22106497623753 -238.3833106078052 0.000746 -0.02868 0.175876 1.0
241.8445697026634 -403.3539939677964 -0.097504 -0.044467 0.35824126 1.0
243.22305065858504 -404.9282001518273 -0.107537 0.200019 0.35981953 1.0
259.14560978076724 -400.761259460447 -0.233569 -0.232734 0.35691774 1.0
246.13298184392383 -380.97049585639127 0.035637 0.204167 0.3291861 1.0
255.46176540182228 -396.80302785597064 0.233987 -0.013025 0.3573745 1.0
257.14561593395456 -397.4185960759771 0.247926 -0.154132 0.3578069 1.0
201.69070876645534 -304.8199164074607 0.703994 -0.081966 0.24490392 1.0
172.6443954672473 -250.3485589078735 0.170102 0.072232 0.18995433 1.0
317.7568928698039 -393.10020170988395 0.140256 -0.24258 0.35421348 1.0
224.0645983648662 -381.4837376675098 -0.362222 0.170923 0.34480894 1.0
232.96884388691856 -385.96389358743386 -0.260169 -0.077811 0.35157472 1.0
168.4045820477628 -271.31729834366854 0.178246 0.10305 0.21420525 1.0
168.43792029966858 -272.1023480737704 -0.386827 -0.316761 0.2147631 1.0
252.86066931052633 -393.2637824108133 0.08283 -0.298293 0.35851803 1.0
253.69955870406207 -378.1382895853276 -0.103977 0.165387 0.34101167 1.0
250.46194153278356 -368.01867517807415 -0.134716 0.297359 0.32543465 1.0
253.2346422534281 -364.43771396707126 -0.098955 0.024617 0.32260102 1.0
270.02274134708176 -314.3878886817719 0.282337 0.049253 0.2609472 1.0
140.93437412024684 -230.60798401178798 0.009178 0.109113 0.17664437 1.0
143.5464717442838 -230.15068731409735 0.055365 0.061616 0.17716263 1.0
174.843361645047 -243.68024603134708 -0.260328 0.185449 0.19028707 1.0
193.1815810949999 -247.5181199270095 0.070243 -0.301065 0.1937097 1.0
195.0514498999011 -248.56612081201507 0.083187 -0.055196 0.1952696 1.0
231.43581023307053 -291.78367288409316 -0.067769 -0.003103 0.241253 1.0
228.02056844376457 -381.5142787395466 -0.260066 0.156232 0.35644755 1.0
229.32868751140563 -381.99214646761294 -0.134982 -0.026329 0.3571759 1.0
208.54894791014058 -344.6127203653446 0.353717 -0.062923 0.30911207 1.0
237.00034282585136 -381.1696992587832 -0.154584 0.144151 0.35721305 1.0
192.3651053641904 -300.23432872764545 0.077937 -0.072102 0.25438744 1.0
154.8416395349592 -231.5536191325592 -0.030183 -0.292127 0.1808661 1.0
202.0632502816828 -302.09308499358383 -0.262781 0.346825 0.25578415 1.0
256.97749177487833 -381.71011123523675 -0.270278 0.271613 0.3588996 1.0
146.61914490184498 -213.14839299046338 0.215487 -0.788538 0.1633271 1.0
259.1165675906787 -356.7917619619824 -0.064208 0.123626 0.32324868 1.0
187.87887805046128 -237.23436144824325 0.181012 0.060842 0.18805572 1.0
198.42441486462877 -247.74471157374478 0.131523 0.051235 0.19778281 1.0
306.909946184378 -375.06276028034284 -0.03123 -0.058847 0.3492041 1.0
287.629436088669 -334.2998881697082 -0.035522 -0.036941 0.29507196 1.0
272.51464166739225 -307.48920745607063 -0.217336 -0.032354 0.26369378 1.0
150.97212208922204 -266.70726251749807 -0.108097 -0.103585 0.20002386 1.0
148.1946647367194 -258.63065188042884 0.173276 0.336991 0.19312087 1.0
138.21427769348833 -240.07698347912597 -0.148378 -0.025981 0.17521171 1.0
242.44305289930244 -403.98620967758166 -0.2238 -0.02162 0.358292 1.0
248.3603684700333 -405.14713463288365 -0.242765 -0.296714 0.35794255 1.0
211.3534248805292 -340.51532750755257 -0.25624 -0.212632 0.2767672 1.0
161.9951442270246 -255.07235559349644 0.287813 -0.209332 0.18894525 1.0
266.3345536403309 -403.53275912823597 -0.081769 -0.361112 0.35503474 1.0
194.90149053214722 -288.88656352949414 -0.162856 -0.260482 0.22317937 1.0
183.3626632292866 -266.99950841274017 -0.074397 0.072971 0.20141071 1.0
211.61792358624047 -305.5448688049322 0.157887 0.070966 0.23895092 1.0
230.26312624549254 -326.5159294462742 0.022474 0.130594 0.26313218 1.0
218.72826883254172 -294.9483821524178 0.000652 0.080378 0.2287989 1.0
225.40521073727302 -392.44657652256114 0.207129 0.039297 0.3472722 1.0
244.50087071578332 -401.68162533293116 0.057028 0.012646 0.35968938 1.0
163.69653163722592 -250.23842942639342 0.288251 0.173356 0.18867427 1.0
203.29816318452316 -268.9834443189099 -0.220095 -0.126783 0.2063648 1.0
198.90402381806317 -257.6443071735937 0.078513 -0.098405 0.1959099 1.0
268.34225965869314 -316.55544771802397 -0.109907 0.416613 0.2561623 1.0
170.65810811315296 -278.9342283163297 -0.053047 0.261338 0.22038482 1.0
169.74005468700597 -277.1921422082361 -0.350079 -0.141081 0.21866536 1.0
171.55671154349653 -277.3721578129752 -0.070164 0.05452 0.21905549 1.0
242.37828733183886 -391.95447874294166 -0.060379 0.192939 0.35426876 1.0
178.4045174123276 -280.74301223844384 0.12083 0.115196 0.22182228 1.0
235.3472564036377 -368.913208436839 0.026763 -0.162903 0.32481784 1.0
196.4717184385979 -305.686931249066 -0.195899 0.144587 0.24777852 1.0
198.5730986437408 -299.31453635464266 0.405841 -0.002353 0.24220708 1.0
188.03576512487354 -277.8131635121109 -0.250559 -0.003414 0.21873207 1.0
202.93299336021292 -300.64752648084556 -0.066975 0.093484 0.24263789 1.0
230.84690599361303 -301.69434831369284 -0.63073 0.08492 0.24382083 1.0
215.46605933261563 -277.530203434031 0.038648 -0.141407 0.21936008 1.0
220.27986122760393 -281.1116486576994 0.202823 -0.17801 0.22222468 1.0
296.0244225643637 -343.67558518985834 0.166144 -0.133978 0.29335105 1.0
138.72645239033105 -231.4206616273157 0.011411 0.253442 0.17595637 1.0
160.89385140762414 -267.36808945799925 -0.094474 -0.005179 0.21085785 1.0
182.65460384198326 -294.8314926811955 0.220053 -0.152115 0.24016616 1.0
251.52613960456495 -390.69378003415983 0.105607 -0.213911 0.3592982 1.0
218.6496140004194 -337.8518533494525 -0.151823 -0.213708 0.28934446 1.0
218.88028773714703 -336.10002505658076 0.053209 -0.3296 0.28959277 1.0
191.53790626042672 -292.4013457087033 0.175213 -0.131611 0.23791647 1.0
252.5242695661087 -366.0549061823402 -0.069616 0.073557 0.3256272 1.0
259.3734464010829 -365.73303599803006 -0.212566 0.25281 0.3275597 1.0
223.85669100651563 -298.6626825593615 0.45018 -0.160319 0.24590552 1.0
228.7174114509383 -304.6517955149589 -0.170731 0.052887 0.25147736 1.0
248.48690890697222 -326.44330383225383 -0.169821 0.512954 0.27853206 1.0
194.4968499715914 -252.02276603199329 0.693291 -0.291994 0.19672287 1.0
193.3831035680778 -250.5039775506227 0.681558 -0.048945 0.19500314 1.0
228.90242857840585 -266.40103488619513 -0.046716 -0.398798 0.21242303 1.0
301.63055036015595 -345.61233135327535 -0.141922 0.249606 0.30205283 1.0
241.2576973657706 -384.0246850937274 0.179182 0.495264 0.3585231 1.0
180.05565952985447 -268.82173206205795 -0.04369 -0.034646 0.21755792 1.0
263.9501718106365 -383.3258506870092 -0.190858 0.293106 0.35893947 1.0
183.14008070299008 -255.38877469919476 0.151028 0.141986 0.20293081 1.0
258.8644819576615 -355.945497199697 -0.164553 0.08828 0.32137623 1.0
269.02026654863437 -364.40769047642755 0.047624 -0.046817 0.33172435 1.0
194.9756281315639 -247.0610561206495 0.118655 -0.22029 0.19479695 1.0
316.5367301831 -380.0629106786167 0.350794 -0.409889 0.3546981 1.0
202.61901840289755 -300.7744308140586 -0.440353 0.262458 0.25596103 1.0
262.2807375539414 -325.20715582184334 -0.180896 -0.044887 0.35514984 1.0
209.88310037882925 -250.99129075704852 0.048134 0.235194 0.24454565 1.0
218.56269644968398 -252.06781563910442 0.101948 -0.158385 0.24117433 1.0
209.35394659437569 -233.66765591880974 0.259486 -0.117063 0.22211139 1.0
243.48558067978425 -271.1643731627571 0.127157 0.173094 0.26276064 1.0
218.6017068588523 -240.455462986386 0.018177 0.434972 0.22044867 1.0
252.01905865344793 -273.2532248953397 0.120789 -0.130817 0.25568363 1.0
247.2718870281512 -268.1170627987231 -0.015278 -0.259511 0.24884139 1.0
251.34504288261118 -273.01606252475125 0.045551 0.316055 0.2533001 1.0
253.06720256210056 -274.8735246765502 0.44489 -0.219348 0.25496304 1.0
245.76020298542696 -264.64368139498674 -0.332878 -0.108472 0.24132094 1.0
223.7992851043998 -245.61566034013418 -0.017395 -0.162679 0.23883726 1.0
244.26965636831633 -256.2738959499821 0.037905 -0.361969 0.251983 1.0
265.4392595875535 -278.9334472119813 0.311042 0.030071 0.28095922 1.0
247.21175639559357 -284.0051568353407 0.195996 0.355827 0.29385892 1.0
294.97875764581113 -317.11780706635886 -0.012334 -0.156327 0.34551087 1.0
250.0772235198129 -262.3639230772148 -0.122265 0.215459 0.2621767 1.0
229.6363595571811 -272.7779037333162 -0.420352 -0.274537 0.27489653 1.0
278.92649921322993 -324.2043965295657 -0.10036 0.442745 0.35778153 1.0
216.59292468724516 -258.455171659835 0.221033 0.297799 0.2616217 1.0
281.7034772810376 -308.514987515448 -0.068074 -0.250662 0.34544712 1.0
259.92762730799154 -257.28624850587386 0.261368 -0.129592 0.26374114 1.0
225.93333382677147 -247.9819514426453 0.239613 -0.140466 0.2581935 1.0
215.15566092932104 -230.43078395319097 0.375428 0.041931 0.24426913 1.0
254.5185911057898 -314.72888276006773 0.208576 0.265111 0.35028875 1.0
301.5503491749605 -315.50150763473124 -0.003367 0.252404 0.3498601 1.0
244.1658007984851 -251.71513475114708 -0.39757 -0.196602 0.25243324 1.0
207.33150730448756 -258.3697432036268 -0.022093 -0.029341 0.27135643 1.0
282.1670237572848 -291.56502873372546 0.22012 0.115644 0.31955972 1.0
246.1194574286839 -297.3018020986179 -0.137249 0.062505 0.34127432 1.0
210.73022001995005 -236.6129527882735 -0.770733 -0.359713 0.24372448 1.0
299.91466103041967 -306.5552939886694 -0.263159 0.119045 0.3553633 1.0
237.46363320670113 -238.97445301738924 0.130703 -0.408011 0.24553607 1.0
241.45831041154256 -239.460332510069 -0.048902 0.031024 0.24674612 1.0
246.36021639620702 -236.03928858124593 -0.063263 0.306892 0.24144351 1.0
220.14821458004403 -239.25100276309718 -0.402256 -0.300653 0.25567687 1.0
277.8955710738318 -280.52122162503275 0.019182 -0.261175 0.31893277 1.0
279.43872929431865 -283.2747161041315 -0.448205 -0.211072 0.31977427 1.0
210.84681193794037 -254.5085835264046 0.247267 -0.141603 0.26865584 1.0
237.47254985271775 -282.9931375818902 0.123691 -0.068856 0.30948597 1.0
218.36908890786998 -259.7777669354142 -0.06667 -0.160849 0.26850936 1.0
232.70529773097633 -276.02094921059205 -0.141666 0.030733 0.30978906 1.0
215.97560559095436 -250.58492200585553 -0.427199 0.169402 0.25889978 1.0
218.76529082349631 -245.70164741898907 -0.483369 -0.312033 0.2598037 1.0
219.29532769494517 -285.3927923945201 0.159322 0.015011 0.30512244 1.0
182.87217400322524 -239.4615371802317 -0.208836 -0.001063 0.23460707 1.0
229.06754608256318 -278.6321963610837 0.082841 0.555427 0.30994985 1.0
243.60376671094158 -267.3492731913094 0.528413 0.297776 0.2744444 1.0
229.24957079058396 -246.5579923537216 -0.002917 0.068798 0.2561383 1.0
230.2630714306859 -284.7456049318909 0.077995 -0.410291 0.29858553 1.0
209.63407645081998 -224.98410432197508 -0.067305 0.188403 0.21616882 1.0
223.81117748275645 -220.0926927961243 -0.027746 -0.033237 0.21641739 1.0
187.97809092270606 -183.0661261406316 -0.014836 0.213277 0.17170013 1.0
245.71787758660736 -231.64821865652274 0.036559 0.317205 0.24054182 1.0
259.0489042531867 -291.3624214199218 -0.032711 0.387487 0.31655946 1.0
283.9654022130122 -309.97949270475175 0.04942 0.266082 0.34478486 1.0
241.29951338398877 -255.37718524648147 0.238851 -0.364316 0.2618577 1.0
249.35465719928678 -250.70941818670423 -0.060486 0.287126 0.25425658 1.0
249.8924993363798 -250.92731898602236 -0.33189 0.017853 0.25405347 1.0
245.6972820876724 -244.88589679771428 0.022825 -0.157337 0.24521972 1.0
261.75714880510856 -246.9142128352737 -0.109079 -0.199011 0.24678923 1.0
208.01594834519022 -254.13473340663896 -0.128932 0.300958 0.2666649 1.0
233.15032580068458 -247.82891762594923 0.063762 -0.48109 0.2565849 1.0
232.27420175178122 -241.37763045849027 0.069054 -0.348754 0.24835664 1.0
233.49415572756104 -242.7045536626912 -0.003497 -0.152771 0.24821046 1.0
248.96701747391268 -245.10848358179308 0.149292 -0.00989 0.2531333 1.0
217.70435189685375 -234.93216712052023 -0.09123 -0.135244 0.25013676 1.0
211.29954654025292 -227.29318587100684 0.344311 -0.011124 0.23916447 1.0
216.10919986028256 -226.89045448238676 0.013645 0.164096 0.239635 1.0
218.60630223812143 -243.42190783512842 0.304053 0.229853 0.24329464 1.0
241.54514058617605 -294.25656859665736 0.542342 0.080065 0.327841 1.0
167.818572172124 -196.9448345913373 -0.249643 -0.253958 0.18983167 1.0
253.97970805838824 -295.8891121594736 -0.126263 -0.35322 0.32617798 1.0
283.5856234648951 -293.0694887912779 0.218725 -0.150612 0.32190043 1.0
248.69520440803458 -299.66016110922106 -0.259144 0.095681 0.34218955 1.0
251.89627518425456 -297.31352677405056 -0.002997 0.302998 0.33711407 1.0
257.4060305806235 -288.2496906218567 -0.717966 -0.372755 0.3235292 1.0
204.72775017457306 -227.06269404936677 -0.180243 0.125137 0.23112696 1.0
189.5958805439892 -200.0794706262582 -0.074302 -0.011611 0.19658467 1.0
240.06804461256326 -239.75265980884342 -0.236415 0.241571 0.2471839 1.0
244.40322634430393 -238.47513356516097 0.129946 -0.067483 0.24644838 1.0
256.41303849071085 -247.35731397962027 0.019908 0.390943 0.2571592 1.0
245.8826085962107 -236.71594243211806 0.02273 -0.081892 0.24192972 1.0
244.14826659228757 -275.82159909922916 0.01001 -0.030256 0.31300527 1.0
222.3433204405581 -250.80522664483323 0.120881 -0.316367 0.27081946 1.0
252.94651276343942 -275.2545836097381 0.120217 -0.142165 0.31074136 1.0
187.28761605412942 -184.98485496074397 -0.199008 -0.306102 0.18568598 1.0
238.16518111617083 -229.0843896858151 -0.472162 -0.237349 0.24340734 1.0
240.64722968688406 -230.63743287450583 0.223439 0.112726 0.24657339 1.0
242.61492789855464 -228.94968595928873 -0.012939 -0.199851 0.24370456 1.0
269.28575148128687 -252.18335283690556 -0.219432 -0.19909 0.27852446 1.0
187.97589956011046 -179.961885453715 -0.121426 0.231605 0.18353894 1.0
198.51568740502933 -235.61866406608638 0.011863 0.311093 0.23287034 1.0
174.92982716936118 -201.49976388777202 0.072409 -0.07924 0.19355218 1.0
219.72558344967877 -250.19828824559644 0.127552 -0.131928 0.27403912 1.0
206.70090841946202 -229.72962128977412 0.508983 0.17241 0.243346 1.0
216.34034038413589 -292.15903649204256 -0.024129 -0.171139 0.32088026 1.0
216.70656888998076 -293.8412565529242 0.321589 0.000757 0.32019365 1.0
203.24141802196337 -251.8600772769721 0.186552 -0.255603 0.27008653 1.0
189.53029303587132 -234.99764734357046 0.102181 -0.013983 0.24436729 1.0
218.92196026717278 -298.8375471300783 -0.008818 0.171294 0.3221996 1.0
220.07853455603112 -300.546930844119 0.29589 0.132487 0.32452533 1.0
216.2832621804866 -296.6405896597994 -0.041242 0.169356 0.31729463 1.0
217.10378588530807 -297.7126280050215 0.141775 0.14224 0.31856695 1.0
217.97397785394773 -299.2723307575633 -0.736497 0.256064 0.32052344 1.0
217.89813713552138 -299.1653001275282 0.362046 -0.134069 0.31988615 1.0
133.55121193017234 -176.55462548572245 -0.339605 0.322075 0.16403264 1.0
218.45920053378688 -288.7770092887177 -0.313938 0.2469 0.31568006 1.0
134.98838906790104 -180.96861145512833 0.107143 0.564862 0.16764668 1.0
205.6528221915373 -266.3186149741074 -0.230218 -0.35676 0.28651628 1.0
218.09512185530664 -282.1056494507728 -0.169456 0.288375 0.30201015 1.0
182.14607032658836 -237.40395407026836 -0.307597 -0.451817 0.23547345 1.0
160.1138483783165 -201.56710075220556 0.237432 -0.628222 0.19463637 1.0
220.4571417400734 -271.54660203969036 -0.123437 -0.228586 0.29286793 1.0
176.848934054831 -217.68349020899328 -0.205011 0.238515 0.2162942 1.0
170.6071171521906 -212.10974277267968 -0.19156 0.46492 0.2021154 1.0
212.52224652153063 -249.7348263273499 -0.22214 -0.59718 0.24834204 1.0
216.78394960776802 -247.81894636217783 0.469668 -0.496593 0.2514723 1.0
210.68045446348043 -234.53099092033764 0.132454 0.190944 0.23890261 1.0
214.33975172864953 -237.63490228131803 0.252661 0.007339 0.24141112 1.0
216.98857583831992 -240.0456382232122 -0.326289 -0.035551 0.2405483 1.0
218.14282024258506 -242.3822586836531 0.121502 -0.27393 0.24283941 1.0
217.99546600008978 -240.91897154875898 -0.18463 0.507504 0.2412458 1.0
219.17141473329923 -237.41772376489024 0.003407 0.423108 0.24656346 1.0
218.13417600102974 -237.6727453514809 0.205072 -0.17666 0.24512343 1.0
274.3765095187761 -299.9566443428081 0.066929 0.020007 0.3407798 1.0
227.40109708855627 -246.67900461010893 -0.343179 -0.189684 0.25747734 1.0
274.63116057122727 -298.2560884607306 -0.126073 0.064536 0.33687112 1.0
228.21843529656783 -248.2730515945474 -0.229681 -0.146347 0.2581971 1.0
252.85201423710552 -272.5645343362895 0.249187 0.229751 0.29592454 1.0
228.36617384570144 -248.52183485268847 0.163625 0.450598 0.25803366 1.0
278.3045089448968 -301.7114987901097 0.137629 -0.04896 0.3415746 1.0
240.73288596377265 -261.2861236144831 -0.042592 0.325073 0.2760353 1.0
230.9851767593834 -247.62945885003418 -0.239359 0.079343 0.25632238 1.0
272.6133304483376 -282.00230250744994 0.081473 0.033161 0.33022192 1.0
272.2404982917061 -282.75835646732645 0.062012 0.236022 0.32946447 1.0
266.4499026928653 -275.0991051190212 0.07892 -0.357904 0.32315677 1.0
268.9846290505761 -267.68821002906265 0.109461 0.169879 0.31021923 1.0
242.278971120952 -226.4443054039122 0.067926 0.109453 0.24285772 1.0
241.12287690021535 -252.5774743862217 -0.086516 0.299792 0.27892527 1.0
