X Y e1 e2 Z WEIGHT_SEEING
-430.3553035813415 -269.44585883106447 -0.014354 0.502198 0.26251143 1.0
-430.1405507317128 -269.33964631395304 -0.100931 0.141238 0.26255733 1.0
-305.56281382904643 -193.06180021997292 0.116819 -0.245193 0.16966565 1.0
-501.32551574340926 -313.19662467690347 -0.322065 0.124442 0.3113772 1.0
-532.0440618973353 -341.0312129725511 0.539681 0.302622 0.35637224 1.0
-544.8501588967198 -329.5114623744917 -0.490458 0.406857 0.34507173 1.0
-505.4939983816413 -326.8107664480991 -0.287842 0.014599 0.3443768 1.0
-472.50913165819367 -307.9433983954751 0.272532 0.649868 0.31475472 1.0
-437.98768327950324 -281.68612604839205 0.328254 0.146725 0.28456548 1.0
-434.98330986103514 -281.00951137464324 0.471578 0.088125 0.2834337 1.0
-503.6075702743033 -325.50025006697444 -0.047497 -0.350266 0.35253805 1.0
-482.1724516904378 -324.6845219881752 -0.102892 -0.220776 0.34991893 1.0
-502.2664924035893 -308.94899466233204 -0.661585 0.309745 0.3225212 1.0
-399.2576711404144 -248.19764595500493 0.18087 0.207219 0.23948027 1.0
-500.31974582486026 -324.1582376321853 0.123719 0.139503 0.35229903 1.0
-496.2716663018517 -327.967003836769 0.200731 -0.342123 0.35901406 1.0
-433.3216785091415 -262.24275120192675 0.010768 -0.008849 0.26246056 1.0
-494.38007610203755 -303.2517797358673 -0.345955 -0.336283 0.32457304 1.0
-445.7758147848537 -281.9556296041583 0.000709 0.079947 0.29092765 1.0
-566.3973968221602 -315.62651594388103 -0.334188 0.012678 0.34884614 1.0
-458.153334393494 -272.2359569979423 -0.015934 0.07448 0.28289476 1.0
-510.5161220389443 -307.74384094228174 0.172952 0.19387 0.340228 1.0
-501.534193161737 -313.25546097205506 0.120591 0.231117 0.35009503 1.0
-411.24041373704443 -259.54340088982195 0.216858 0.180362 0.26811188 1.0
-468.1306195906003 -256.26154858399195 0.068042 -0.081698 0.26246077 1.0
-567.8698326006876 -312.5046293151806 -0.034764 -0.020098 0.34920186 1.0
-472.6946330708745 -260.3555980522544 -0.04489 0.198435 0.27080393 1.0
-485.940923554944 -261.67682917526065 0.237059 0.282667 0.27792084 1.0
-486.83500602025566 -262.8193253753299 -0.113726 -0.122246 0.27972326 1.0
-466.4593428622416 -255.4041662360283 -0.738713 0.134651 0.2688552 1.0
-422.0487450097442 -235.2670398118587 0.498538 0.176307 0.24215193 1.0
-504.8162715036459 -302.3455181843068 -0.253206 0.247541 0.348917 1.0
-561.0286659985886 -293.8150047044526 0.477433 0.00891 0.33412492 1.0
-573.8109167123363 -304.4592906554604 -0.023611 -0.00702 0.35262403 1.0
-425.19056613581057 -232.3566478465788 0.394075 -0.110742 0.24373698 1.0
-420.3161566699478 -229.34998837123652 0.181654 -0.22149 0.23997635 1.0
-426.0473471427695 -232.9883649614857 0.180106 -0.200934 0.24460235 1.0
-454.7198354587346 -268.50271862893345 0.25757 0.407495 0.29835832 1.0
-393.21690780146696 -235.27295140031245 0.442354 0.046147 0.24884705 1.0
-546.6869197195002 -324.86500250120923 0.110361 0.03139 0.3516039 1.0
-422.5891892005012 -262.6435324835396 -0.039122 -0.043854 0.26185903 1.0
-497.29908814305867 -319.7298240557978 0.1074 -0.07836 0.3492493 1.0
-502.66519076177985 -327.5404973468242 -0.257871 0.040054 0.3595647 1.0
-491.3029827170086 -319.1709335842288 0.279996 -0.352001 0.349187 1.0
-534.1463306479525 -300.5458826100138 -0.120369 0.009226 0.31798556 1.0
-423.89755872254966 -260.32855692738656 0.082969 -0.042335 0.26289746 1.0
-430.42516124310407 -272.87847524929794 -0.054091 0.149545 0.28189716 1.0
-428.530398100614 -272.2139446574459 0.22013 0.069605 0.282198 1.0
-481.32436188785584 -308.9258038446704 -0.095596 -0.013136 0.33691564 1.0
-466.87871607012386 -256.12761729659013 0.347094 -0.050392 0.26057994 1.0
-578.821662260267 -320.262843316429 -0.143569 -0.379309 0.35863712 1.0
-484.6772892633121 -297.0800737943975 0.042258 0.181957 0.32732677 1.0
-498.43213144175684 -311.55372257687867 0.047218 -0.408114 0.34955698 1.0
-430.09399921226185 -269.68405986717465 -0.118364 0.09684 0.28321397 1.0
-494.59806510197916 -308.83930129985333 -0.090205 0.11513 0.34779647 1.0
-417.309265401628 -262.0579496161237 -0.129273 -0.002707 0.27355123 1.0
-465.9594501233945 -250.12359958073628 0.093514 -0.338684 0.2583201 1.0
-575.2625037480103 -310.39823461884356 -0.057589 -0.137131 0.35201198 1.0
-518.8001220421203 -296.2671379556695 0.071483 -0.200108 0.32962802 1.0
-451.53424920958713 -260.99209398553245 -0.267652 0.025707 0.2762529 1.0
-482.06049773041025 -303.5880257602201 0.004535 -0.005385 0.34653077 1.0
-465.9234893486666 -258.6949122945969 0.473117 0.050973 0.2767854 1.0
-459.26692319997744 -255.2186214728551 -0.598956 0.112774 0.271445 1.0
-468.53885664970875 -261.61591596661276 0.302192 -0.013204 0.28389698 1.0
-430.9685229651843 -248.8546318845924 0.06748 -0.452492 0.2667332 1.0
-507.53190312439733 -294.6020754838371 0.229407 -0.040254 0.33880928 1.0
-557.7849986891066 -299.1866436554511 -0.080654 -0.168344 0.35086265 1.0
-533.4673237233285 -292.50381530336654 0.010612 -0.004596 0.3411587 1.0
-538.8517464822639 -299.1632633986004 -0.125566 -0.313585 0.35335413 1.0
-424.8700987482164 -236.53939879231552 -0.03619 -0.091068 0.2533972 1.0
-474.05606229389485 -284.8559244219916 -0.184605 0.029066 0.33343908 1.0
-463.744001224196 -237.61248565852404 0.064856 -0.234843 0.2566923 1.0
-554.9402160322985 -288.9527905852087 -0.295836 -0.074277 0.33786717 1.0
-428.2477804923107 -224.391024672807 0.533245 0.286664 0.23697847 1.0
-548.5929220039654 -287.1754477510919 -0.041954 0.065711 0.33603624 1.0
-438.370182339644 -263.44260936835184 -0.060706 0.127067 0.29215944 1.0
-346.6871459872125 -178.2179339704854 0.068707 -0.018972 0.17362621 1.0
-459.92481207937414 -242.8969725881854 0.150132 0.060918 0.26102233 1.0
-543.8102609323677 -288.91390409759816 0.236366 -0.012144 0.33364832 1.0
-502.7243753125485 -265.45396992471217 0.258444 0.073595 0.29849297 1.0
-541.3261143038673 -290.28994234101003 -0.205307 -0.075535 0.34191513 1.0
-520.3376686516775 -284.62087418373386 0.237486 -0.496524 0.3307726 1.0
-456.41532474854637 -250.0637912771595 0.12053 0.352145 0.27462965 1.0
-579.1865194409168 -289.66306723848226 -0.19513 -0.645346 0.3426627 1.0
-466.0707496594341 -239.4407355458128 -0.41236 0.514939 0.26068982 1.0
-486.4376982393254 -286.8403488234733 -0.313761 -0.220618 0.28180283 1.0
-369.1737572676234 -217.79491240937278 -0.084243 0.108103 0.19650155 1.0
-493.05088344570237 -288.52897585342276 0.020177 0.187053 0.32381588 1.0
-410.5746909736026 -240.4786083856569 0.018517 0.008489 0.25145015 1.0
-423.69574548077424 -242.50378698937539 0.403957 -0.700335 0.24642278 1.0
-451.26764833928434 -259.3460896795717 -0.103344 -0.403188 0.28668118 1.0
-504.13129578446865 -289.8399975940814 -0.178796 -0.328654 0.34110308 1.0
-479.0351275635515 -273.08775196508435 0.053205 -0.067944 0.31508675 1.0
-535.4512959856308 -302.90743768955696 0.032001 -0.368321 0.31889805 1.0
-512.1851725887099 -290.6472280428334 -0.069648 0.294078 0.30665833 1.0
-447.63301621942657 -252.86585598416292 -0.070242 -0.055251 0.26477605 1.0
-403.38660395339895 -227.76052501022338 0.237067 0.078299 0.23876128 1.0
-465.35829698644176 -256.6135853952923 0.042293 -0.102504 0.26458615 1.0
-521.2346952186282 -287.7450322470488 -0.012936 -0.146767 0.32586393 1.0
-462.0517253947128 -255.33875933576968 0.272814 0.278037 0.2752203 1.0
-572.7390695835395 -311.1212154618884 0.104567 -0.129596 0.35219175 1.0
-573.3214207473014 -313.1086453710866 -0.12197 -0.191373 0.35389382 1.0
-553.0054418133311 -300.8007379920227 -0.458491 0.223555 0.34940088 1.0
-558.5810975382965 -302.338025405373 -0.035064 0.301152 0.35717738 1.0
-436.9153113438695 -261.3529478834682 -0.207184 -0.253994 0.24634887 1.0
-437.58390540478337 -261.7183032749532 -0.469616 -0.115798 0.24787615 1.0
-539.2927252606347 -327.2294137439846 0.011896 0.22549 0.34123647 1.0
-503.0218818825369 -334.6526149305319 -0.011508 -0.320123 0.353309 1.0
-356.1632603406937 -238.20555772612175 0.177217 -0.045403 0.21980119 1.0
-436.71861783812363 -291.85692587867175 -0.132037 -0.400768 0.2899595 1.0
-550.1847384058552 -328.2668743368017 -0.170557 0.097549 0.34758744 1.0
-523.313974451429 -330.6419656646512 0.139061 0.052341 0.35393387 1.0
-503.3703382131023 -319.02524492879854 0.262461 0.229298 0.33600515 1.0
-441.54195292852944 -285.5586260751477 0.019322 0.256638 0.28603342 1.0
-469.1035181843287 -301.9522902627835 0.131896 0.207284 0.31209967 1.0
-443.79195319957216 -287.6382208091011 -0.194024 -0.080785 0.28956068 1.0
-383.6869194592606 -252.5338216479876 0.140611 -0.175782 0.24113894 1.0
-492.5352413704345 -326.83532684901746 0.101861 0.706689 0.34787008 1.0
-485.06864993111776 -325.55017296579723 0.465667 -0.000349 0.34921452 1.0
-438.04791267023745 -293.47991189621496 0.001125 -0.020499 0.28961876 1.0
-548.8472521582993 -328.20741053985074 0.038416 0.298026 0.34539345 1.0
-548.2845975768361 -327.65425429059053 -0.023979 -0.1509 0.34463486 1.0
-409.27294140549157 -245.3000518849565 0.09004 0.12467 0.22874686 1.0
-438.6475765363139 -289.47666602400415 -0.202523 -0.435386 0.2894006 1.0
-516.9134554413262 -325.13926953766935 0.044302 0.133579 0.35197696 1.0
-355.5913653052822 -233.38229077718367 0.441884 0.368693 0.2201883 1.0
-434.4424017216178 -285.98003444007327 -0.017453 -0.340461 0.2910907 1.0
-411.24875313347883 -273.1280769409034 -0.256339 -0.078157 0.2719111 1.0
-541.4931652701135 -324.49249128201734 -0.074596 0.512389 0.3450394 1.0
-525.4024829025853 -317.6200946506058 -0.083504 0.427071 0.3357361 1.0
-388.82673182932365 -236.8803141325221 -0.148803 0.045889 0.22366479 1.0
-438.92437471650317 -281.33413529935535 -0.172299 0.344734 0.28565565 1.0
-354.3939135261915 -232.15980747556688 -0.119064 0.270336 0.22041176 1.0
-350.15617962070104 -229.44139335852725 -0.140336 -0.095688 0.21728508 1.0
-393.04072643380846 -236.6894060058655 0.166397 0.298855 0.22897825 1.0
-522.7426841164236 -317.07314786318125 -0.215268 -0.08446 0.34569192 1.0
-383.49366208841593 -233.1481690987609 0.277286 -0.236535 0.22502472 1.0
-513.9073822474163 -321.3611664912835 -0.184216 0.129643 0.35115543 1.0
-509.874602119591 -319.6322651363217 -0.079823 -0.025285 0.35076207 1.0
-436.7408531735941 -275.6540553000508 -0.186438 -0.012355 0.28281423 1.0
-437.71450651181465 -277.3814652456218 -0.027754 0.103882 0.28466925 1.0
-383.0375366197443 -242.7335092407809 0.277812 0.025599 0.23779973 1.0
-501.305147945099 -318.3694781149673 -0.267091 -0.100154 0.35063192 1.0
-501.14667089249326 -318.97905486391255 0.086727 -0.004916 0.35139358 1.0
-490.6348996686112 -316.60214318635036 0.099755 -0.032805 0.3492286 1.0
-567.6590341897629 -317.54640036245803 0.350015 -0.025806 0.3512842 1.0
-570.9757895449799 -318.6680525636137 0.374046 0.217617 0.35440883 1.0
-527.3036581220358 -294.40628862805994 0.149031 -0.049089 0.31458604 1.0
-496.72529251523684 -299.9492852710932 -0.100512 0.025613 0.32435346 1.0
-393.7358841237584 -237.83131016353877 0.163801 0.181874 0.23574792 1.0
-520.4269989499905 -315.14752821797913 0.267745 0.004113 0.35322985 1.0
-443.23004767135535 -272.4921546904885 0.046384 -0.046925 0.28252733 1.0
-446.10213403270427 -278.4272630959472 0.004303 0.05706 0.2924164 1.0
-500.37123516491573 -312.99278878175676 0.235705 -0.479264 0.34876445 1.0
-356.5431070371579 -224.6421514863287 -0.214458 -0.436336 0.22051297 1.0
-473.37734814971566 -260.7241268332531 0.073219 -0.341094 0.27042273 1.0
-466.48178172304506 -256.9926775888813 -0.168192 0.123792 0.26575705 1.0
-516.9503135054398 -289.8110268175114 0.126588 -0.338473 0.31351835 1.0
-468.95306717985403 -262.6426179814997 0.192959 -0.015443 0.27381456 1.0
-404.0675342078096 -240.30546066951771 -0.046622 0.028297 0.24314457 1.0
-512.7302619118885 -308.50914186818375 0.119802 0.046938 0.3481196 1.0
-503.8703736391075 -308.8772697867171 0.23873 0.111375 0.34947196 1.0
-479.95868841457144 -294.03365857478855 -0.320134 0.062969 0.32811525 1.0
-491.42643676772633 -306.7867315701929 0.122229 -0.277747 0.34802336 1.0
-487.5950473307696 -303.95155847234076 0.222158 0.120233 0.34540218 1.0
-484.89826528719544 -307.0130937843346 -0.16475 0.710165 0.34799466 1.0
-463.52817386488226 -253.86944481857094 0.173617 0.185368 0.26494876 1.0
-477.43286581843626 -261.5848808534682 -0.037991 -0.061957 0.27676454 1.0
-503.1174738309904 -275.84931391575594 0.076853 -0.018179 0.30159792 1.0
-428.69927188166423 -238.5809346901231 0.168438 -0.098193 0.24515684 1.0
-542.1917962629885 -302.6033908764442 -0.010155 0.318089 0.3427934 1.0
-526.13943425649 -299.84527633061396 0.235186 0.025908 0.34060264 1.0
-413.2982669948772 -235.56677885916176 -0.171419 -0.402801 0.2422264 1.0
-407.5586462739975 -235.1895735669606 0.212245 -0.050811 0.24282104 1.0
-445.54028856133806 -264.2286626983243 -0.061489 0.099814 0.28406325 1.0
-442.8183057046707 -263.00721710421277 -0.412394 0.142221 0.28214636 1.0
-391.1731747549323 -236.82708411955497 -0.196791 0.022701 0.24679978 1.0
-390.90249100007105 -237.81734036608762 -0.212912 -0.210157 0.24738173 1.0
-325.1083233662191 -201.42922019555206 -0.609857 -0.129536 0.2001413 1.0
-324.1641798961323 -201.8963092701562 0.069615 -0.112357 0.20086396 1.0
-354.76618247627 -185.74884263480087 -0.145134 -0.143387 0.18089592 1.0
-572.9162024214506 -303.33120339924085 0.221807 -0.134538 0.35330734 1.0
-572.5866830404848 -301.91573065717216 -0.056968 0.009131 0.35218087 1.0
-389.4811229687143 -209.15240570270325 -0.205168 -0.066318 0.21018499 1.0
-352.9860890762789 -215.8691061013002 0.126452 0.065877 0.22257994 1.0
-527.4385767908166 -300.51557549622066 -0.223315 -0.081664 0.31197906 1.0
-423.8223475302621 -250.9787552157677 -0.198642 0.025603 0.2438821 1.0
-527.9068600383364 -313.0533997626686 0.061747 -0.012084 0.332927 1.0
-430.8573298687859 -256.4385312563741 -0.091711 0.048652 0.24969372 1.0
-398.47115319111685 -235.9718838570468 -0.513611 -0.331134 0.22536378 1.0
-459.7725406111094 -276.83481712466505 -0.037227 0.277782 0.27870417 1.0
-423.5614130828933 -263.3640398673003 0.124941 -0.119371 0.26280984 1.0
-505.8015823017273 -321.0174385803096 -0.288692 0.238485 0.34819844 1.0
-433.305563907981 -274.30871478837526 -0.265473 0.559396 0.27715772 1.0
-283.94600764641496 -179.78488143533417 -0.234982 0.363262 0.16125412 1.0
-408.3369173967363 -264.78483162876637 0.136663 0.146194 0.26425755 1.0
-453.2899017414866 -298.9165138424105 -0.501372 0.213002 0.31562507 1.0
-459.33031027954496 -302.9577628267314 -0.14336 0.101554 0.32192436 1.0
-529.7047086854083 -297.79167134195666 0.088974 -0.21792 0.3143416 1.0
-402.0199525399191 -233.023371769362 0.087131 0.189082 0.2255567 1.0
-402.03455875569335 -232.94361543315145 -0.023107 0.167107 0.22571503 1.0
-521.0164574109501 -314.2414389264213 0.233722 0.092571 0.34547916 1.0
-521.3540031173316 -314.87466371446993 -0.034122 -0.071874 0.3459514 1.0
-475.49972336765916 -301.7177688964327 0.062388 0.11064 0.32608944 1.0
-495.5817983602358 -314.1843982790692 0.130965 0.14931 0.3459866 1.0
-474.3540461480406 -302.81089114946207 0.133191 0.067819 0.32722345 1.0
-489.84514590771425 -314.020374801078 -0.224553 -0.055006 0.3490904 1.0
-378.562504451247 -209.11491655784167 0.169954 0.207425 0.19826634 1.0
-486.0757301371581 -269.6900144070113 0.211584 -0.37272 0.28004664 1.0
-561.0079954513697 -313.1801978055782 -0.385392 -0.02892 0.34869906 1.0
-554.8248158565912 -315.78525214141604 0.297717 -0.016731 0.35168725 1.0
-418.0844693620872 -242.9323259025011 -0.272822 0.184627 0.2431321 1.0
-420.6641139681542 -243.15782086132543 -0.131202 -0.225575 0.24518478 1.0
-440.29773032267906 -255.74965705327105 0.014468 -0.31178 0.26254383 1.0
-291.2458451911863 -175.1715052937314 -0.067741 -0.174941 0.16193558 1.0
-429.6702905286531 -258.4825488884108 -0.489763 0.314088 0.26657638 1.0
-404.44759905506396 -244.68124129538117 -0.213993 -0.267617 0.24909924 1.0
-495.1037014781229 -309.7630859107419 -0.272436 -0.558056 0.3479973 1.0
-575.1420698964866 -310.39616800154835 0.007004 0.122403 0.35182038 1.0
-516.4667060513781 -294.54333584490547 -0.201984 -0.171487 0.32796752 1.0
-515.1937084153085 -305.1249096958609 -0.075016 -0.200551 0.3498867 1.0
-395.06789744406626 -238.4341848180399 0.219174 0.338957 0.2443341 1.0
-427.6608045859214 -259.58776430955885 0.01407 -0.019944 0.27407634 1.0
-475.5263401132341 -291.9529583109256 -0.032103 0.279996 0.32567373 1.0
-488.5723039805599 -304.10192994598805 -0.303872 0.21056 0.34720328 1.0
-558.6718173375937 -300.6832010192851 -0.451471 -0.447866 0.3462915 1.0
-458.05384680260903 -250.35530801987667 0.037821 -0.079261 0.26655975 1.0
-446.75883788391764 -274.0810817136557 0.026806 0.11382 0.3054152 1.0
-422.5890567944694 -235.17246474276695 0.038347 0.122855 0.24350737 1.0
-466.4497463394004 -258.9391782270752 0.113518 0.030169 0.27770075 1.0
-452.66095400068446 -253.1095908886729 -0.060957 -0.162796 0.26978347 1.0
-524.7917671626454 -299.5333523777675 -0.13003 0.140795 0.34542426 1.0
-415.378402155367 -240.13516517994938 0.029585 0.162988 0.25181216 1.0
-533.1712176109551 -292.30106593141613 -0.238147 -0.154974 0.341884 1.0
-441.9150764528854 -245.80034661784993 0.022354 -0.171491 0.2656235 1.0
-419.08825579379527 -215.3899027456771 -0.450214 0.107837 0.22460717 1.0
-465.3514347710618 -242.59720615709682 0.342713 0.071454 0.26252434 1.0
-542.5432650473645 -286.84951906322885 0.198642 -0.064936 0.33952358 1.0
-418.56275168258423 -222.9896869925731 0.041116 -0.12063 0.23784597 1.0
-524.7049903640801 -291.58979170372066 0.130055 -0.351222 0.34867895 1.0
-443.43019945752303 -260.5542826208663 0.251091 -0.038447 0.2992902 1.0
-389.0946804359686 -202.36749673510735 0.066517 -0.153058 0.21320552 1.0
-509.16016309686194 -250.3285767565046 -0.380608 -0.066353 0.28676233 1.0
-580.6662990901448 -285.2546009695111 -0.065424 -0.062722 0.34872994 1.0
-540.0485223293133 -273.1535213895964 0.004815 0.033044 0.33000186 1.0
-420.71151707991027 -212.3713218163825 -0.185675 0.181525 0.23271719 1.0
-544.1372812457956 -274.9522329197147 0.059252 0.083751 0.3358579 1.0
-511.7447660130734 -256.9646662449947 0.699255 -0.097147 0.31009957 1.0
-355.15946513539654 -213.56465926745662 0.252315 -0.325312 0.22054906 1.0
-539.6865602352545 -282.87307026484365 0.349099 0.016834 0.32415882 1.0
-459.4787205220388 -243.04713892078985 -0.254922 -0.118644 0.26237512 1.0
-495.4233049885311 -291.7924569430736 0.206532 0.034687 0.35170683 1.0
-428.0660962927761 -256.1351289655036 0.284879 -0.046395 0.28980997 1.0
-476.3997179725512 -237.40077074116329 0.002444 -0.065758 0.25865448 1.0
-582.1820034829916 -295.69701004476883 0.332121 0.249785 0.35359448 1.0
-470.97903328901344 -242.57855575892245 -0.00253 -0.005955 0.2651682 1.0
-402.716428438827 -207.6072094097214 0.132341 0.213571 0.21620744 1.0
-462.30406524526 -239.8728212944067 -0.342302 0.251149 0.26188847 1.0
-537.0495749738358 -285.839582041675 0.334327 0.041856 0.34042108 1.0
-416.7916591680528 -210.04799196514043 -0.145017 -0.02413 0.23213308 1.0
-414.305590778774 -208.48128352675005 -0.156878 -0.101136 0.23141657 1.0
-403.83610341259 -206.34677578380945 -0.09258 0.058158 0.22925633 1.0
-508.20380000141404 -264.3391320416923 -0.056775 -0.076674 0.3240612 1.0
-409.96358831264 -242.00835206481358 0.120369 0.295049 0.22853057 1.0
-390.83278870439557 -232.22926910776533 -0.127472 0.365075 0.22340296 1.0
-488.7903246676186 -284.79281947201633 0.284665 -0.090576 0.28148848 1.0
-522.1503297399809 -304.23578186275637 -0.659208 -0.075204 0.30887485 1.0
-531.226445094454 -310.213515271734 -0.066296 0.143777 0.31909862 1.0
-561.7007283573801 -326.1480293038016 -0.055105 -0.290928 0.3487678 1.0
-492.4253934119402 -280.58400706165725 0.381881 0.314396 0.28415337 1.0
-391.55533334868034 -224.4975059076671 -0.011381 0.036976 0.21090584 1.0
-408.7461243530589 -231.40335752097855 0.056528 -0.096964 0.24087887 1.0
-424.2947523227638 -235.4437083640238 -0.351883 0.195763 0.24538897 1.0
-420.5668895406538 -234.75597322391943 -0.131204 -0.055317 0.24502541 1.0
-489.4646540592964 -288.66644902285725 -0.019188 -0.424533 0.28361994 1.0
-553.9558805913902 -326.3605062344975 -0.230148 -0.109662 0.34567815 1.0
-362.25296722659755 -211.5412179945453 0.113836 -0.09446 0.1993628 1.0
-432.41138541456854 -254.17205966891285 0.114925 0.03952 0.26775837 1.0
-519.2756523787865 -303.3610599816871 -0.159102 -0.142056 0.34811473 1.0
-354.8585621801537 -207.81167733966979 -0.452459 0.174072 0.2163277 1.0
-365.69439980109996 -214.25415064295632 -0.091723 -0.125335 0.22795603 1.0
-496.0201771192962 -291.14999483038355 -0.107519 -0.362937 0.3511353 1.0
-418.149205569228 -240.73390891256366 -0.190008 -0.152429 0.22950687 1.0
-423.1552309965918 -243.74207129268655 0.031549 0.029084 0.24409674 1.0
-515.2874977776378 -294.7870183207101 0.127086 -0.044481 0.32665062 1.0
-523.833630421376 -297.4383275257484 0.128479 -0.103578 0.31302837 1.0
-544.8349257102847 -306.05359466430116 0.07959 0.042026 0.34571022 1.0
-543.5547005272108 -305.46260130203825 0.197135 0.013822 0.34731358 1.0
-444.46450202468435 -250.37555710715344 0.253846 0.051503 0.26146498 1.0
-440.636925654244 -247.06492257192647 0.005356 -0.014111 0.2584003 1.0
-441.567784498536 -249.51742858871552 -0.132219 0.059176 0.25993484 1.0
-389.94515753575257 -219.4739564759169 -0.148172 0.151151 0.2300787 1.0
-394.3302982926316 -221.7183348385574 -0.17098 0.23846 0.23350206 1.0
-380.05712873005064 -211.6797259741304 0.168678 -0.537793 0.20064527 1.0
-530.3338333949945 -292.78151655962944 -0.025954 -0.287578 0.31805834 1.0
-545.796827957892 -301.958606047897 0.208773 -0.010542 0.33222273 1.0
-468.4418180518087 -258.88969787674824 0.212546 -0.308605 0.26740366 1.0
-469.35954488436835 -259.048055851673 -0.351701 0.015526 0.275439 1.0
-435.3103451296839 -240.92094141145327 -0.039428 0.18372 0.25015685 1.0
-464.0697487325341 -257.3769747313355 -0.018769 0.056214 0.27530912 1.0
-534.965331578483 -293.4669635023105 -0.37786 -0.1212 0.3426416 1.0
-571.4879740227291 -310.39074837403587 0.322313 -0.23828 0.35071617 1.0
-569.9237062821383 -309.4173980748619 -0.237807 0.540203 0.34954953 1.0
-420.61130651962804 -228.71036346611203 -0.295706 0.011048 0.22840062 1.0
-557.2094118346752 -301.3599141814243 0.105396 0.299488 0.34006384 1.0
-405.69713226395913 -219.81428677892816 0.415613 -0.078956 0.22577874 1.0
-448.12270988439565 -241.31341603457136 0.016829 0.262432 0.2607267 1.0
-456.5741668089513 -245.57941753991952 0.24685 -0.092793 0.2675434 1.0
-453.1282172015007 -243.7601516041522 -0.513303 0.170418 0.26477295 1.0
-538.1083214913732 -291.1313330432066 0.036095 -0.026622 0.34101835 1.0
-434.2878634939525 -234.75071112410527 0.288225 0.244754 0.25223088 1.0
-498.7409052942202 -287.9543182956466 0.026512 -0.052189 0.34347567 1.0
-447.066528984436 -243.61210161841672 0.063489 0.271436 0.28048313 1.0
-473.3603889817494 -233.2106324708437 -0.006456 -0.339243 0.26133355 1.0
-504.0572886145788 -248.79158923150655 -0.093655 -0.04937 0.28677353 1.0
-536.1003362185797 -272.10711321707464 0.065545 -0.182981 0.32878873 1.0
-580.251936668599 -288.43108497982604 0.182871 0.237202 0.3532253 1.0
-570.2243386760423 -278.23375628591646 -0.109237 0.396133 0.3410666 1.0
-568.7606126769854 -277.9868397596846 -0.246396 0.074716 0.3409209 1.0
-525.4455691216193 -287.9271935201289 -0.119214 -0.049821 0.35286006 1.0
-536.366163907725 -293.57496943495005 -0.507843 0.185554 0.35004073 1.0
-446.62409954484957 -257.73000840536685 0.027375 -0.008277 0.30245358 1.0
-532.6154640376034 -291.8773620416183 -0.371615 0.260736 0.3478009 1.0
-485.14756638655695 -266.5329146600711 -0.097441 -0.130351 0.3039159 1.0
-463.40263375318887 -275.0025072852671 -0.436746 -0.056356 0.32477188 1.0
-526.9791050337749 -286.96435425197865 -0.045742 -0.317127 0.35018775 1.0
-446.50315861923104 -258.3759519036996 0.456114 -0.282072 0.3061035 1.0
-503.5362511969968 -248.3433848069771 0.266327 -0.163718 0.2863084 1.0
-534.6811120259705 -292.80816435843616 0.051716 -0.369551 0.34862515 1.0
-458.6260263683798 -265.4420885397809 -0.502652 0.031467 0.31108323 1.0
-527.2720046446618 -259.24978761278305 -0.197765 0.105422 0.29935157 1.0
-575.0995283367905 -290.5165610878771 -0.065865 0.049036 0.35535797 1.0
-551.8748896087476 -280.18814571026513 0.185551 0.207008 0.33687282 1.0
-498.3619784112869 -284.90485965840344 0.521012 -0.337615 0.34644502 1.0
-495.07647388771466 -281.3191233358692 0.009647 0.115448 0.34621504 1.0
-446.1514186914069 -239.99661198389322 -0.213633 -0.109581 0.26407224 1.0
-367.1863428311257 -199.4689725750613 0.099417 0.41535 0.20576948 1.0
-519.1319119869103 -282.19238403798926 -0.262244 -0.003274 0.33241823 1.0
-543.4514485760959 -294.83432631923006 0.059554 0.148446 0.35709718 1.0
-536.0399117656507 -293.5558388268038 -0.275006 0.447119 0.35124248 1.0
-338.37749726307544 -198.9074382313604 0.423458 0.035274 0.20892397 1.0
-425.03546912252546 -251.4664256374348 -0.145569 0.140549 0.28758332 1.0
-356.96110748278875 -179.28347880224229 0.176673 -0.428668 0.18224594 1.0
-420.41282743172684 -218.2648735863859 0.122972 -0.307382 0.2350727 1.0
-421.0977906411754 -218.3674476239487 0.014078 -0.37927 0.23571731 1.0
-431.72819203973785 -228.49238896786756 -0.149956 0.455266 0.25189838 1.0
-442.9839965166123 -235.908057565667 -0.124734 -0.08233 0.26217324 1.0
-478.1970957388438 -256.47321489715034 -0.045112 -0.134644 0.29805464 1.0
-507.4241852492269 -276.5120059162135 -0.010348 0.122824 0.33023635 1.0
-419.5800009713977 -229.38168231716492 0.284728 0.374074 0.25400144 1.0
-444.50906933989256 -255.94395040821004 -0.104967 -0.128183 0.30012846 1.0
-475.09916349771686 -272.7125866741383 0.003969 -0.072902 0.33274114 1.0
-344.7599611627331 -199.8383839611247 0.028 -0.054907 0.21497698 1.0
-452.78144627400775 -262.14458257529185 0.272927 0.222748 0.31238672 1.0
-425.8963333981631 -247.98683304550076 -0.107448 -0.017135 0.28819096 1.0
-581.5906956564514 -287.59692429145457 0.179225 -0.227993 0.35344973 1.0
-538.374914600811 -272.91082219791497 0.030501 0.052456 0.33057457 1.0
-427.1810985557858 -223.65160635588398 0.084259 0.029858 0.2506977 1.0
-428.0627422210316 -222.75339671783152 -0.347986 0.13674 0.25120968 1.0
-443.52891410961377 -236.73147545545766 0.142378 0.309378 0.26234776 1.0
-440.2688773514475 -234.85416143465807 -0.006948 0.079306 0.2599255 1.0
-516.3867388308381 -280.03633334027313 0.203576 0.021057 0.33259985 1.0
-519.1362853488179 -283.1690562788026 -0.027847 0.036704 0.3373311 1.0
-528.8009912077814 -288.28779104399564 -0.217104 -0.390193 0.34940532 1.0
-470.1514041916372 -273.2384007664323 -0.016323 0.322505 0.3294845 1.0
-580.0276450434006 -291.9915777395209 0.03073 0.230971 0.3559122 1.0
-582.0007729641449 -292.16922617392265 -0.249821 0.003402 0.35787943 1.0
-543.1665170184837 -273.07426600292644 0.347269 -0.093847 0.3241313 1.0
-578.8719622268943 -291.8837771997256 -0.496768 0.116085 0.3594931 1.0
-456.0485462104298 -233.30904502756846 0.431218 -0.160078 0.2616335 1.0
-455.8017495542864 -234.15897848604564 0.115678 -0.239541 0.2620081 1.0
-499.90485264589654 -256.7941061231924 -0.234685 -0.083701 0.29862583 1.0
-540.8236524612689 -279.1926785195405 -0.225124 0.071468 0.33825958 1.0
-535.3345512017808 -293.6227166161401 0.126799 0.057413 0.34939724 1.0
-573.98504970357 -276.9079127890316 0.012805 -0.318655 0.344027 1.0
-539.8429094892194 -263.62183373577807 0.115415 -0.150863 0.3224165 1.0
-455.57068818334375 -239.54647068178073 -0.168275 0.113058 0.28738457 1.0
-489.7481593730335 -265.10072718196625 -0.216063 -0.169731 0.319253 1.0
-434.5054137707791 -240.46138116296981 0.239765 0.264648 0.27830437 1.0
-516.3294937173571 -249.9370677878022 -0.039097 -0.012143 0.28935012 1.0
-475.13136752544665 -230.4714094906566 -0.083436 -0.068255 0.25975373 1.0
-434.5466434218494 -240.55549963122334 -0.202933 0.013094 0.28609884 1.0
-483.5045153364788 -269.7928818632132 0.193161 0.165741 0.33830222 1.0
-362.4486794628947 -204.3736883098958 0.324916 0.237172 0.23031797 1.0
-461.00846548696086 -225.73995921569963 -0.225521 0.117655 0.26324105 1.0
-550.6712623894825 -272.92096894614946 -0.185323 0.084402 0.3432131 1.0
-565.9288802880609 -269.5955495041433 0.711292 -0.143623 0.34428316 1.0
-568.491111017685 -275.2858446452875 -0.77292 0.277633 0.35742813 1.0
-507.44345847272626 -245.96475301695 0.338125 -0.30678 0.30462047 1.0
-539.7707046936266 -272.7806172843292 0.195693 -0.64335 0.35868958 1.0
-390.48985509019946 -204.10411338689394 0.049365 -0.031848 0.24088052 1.0
-493.3300595554572 -260.4779455431903 -0.273452 -0.107591 0.34041378 1.0
-453.82655494169416 -218.33414157220088 0.443818 0.234704 0.26070413 1.0
-474.19476352297005 -248.25995765422462 0.390586 0.161835 0.3099569 1.0
-493.5022417997574 -261.74087235108414 0.172331 -0.180865 0.3381041 1.0
-445.37111573938904 -240.1366435501188 0.191806 0.063677 0.29885995 1.0
-445.71117621046227 -249.37420509987115 0.026895 0.341236 0.29477724 1.0
-470.83389747556225 -258.9365419182822 -0.250168 -0.147068 0.3083379 1.0
-493.1289319066122 -264.2790716401575 0.505033 -0.13383 0.32255828 1.0
-378.7613460218346 -213.28523217899127 -0.214301 -0.044311 0.23433378 1.0
-281.19920989850243 -162.7108107567588 0.206998 0.099823 0.16685806 1.0
-451.7848096864084 -216.5724776917742 0.26132 -0.419832 0.23445769 1.0
-594.8733493414751 -286.7211133429492 -0.061914 0.267901 0.34874222 1.0
-345.40680656374326 -191.75806068412712 0.070348 0.001842 0.20916712 1.0
-468.15013887434793 -268.1232301015052 0.526112 0.067322 0.3319722 1.0
-464.515468855886 -266.9811620118821 0.171743 0.033594 0.32843912 1.0
-526.0687935023702 -252.63755716571637 -0.022736 0.099273 0.29925436 1.0
-580.4257570718975 -277.44323035916125 0.574787 -0.063699 0.34469596 1.0
-540.9441882066867 -259.8698158859524 -0.168679 0.097077 0.31183037 1.0
-574.8622348429188 -276.6659094144351 -0.198447 0.357306 0.34491965 1.0
-371.31800149177195 -185.02037137232557 0.186098 -0.359643 0.19994378 1.0
-377.27114289015935 -191.25385811732565 0.192587 0.147927 0.20954777 1.0
-404.79722769913104 -206.66956628628947 -0.263558 0.287643 0.2322373 1.0
-377.94280751431 -198.813309489448 0.107239 -0.152885 0.22169648 1.0
-443.2327973339593 -233.0556834700748 0.169157 0.164305 0.2764707 1.0
-493.79816560058964 -261.0287428806615 -0.079315 -0.061434 0.32406974 1.0
-486.3642427100888 -262.26940696362215 -0.170786 -0.039984 0.32528126 1.0
-475.9405515777722 -259.53986856855846 -0.011936 0.15277 0.3259669 1.0
-443.57149025162187 -242.87416550904967 -0.195051 -0.214209 0.2948118 1.0
-482.08353546981186 -264.2288399664131 0.210908 -0.275174 0.3331972 1.0
-441.675387267532 -242.98657375851647 -0.272229 -0.010684 0.2942157 1.0
-441.81940305181064 -244.1988792898823 0.084843 0.033366 0.29657844 1.0
-442.70026496267604 -244.4218138001531 0.142615 -0.362216 0.29745448 1.0
-473.0182816985247 -261.5269457494089 0.065672 0.114763 0.32820523 1.0
-503.0940641582641 -243.81595888875023 0.184386 0.141688 0.2705368 1.0
-372.1376253496722 -181.85059065766936 0.041667 -0.13504 0.1846711 1.0
-532.4655271063599 -260.8227275442123 0.051053 0.19008 0.30186373 1.0
-475.8297954435835 -268.1607188494194 -0.045788 -0.06724 0.32784823 1.0
-483.6131691402175 -230.9621489188666 0.217936 0.182755 0.25895613 1.0
-478.74391728411103 -229.29116788559543 0.338442 -0.267583 0.25892735 1.0
-486.2124911978737 -268.22229268252005 -0.049931 -0.322919 0.3366317 1.0
-367.3069579640962 -205.9311003379975 -0.422069 -0.313695 0.23081978 1.0
-523.4103275550945 -247.3154641893365 -0.17724 0.564592 0.29199034 1.0
-575.1040220662359 -273.49135075169454 0.345608 0.219299 0.33994144 1.0
-574.4768214444929 -274.52499425415624 0.013185 0.227141 0.3464415 1.0
-452.7244779683853 -227.02838274699386 0.160566 -0.384628 0.26693442 1.0
-373.9481030864704 -189.12602721644095 0.199196 -0.419362 0.20992567 1.0
-390.69224839850835 -200.32668104088214 0.194563 -0.124089 0.22546947 1.0
-412.2280517861264 -215.1290640302224 0.166783 -0.122099 0.24964777 1.0
-372.3108218002552 -197.2629087800351 0.261292 -0.519603 0.2234841 1.0
-444.0439732496497 -240.6407106569227 0.055745 0.018828 0.29332212 1.0
-485.2545550226085 -262.9813846948292 -0.033573 -0.010271 0.33583435 1.0
-482.2563327957381 -262.87344365273873 -0.043251 0.01999 0.33399147 1.0
-358.3667396382955 -199.23928947276409 -0.11812 -0.12313 0.22907574 1.0
-493.78098184550936 -271.4826326087711 0.133804 -0.094741 0.3590436 1.0
-452.2205971316601 -207.92204353940116 -0.134627 0.346448 0.2346494 1.0
-450.57891293291385 -207.3575835997572 0.376234 0.342858 0.2348056 1.0
-363.33591523425645 -170.76952649703594 0.0556 0.12581 0.18409075 1.0
-576.8270253739682 -272.69589452110165 -0.046423 0.216804 0.34837964 1.0
-554.8273876845702 -264.0441203188096 0.131995 0.085904 0.32957694 1.0
-437.05636249698796 -207.92320705341285 0.282901 -0.324152 0.23839156 1.0
-555.1392908147368 -268.31667226455494 0.12282 0.087056 0.3405735 1.0
-547.9463804597696 -268.20932685848265 0.09611 -0.078801 0.34519628 1.0
-516.7024579498982 -252.69275609940846 -0.279418 0.299077 0.31669357 1.0
-516.9840774449125 -252.85252027311884 0.014262 0.018312 0.31752244 1.0
-388.3128550119142 -193.0309677897509 0.189024 0.004588 0.22136404 1.0
-534.6504866894685 -269.20395352020887 -0.099062 0.087328 0.3489096 1.0
-425.55900350361054 -213.83902266242882 0.509019 -0.062124 0.25418723 1.0
-421.56776018616677 -212.3353767745566 -0.146175 0.012042 0.25164866 1.0
-419.0597509964564 -211.20005720920233 -0.376406 -0.116936 0.24994412 1.0
-371.4624744303368 -188.90103935563354 -0.472721 -0.183743 0.21565394 1.0
-386.3943202619374 -202.4363288078744 -0.069656 0.002763 0.23689777 1.0
-407.49556754160625 -214.49060249825553 0.374697 0.020995 0.2567289 1.0
-580.6803231579011 -266.37646397932383 0.181998 -0.188049 0.34260565 1.0
-518.8257222501873 -242.23537857408868 -0.212909 -0.576592 0.301677 1.0
-379.101649016396 -185.55327202017577 0.233527 -0.384155 0.21549243 1.0
-490.90670850935646 -252.4399499020947 -0.017028 0.561001 0.3331351 1.0
-583.0394586691227 -261.70285289740156 0.022326 -0.048791 0.34189966 1.0
-481.551925380118 -224.87827385960583 -0.110679 -0.001848 0.25898144 1.0
-314.54971094808155 -153.1480087865517 -0.091196 -0.293336 0.16152784 1.0
-513.2048010321597 -253.55452074907132 -0.250328 0.225178 0.31273326 1.0
-514.9057211561161 -258.1761730762254 0.394178 -0.174286 0.32240242 1.0
-571.3808314104314 -264.95004018768816 -0.185383 0.128419 0.33843407 1.0
-452.5651946607577 -217.80599211265397 -0.042838 0.025369 0.2597819 1.0
-387.17261489701656 -192.102123013503 -0.175948 0.093387 0.22038975 1.0
-493.55072156895085 -272.7052834242332 0.377922 0.435885 0.35083172 1.0
-393.7594752419172 -201.64279983711583 0.02965 -0.119345 0.23055433 1.0
-379.6963115836272 -194.41150020177417 0.00052 0.171334 0.22221348 1.0
-475.173438472275 -248.42357741241847 0.084811 -0.077837 0.31167716 1.0
-475.68942380706426 -256.862144642553 -0.021785 -0.097004 0.33091652 1.0
-359.45291022565414 -195.31901440083445 0.018127 -0.278084 0.22740206 1.0
-408.5914037669986 -211.8423096645616 0.038463 0.036199 0.25777793 1.0
-485.25294806358977 -272.1317865362682 0.316661 -0.241755 0.33117992 1.0
-488.68992758015554 -274.44076261109234 0.017772 -0.095046 0.33634368 1.0
-417.5248207290562 -225.31904996506807 -0.041978 0.021295 0.25375095 1.0
-466.0342848760839 -250.41849869662985 -0.225432 -0.232168 0.2969204 1.0
-463.3131491780293 -248.9113015210828 -0.43988 0.049864 0.30065766 1.0
-461.89826211035245 -246.250135307466 0.00034 -0.048234 0.30333877 1.0
-403.4306410807947 -214.77089720935254 0.150177 0.132642 0.25242978 1.0
-581.5835849031362 -258.8622667762617 0.381581 0.151849 0.3523125 1.0
-549.2243663613261 -266.63597558917655 0.127881 0.273709 0.3561694 1.0
-505.8994929328746 -258.4745731736833 -0.463139 0.232818 0.333524 1.0
-511.30162791104306 -254.28696140522405 -0.176209 -0.088226 0.32963777 1.0
-511.4589737806162 -263.12221351019826 0.329216 0.426865 0.3575441 1.0
-485.84102306456543 -248.5605832731802 0.114719 -0.14135 0.3144181 1.0
-516.7432188907354 -248.96756202263856 -0.179619 0.227934 0.31701788 1.0
-468.37472161418543 -228.36065540168653 -0.079988 -0.333912 0.28091124 1.0
-446.2342798999701 -231.65889860069072 -0.031627 0.254644 0.2953247 1.0
-481.06499476232756 -249.70095546179246 0.086191 -0.127225 0.33061913 1.0
-413.43366596489 -212.2577190634445 -0.182985 0.372315 0.25533596 1.0
-384.8560566444137 -185.90513907917668 0.084566 -0.170869 0.21636537 1.0
-508.4623358897971 -245.8101905876398 0.048933 -0.235885 0.31864578 1.0
-439.4331612246372 -234.1457919724541 -0.014774 -0.136384 0.298025 1.0
-276.9305073915074 -147.7049384607637 -0.095997 -0.250441 0.16410759 1.0
-505.8978558086604 -258.4845496833712 -0.01514 0.050944 0.3334268 1.0
-364.2491081960414 -186.80453878040106 -0.235113 -0.04629 0.2141488 1.0
-362.10368484361555 -193.587284096094 0.237424 -0.463815 0.22731899 1.0
-560.8028851382201 -267.92444755897657 -0.069809 -0.084019 0.35845423 1.0
-515.6655757562459 -249.89440590117263 -0.106447 0.273918 0.31905484 1.0
-368.3768001969223 -185.61614578265875 0.039456 0.215459 0.21849911 1.0
-496.5742525379026 -254.76939983347486 -0.322846 0.103051 0.33720416 1.0
-475.52859233409134 -245.0741191520598 0.304674 -0.264654 0.3209447 1.0
-305.8333997044037 -158.93180299540506 0.215166 0.120413 0.17998861 1.0
-277.9674985794234 -146.37386838415284 0.011681 0.078042 0.16388011 1.0
-563.2896783185147 -257.00114369536914 -0.163982 0.086368 0.3400499 1.0
-510.3030933307541 -234.95694442089925 0.005941 -0.008827 0.29712093 1.0
-377.08137179045934 -175.5957188078053 -0.021711 -0.3748 0.20176433 1.0
-329.2912541637222 -154.4142196067859 0.14737 0.026717 0.17227139 1.0
-394.4206064180759 -187.08025089999066 0.035101 0.082094 0.22223088 1.0
-391.00832829631617 -184.93072022668002 0.076539 -0.267247 0.21986285 1.0
-413.97485823599294 -205.16415724687232 -0.121225 -0.098295 0.2548665 1.0
-511.0008258195239 -254.42527887778456 0.288223 -0.224091 0.34573793 1.0
-570.154140072567 -255.1042776100072 0.52968 -0.102526 0.34826064 1.0
-400.40513406348435 -193.29782730189996 -0.184251 0.11664 0.22294252 1.0
-387.7476879534808 -189.0227992522227 0.023589 0.020601 0.21750435 1.0
-371.18126911589803 -186.38416676019193 -0.053575 0.050172 0.2152348 1.0
-511.32673806871026 -237.7048622979465 0.317236 0.034498 0.29731354 1.0
-314.1926920245913 -149.4504098581858 0.142087 -0.008282 0.16569768 1.0
-321.3870532247534 -157.03616527489513 0.015916 -0.132213 0.17755447 1.0
-501.43278011121885 -251.67908130477352 0.146311 -0.147824 0.3352027 1.0
-416.03835831389677 -223.96168098575873 0.270536 0.175849 0.2795428 1.0
-479.76735706617154 -245.1863924785899 0.201435 -0.116958 0.32443002 1.0
-445.241395770422 -229.10967481159122 -0.096087 -0.208549 0.29433766 1.0
-389.40067798710646 -173.9943930966704 0.092264 0.05598 0.20103417 1.0
-363.3555863049195 -163.6092209125447 0.002426 0.043765 0.18929516 1.0
-494.2179026487604 -252.68842024904907 -0.132511 -0.093183 0.34635082 1.0
-552.4659138361482 -243.18527899117208 0.021855 -0.055448 0.32086512 1.0
-544.1769796590027 -249.54041520326882 0.408002 -0.099913 0.34159106 1.0
-455.08263405366245 -217.19254714330006 -0.31355 0.014444 0.28728807 1.0
-464.88699579656935 -242.02624331290093 -0.282741 -0.182471 0.3215147 1.0
-522.6821791404269 -226.89651675276824 0.009593 -0.010487 0.2988478 1.0
-536.547378469153 -246.60703252736104 0.064145 -0.06007 0.35779515 1.0
-449.4065054045128 -213.57364194883394 0.004246 0.253194 0.29215577 1.0
-513.6116956426077 -243.70156093913792 -0.020845 -0.330234 0.355972 1.0
-382.4323540279038 -168.22022625552677 -0.288822 -0.109258 0.21040942 1.0
-442.8583085473968 -196.3982518793944 0.052102 -0.056252 0.27533665 1.0
-511.8729030477492 -236.54258114356958 -0.239014 0.033432 0.31120312 1.0
-519.1642594893184 -241.6316832694778 -0.50177 -0.316603 0.32718995 1.0
-455.44670327114665 -219.1374130964241 0.069623 -0.076672 0.28838322 1.0
-574.4795340066267 -249.58843163028683 -0.297643 0.554543 0.33635202 1.0
-571.4112391806542 -253.26673881290668 0.366826 0.027467 0.3491273 1.0
-570.9611599341179 -253.22447129694868 -0.053373 0.066716 0.3521859 1.0
-566.1411100195207 -251.1563514430685 0.233899 -0.221973 0.35083824 1.0
-478.2841881936842 -205.44779558907348 0.376432 -0.050766 0.26438472 1.0
-451.58961702348563 -208.90853210438678 0.08821 0.230017 0.28501394 1.0
-472.6554145157085 -206.48223825499994 0.096884 -0.02355 0.2856096 1.0
-476.65908163790897 -212.21963924680367 -0.057457 0.119321 0.29904437 1.0
-559.8075946704669 -263.6823965686548 -0.026656 0.117057 0.35748753 1.0
-402.33692409245714 -190.13386949818562 0.021557 0.268095 0.22517528 1.0
-498.5955649539359 -248.11827130873675 -0.011981 -0.237344 0.3379641 1.0
-421.61062534828767 -212.97267769852695 0.03169 -0.029886 0.26943108 1.0
-446.72476068236443 -225.87862020363363 0.080993 0.095837 0.29473388 1.0
-473.540639651384 -240.8328295152952 -0.088912 0.023944 0.3213216 1.0
-422.9951628850019 -214.73334782514564 -0.22935 -0.127605 0.27463424 1.0
-340.0486627212521 -175.39067583066318 0.162895 -0.029775 0.20907827 1.0
-453.9527901927351 -219.24464034040213 -0.103615 -0.156799 0.28520358 1.0
-498.55842026014454 -244.69590261414493 -0.087595 0.291294 0.33836022 1.0
-558.9393905137249 -264.3219986832346 0.121172 0.047574 0.3566865 1.0
-350.11364055690314 -163.9692699784448 0.019793 -0.102077 0.18878993 1.0
-315.0539385376824 -147.82220157442322 0.071486 0.062419 0.1670938 1.0
-383.28965828871605 -180.97432757304858 -0.007436 -0.275803 0.2143102 1.0
-386.9285211155653 -183.9442441089341 -0.014627 0.172882 0.22163936 1.0
-435.64404264521954 -208.3276048152401 0.388013 -0.245554 0.2599286 1.0
-366.5379042940995 -179.26245629427146 0.12158 0.064128 0.21508871 1.0
-466.51222698507024 -228.4629655262324 -0.077248 -0.301374 0.30085632 1.0
-479.48676567215887 -210.80132221231307 -0.183813 -0.228206 0.26447397 1.0
-341.2920597280689 -159.93002906899918 -0.207303 0.069919 0.19158724 1.0
-430.536078128317 -205.84563768565644 -0.058537 -0.064945 0.2665171 1.0
-428.00608055511185 -204.6613301637178 -0.153649 -0.043291 0.26472574 1.0
-452.67980077010213 -217.29280569425939 0.254838 0.139321 0.28628424 1.0
-498.0290419538904 -253.06506076282622 0.109558 -0.169672 0.35580435 1.0
-428.84523604972804 -206.28244548250285 -0.367818 0.27013 0.2709539 1.0
-497.6818979065857 -242.4961921029297 0.132369 0.04349 0.33850172 1.0
-346.12536130541184 -167.7459972825486 0.025982 0.028146 0.20615403 1.0
-360.7765201517515 -175.02575644511765 -0.000658 -0.086725 0.21754676 1.0
-354.7236019028099 -172.86447437973268 0.497174 -0.441579 0.2129817 1.0
-379.05648162109327 -184.62745806641692 0.198635 0.041823 0.23449077 1.0
-304.76433826191897 -149.27857686929542 0.056297 -0.259837 0.17796522 1.0
-360.9179221812163 -174.59625530985576 -0.584408 0.198085 0.21871701 1.0
-480.71614302371324 -206.0158551106788 0.013077 0.06667 0.2593489 1.0
-441.8030171034255 -191.31443805190224 0.004238 0.400531 0.23754385 1.0
-437.336853094115 -189.5360019090887 -0.157064 -0.09568 0.23624796 1.0
-435.4272159713993 -188.2915704758145 0.058518 -0.054771 0.23476702 1.0
-563.4036202458416 -249.84072095619607 0.198458 0.075543 0.35102275 1.0
-493.3297073760522 -220.43959766851435 -0.006293 -0.140504 0.2950714 1.0
-533.6583463000557 -244.83960802954957 0.097301 0.763391 0.35117796 1.0
-535.0330094742344 -246.77621979764243 -0.016917 -0.048726 0.35798636 1.0
-336.55318087144343 -155.06665448571974 0.063602 -0.207759 0.18969856 1.0
-335.38096722978656 -155.78661649598868 -0.342568 -0.065347 0.18933037 1.0
-406.9660433599497 -177.59937818794808 0.6485 -0.052738 0.226445 1.0
-540.740708758651 -240.4706357673061 0.386351 0.170848 0.35141724 1.0
-539.4020699935187 -240.6859013402117 0.111896 -0.083318 0.35356283 1.0
-395.64020324705024 -177.4348858992115 -0.191804 -0.06784 0.23251484 1.0
-358.66471143493635 -163.89468091555113 0.292089 0.261287 0.2100789 1.0
-422.46674927703145 -183.53159470580354 0.154645 0.041035 0.2496051 1.0
-531.1711904936576 -234.69985308170752 -0.368167 0.107442 0.35362172 1.0
-466.64408029005466 -214.27994446523007 -0.197626 0.001126 0.26886562 1.0
-562.4727486878262 -258.95434492805504 -0.126452 -0.039091 0.35483864 1.0
-495.1162695384696 -231.74832806832222 -0.364106 0.203717 0.3053643 1.0
-390.26818722459257 -182.75862164802706 -0.235791 -0.001927 0.22266912 1.0
-430.7490229686204 -203.94331353255393 -0.36247 -0.107326 0.2600392 1.0
-430.4479820070845 -204.01328541506035 -0.351949 0.032488 0.2600308 1.0
-472.9872699585501 -227.37174695790054 -0.217697 -0.021842 0.3024449 1.0
-574.6197439392549 -249.74706666172176 -0.262911 0.134511 0.3365411 1.0
-563.8043135472124 -251.41468205883675 -0.712924 -0.21733 0.35170496 1.0
-506.55373240028933 -230.18241906091455 0.290511 0.218176 0.31258768 1.0
-445.70909820359464 -202.38147727488396 0.011052 -0.259247 0.2620774 1.0
-348.4178226798239 -160.65655880254008 -0.205671 -0.010497 0.1920225 1.0
-444.23774869873637 -204.7902856610026 0.486619 -0.219719 0.2650198 1.0
-527.3061566471334 -246.6161503123886 -0.280503 -0.090684 0.35315853 1.0
-436.46269006004644 -204.6157930163235 0.159743 -0.164118 0.2703618 1.0
-436.34145939316335 -205.36811547747436 -0.073686 0.182004 0.270658 1.0
-355.0063738200402 -171.48148603902766 -0.154971 0.681151 0.21437138 1.0
-519.7707577909531 -221.8288742204364 -0.337362 0.461004 0.2948637 1.0
-483.80727860753746 -207.13946725206537 0.176414 0.204015 0.26808426 1.0
-479.21786116757823 -205.2948050390418 0.006218 -0.008766 0.2647699 1.0
-480.13477304985344 -206.17984879446973 0.065205 -0.161335 0.26556894 1.0
-437.6290171438594 -188.6177031455284 -0.023587 0.122535 0.23640853 1.0
-374.600215756249 -161.85642109995374 0.403566 -0.219315 0.19627078 1.0
-325.27615773984127 -149.23407712549124 0.017351 0.026453 0.18268839 1.0
-444.0901993456256 -205.0199890867101 0.07764 -0.185527 0.27990153 1.0
-374.9102945973326 -162.09590360377902 0.054805 0.16507 0.20293432 1.0
-514.3444230616802 -221.79389621748453 0.337419 0.058811 0.3132186 1.0
-524.2967529683073 -234.40186257057294 -0.063948 -0.121056 0.3513942 1.0
