X Y e1 e2 Z WEIGHT_SEEING
-709.0380027610214 4.015090859071087 -0.354021 -0.119075 0.33622172 1.0
-768.1740066641489 -1.8629703318961395 0.196507 -0.209468 0.354204 1.0
-767.1542111419604 -1.6112955268096925 0.268079 -0.112417 0.35519582 1.0
-680.3034393939856 13.223799224214746 0.033547 -0.156974 0.31083468 1.0
-668.5907288461752 8.752811860019213 0.098532 0.001531 0.29195252 1.0
-658.4738727371541 19.07671057066462 -0.083294 -0.259233 0.29448497 1.0
-690.7951226601865 22.307629716907627 0.124601 -0.316552 0.30856594 1.0
-724.629934475832 24.241743366690503 -0.041569 -0.003345 0.33527803 1.0
-714.895640671772 3.5463923614807107 -999.0 -999.0 0.3175062 1.0
-641.6910224596046 16.755881420263197 0.107283 -0.054332 0.28556645 1.0
-626.5862571660173 18.275431732197585 0.310126 -0.309956 0.26396903 1.0
-709.8265177605078 20.67517782920081 -0.274157 -0.209481 0.31683874 1.0
-656.4772485639592 21.77625759856265 -0.138475 -0.623864 0.29490772 1.0
-677.543208956638 21.10183072400018 -0.028564 -0.066864 0.29466036 1.0
-659.1885711927484 -20.318474621026123 -0.051202 -0.035848 0.30169487 1.0
-701.9222639853157 -34.085646809154916 0.257801 0.08716 0.3180026 1.0
-738.3123571423091 -35.104040444416064 0.083208 0.611972 0.34348682 1.0
-762.0410398380454 -33.03797934014223 0.076625 -0.064864 0.35666552 1.0
-602.9575315423592 -22.35194191745137 -0.126476 0.307816 0.24977238 1.0
-733.0463308355996 -6.6598482792435005 0.238914 0.114445 0.33475438 1.0
-716.7351412105193 -0.45923555609151034 0.001621 -0.081293 0.33211577 1.0
-618.9610400107993 -26.353989182920802 -0.224667 0.035206 0.27349404 1.0
-544.7833685534708 -25.172822393841763 0.026311 0.239059 0.2235075 1.0
-624.1356439057311 -21.14600858439499 0.386501 -0.082281 0.27594185 1.0
-736.7026015725721 -1.6328265412370846 -0.039416 -0.055543 0.35942426 1.0
-609.7299139067061 -49.65112172779621 0.140973 -0.198968 0.2735891 1.0
-716.0155981999608 -55.784761668147155 -0.339929 0.050262 0.35270235 1.0
-558.82349115028 -41.778060117656985 0.276775 -0.113111 0.24891526 1.0
-641.6019231883911 -44.93457992185002 -0.19106 -0.101349 0.3054241 1.0
-657.0909853147505 -43.673716729066555 0.68159 0.073319 0.31751415 1.0
-687.8010323692855 -53.8532253493254 0.342298 0.31624 0.3203529 1.0
-731.6415706558679 -54.71551857051424 0.042279 -0.03795 0.35262907 1.0
-671.8899951284278 -37.378270264614564 -0.239528 -0.254119 0.33222184 1.0
-713.1326419999158 -33.89951611768665 0.224074 -0.131582 0.34516507 1.0
-590.7430665581566 -36.18895335319002 -0.220234 -0.163562 0.24980055 1.0
-622.707119751611 -37.764340835849644 -0.485119 0.421796 0.2684454 1.0
-691.8646105958024 -27.134827483753778 -0.133558 0.02265 0.3219342 1.0
-654.7497727076214 -40.96978402823282 0.306604 -0.215221 0.31605163 1.0
-645.9961751302726 -37.218130688131204 -0.158057 -0.200877 0.31343952 1.0
-590.903518720296 -36.460548219807976 -999.0 -999.0 0.25237876 1.0
-691.4787197323335 -40.206891135904215 0.231344 0.410011 0.3165096 1.0
-583.551416439099 -28.639567510869558 -0.188811 0.173148 0.25680482 1.0
-724.6701253157137 -70.04286055581203 0.162606 0.277946 0.35736713 1.0
-650.2734443632689 -61.97183852490907 -0.291566 -0.326605 0.30376035 1.0
-635.1761264261909 -56.21925052499804 0.038329 -0.287806 0.3019644 1.0
-653.1209033099077 -61.47735958294657 -0.040345 0.232724 0.29818004 1.0
-737.0992904290965 -68.81841308388216 0.444071 0.383664 0.3563247 1.0
-556.0591499606088 -43.568916074897906 -0.227146 0.09542 0.25089562 1.0
-618.0970659853766 -59.03028220556659 0.378699 -0.014383 0.28807044 1.0
-688.9843051360066 -64.33572330743733 0.142675 0.296115 0.34111446 1.0
-652.2550135528736 -61.69905397310612 0.311704 0.169648 0.29907873 1.0
-652.2801367163472 -56.78341422665121 -0.044104 0.07303 0.30658996 1.0
-444.14544298386966 -9.91516130330324 -0.043043 -0.37116 0.16953334 1.0
-463.51190249587773 -9.067525819186423 -0.471527 0.054841 0.17982434 1.0
-569.2592646830079 -1.1910773110370445 0.156433 -0.053849 0.23573291 1.0
-509.21035187193013 1.5706567340620938 0.616072 0.118922 0.20202179 1.0
-722.5644583050777 4.406587393759851 -0.1429 -0.194173 0.33016342 1.0
-608.5519554211323 13.461804052515792 0.032832 0.123955 0.26484168 1.0
-668.9575371665908 7.6272353907055095 0.419938 0.284122 0.29131302 1.0
-669.4308919308864 8.986348117938942 -0.158124 0.000109 0.2908007 1.0
-669.0330609430702 8.866195215449034 0.007329 0.276844 0.29229525 1.0
-663.3205521333625 15.755226476718585 -0.242218 -0.158162 0.29496598 1.0
-758.1825739777536 18.50833302416676 -0.002988 0.239124 0.35988715 1.0
-714.8064004037586 14.417234489298405 0.010522 -0.027739 0.3165429 1.0
-675.8913512681644 14.008325451177203 0.139665 0.009731 0.29268163 1.0
-680.8263241594861 17.152539089526677 0.051527 -0.218829 0.29783475 1.0
-466.98898546879343 14.192487872875763 0.055009 -0.029611 0.18347162 1.0
-502.60543362876246 -3.9742816361901023 0.21821 0.028133 0.1977238 1.0
-719.819705562846 11.473759510538542 -0.081189 -0.216755 0.33897814 1.0
-510.6179226847406 1.4922196957366156 0.09557 0.236838 0.2006026 1.0
-507.50803928838224 0.7104163460689963 -999.0 -999.0 0.19957873 1.0
-670.0015801241963 5.545465723963748 -0.052821 -0.233653 0.29283547 1.0
-651.8959006658914 14.430319682199471 -0.00609 0.115508 0.28952083 1.0
-648.6092846295916 13.737492103474143 0.040038 -0.022566 0.28840762 1.0
-533.0564043619216 12.986717439690631 -0.182369 -0.040269 0.2211431 1.0
-655.8685231390521 16.101687159450375 0.204866 -0.043263 0.2878112 1.0
-664.9921750246706 20.30308388325815 0.389356 0.259187 0.29606813 1.0
-684.3405063180935 16.621130183237298 0.033066 0.328261 0.29818368 1.0
-666.3141017135512 19.653458712253897 0.068844 0.055481 0.28684968 1.0
-518.5096002898647 -16.259291079552256 -0.018747 0.003363 0.21783653 1.0
-724.6834510320846 -23.08236364680494 0.178611 -0.321626 0.33000964 1.0
-482.90212931179207 -24.75146421191697 0.126189 -0.17253 0.1939947 1.0
-611.1448271466265 -27.00763272429623 -0.110595 -0.307135 0.2701013 1.0
-733.9321709181228 -37.378974031302256 0.143457 0.263615 0.33648363 1.0
-598.9250548137923 -24.405812070028066 -0.034119 0.005471 0.25289628 1.0
-714.6861527308265 -27.14834764059395 -0.21043 -0.458491 0.32649842 1.0
-659.484146308033 -23.562541363468338 -0.106815 0.068258 0.28536618 1.0
-480.56320750804616 -10.431607256919321 0.200144 -0.058162 0.19351424 1.0
-652.2404196222387 -19.845863046703304 0.06833 -0.217195 0.2775667 1.0
-514.2310798692944 -4.261175636768964 0.191194 -0.016161 0.2107901 1.0
-555.5853975426243 -3.9529251525078974 -0.050149 -0.146751 0.23488294 1.0
-713.9605039238899 -3.1500569608654043 -0.121987 0.322224 0.3355877 1.0
-587.3141724069721 -0.6396266243541631 -0.142145 0.065648 0.2560951 1.0
-719.124392538542 0.009114790089797964 -0.294625 0.094156 0.33354282 1.0
-700.8155363043319 -36.60309969796415 0.014186 -0.324598 0.31800306 1.0
-548.1595053263454 -27.52679078108337 0.061916 -0.006291 0.22815537 1.0
-608.6709563861644 -28.887997599843267 0.077538 0.186198 0.25555515 1.0
-427.23957232957827 -19.25139087349128 -0.171301 0.025002 0.16346024 1.0
-702.6419937468573 -24.00239414781566 0.207547 -0.065345 0.32596338 1.0
-491.3840608958584 -13.062563299707703 0.151837 0.126723 0.20192063 1.0
-490.2347725723632 -12.519656713893617 -0.179002 -0.098945 0.2017762 1.0
-575.0410112217662 -16.815718161592688 -0.304335 0.199675 0.24314995 1.0
-484.19590426559563 -11.322341037777894 0.10289 0.112482 0.19605708 1.0
-473.57552239391674 -11.64417733422053 0.147745 0.025524 0.19107087 1.0
-480.6402748141453 -7.460789486466752 0.03996 -0.073599 0.19198638 1.0
-723.9413385110506 -12.686943237699946 0.210446 0.621074 0.3368579 1.0
-708.4109707093687 -3.7029407247133657 -0.086778 -0.172835 0.33604404 1.0
-556.1831022113677 1.974251547397452 -0.173569 0.386127 0.2360488 1.0
-659.2135807624098 -59.808467035243346 -0.070271 -0.319639 0.2998168 1.0
-437.3475153702422 -38.59971486489741 -0.060792 0.025519 0.17578094 1.0
-657.5776682925247 -57.98915059676847 -0.178903 -0.255953 0.30088067 1.0
-605.2591845080934 -49.43622195430326 -0.213061 0.122559 0.27086395 1.0
-452.90298265404556 -35.26217872341401 -0.007655 -0.139192 0.18799435 1.0
-658.5722751900671 -50.34417988380391 -0.233353 -0.076258 0.30887458 1.0
-709.6609942954575 -53.05492683561238 -0.378124 -0.566914 0.3520137 1.0
-700.9532878065689 -45.04380690468623 -0.17766 -0.208935 0.3521794 1.0
-687.7243517639047 -44.1374290780793 0.022573 0.209897 0.34638372 1.0
-416.9730583913072 -32.39722657177101 0.20115 0.143309 0.16475455 1.0
-733.0751381505922 -54.74351806255176 0.072088 -0.065604 0.3544144 1.0
-434.02336738119254 -29.30936069366833 -0.0328 -0.211451 0.17706922 1.0
-661.9183713965467 -42.29838590483398 -0.285432 0.004174 0.3150895 1.0
-662.2860081161982 -42.08867721643815 -0.002821 0.184167 0.31589565 1.0
-546.7741940784515 -32.666729288392325 -0.21912 -0.293872 0.24365276 1.0
-415.7963841781351 -24.779542400044313 0.097633 0.565393 0.17299467 1.0
-636.1054427833554 -35.12490613001432 -0.084795 -0.036978 0.30569452 1.0
-586.4239224672219 -38.24440472520393 0.152596 0.01641 0.25854868 1.0
-637.5163165104116 -35.14489232883845 0.012044 -0.024955 0.2982811 1.0
-693.3482519314754 -46.37377195060419 0.206942 0.083351 0.31642666 1.0
-440.8713870086593 -27.783073440927787 -999.0 -999.0 0.17320195 1.0
-584.1936046959355 -35.20100376662804 0.337995 0.016449 0.25298163 1.0
-715.6778522057452 -33.9929790584111 0.047739 0.1706 0.34705508 1.0
-544.2705375354767 -31.348947353464478 0.165227 0.119663 0.22368495 1.0
-531.2056191336849 -24.054492520091266 -0.073952 0.120187 0.22333091 1.0
-495.0761045235058 -22.830840772180718 0.070094 0.114757 0.2057258 1.0
-673.5860623652072 -27.258709335174476 -0.334878 0.145936 0.31588018 1.0
-661.4272161048278 -27.889095526576003 0.384884 0.112257 0.29620337 1.0
-502.32211000470613 -18.348161928396763 0.087783 0.035931 0.20718773 1.0
-668.6283099929504 -23.440093895788298 -0.083642 0.36317 0.3068423 1.0
-620.0588572986096 -22.460059797044046 0.216266 0.049344 0.27643406 1.0
-650.5630069041416 -38.71212478262705 0.141656 -0.001846 0.31519625 1.0
-689.7192928868492 -53.22104938498187 -0.122054 -0.035979 0.31586978 1.0
-613.554080123749 -45.05934695556779 0.266824 -0.157971 0.2729875 1.0
-435.71484257189286 -28.60574765883759 -0.148599 -0.148488 0.1768046 1.0
-671.776177478356 -44.89900281455886 0.035688 0.299576 0.31541944 1.0
-583.6103370714502 -38.6425211012928 -0.218026 0.14773 0.25896862 1.0
-616.0585200290011 -41.050003451427635 0.033458 -0.265892 0.2797529 1.0
-674.2321789055345 -43.310528494462105 -0.126724 -0.123852 0.31753463 1.0
-668.5671352006584 -43.29699950836208 0.023015 0.050552 0.316373 1.0
-461.9273532712157 -26.322548763897608 0.29846 0.341236 0.19353442 1.0
-455.23359863857587 -26.54652507052434 -0.033957 -0.214193 0.19062123 1.0
-442.8744776326419 -28.956998708844026 -0.197293 -0.263081 0.17571196 1.0
-614.7877395709298 -38.96899002574799 0.220694 0.245334 0.27312616 1.0
-619.1509745878558 -39.111151114962496 -0.333212 0.165128 0.27552247 1.0
-614.4209354569742 -36.116849909733816 -0.090599 -0.018134 0.27346256 1.0
-618.9458978103117 -36.25931383375096 0.162698 0.143161 0.27689257 1.0
-582.3054298369423 -34.56825432642057 0.435023 0.123368 0.25673708 1.0
-429.33649602915517 -22.680759613631295 -0.061954 0.129215 0.17458323 1.0
-597.709032662285 -37.017595512301654 0.171972 -0.064851 0.2563621 1.0
-665.7715746886317 -31.14637516730563 -0.207309 0.11187 0.3078971 1.0
-518.264048077368 -51.33545023608134 0.377853 -0.060046 0.22551864 1.0
-699.2239651558001 -65.99437888463689 0.255455 -0.026959 0.3489737 1.0
-649.477328431349 -60.686737107427355 -999.0 -999.0 0.30617356 1.0
-648.7947642871521 -59.58552582900559 0.064058 0.071846 0.30558044 1.0
-639.6511823327878 -56.89085612266682 0.021997 0.061898 0.30152917 1.0
-733.1325366037123 -68.68856523972696 -0.038011 0.273246 0.35300803 1.0
-655.3005253816733 -61.23054810917348 0.348305 0.000696 0.29932162 1.0
-687.299498116805 -59.061091762680604 0.52943 0.31932 0.32598063 1.0
-556.0554168291345 -47.63752012455024 0.128172 0.465945 0.24387556 1.0
-560.3737635123028 -47.30983274179338 -0.159275 0.080563 0.24656738 1.0
-714.2287148772452 -57.66137441297241 0.221552 -0.404699 0.35307476 1.0
-609.269526394079 -49.32151819195492 -0.101053 0.412328 0.27251905 1.0
-638.3659683861762 -58.46283172774847 -0.05264 -0.010323 0.30399382 1.0
-729.1761302158145 -68.31743565542905 -999.0 -999.0 0.35568196 1.0
-697.1416213869485 -48.233146323975156 -0.347181 0.047684 0.34971842 1.0
-551.5864763983236 -36.875053934509836 -0.021608 -0.082378 0.25231826 1.0
-688.8886479063426 -46.266574312086824 -0.154519 0.106649 0.3474737 1.0
-540.9494091198554 -50.03999641209759 -0.752793 0.247701 0.24588849 1.0
-694.4763326312648 -51.62948106653824 0.165603 -0.039786 0.34738314 1.0
-694.8477594750125 -50.76227765860604 0.076967 -0.043372 0.34984308 1.0
-699.842461202461 -51.07922099033692 -0.259269 0.275843 0.35389197 1.0
-620.1067554433101 -47.85610082452769 0.303206 -0.236445 0.29468474 1.0
-733.9302070315864 -10.527367820519025 -0.463321 -0.088127 0.35385233 1.0
-707.4441922949914 -35.260795480938484 0.021481 -0.609239 0.35513124 1.0
-627.5090827890276 -25.798436252568862 0.04836 0.146715 0.29608545 1.0
-605.2175296461598 22.050925683147142 -999.0 -999.0 0.2682844 1.0
-657.648678752141 13.554927531136785 0.24153 -0.094734 0.3054428 1.0
-600.4615418045646 13.108169718512393 -0.056579 0.012487 0.26805308 1.0
-603.6907234848148 18.68842383349484 0.221795 -0.082919 0.26700097 1.0
-669.455732702316 -56.35756444260051 0.309199 0.15981 0.33037996 1.0
-701.3230193163215 -60.65224433242213 0.027912 0.009234 0.3543199 1.0
-683.2630274745991 -55.74781194919819 0.075463 -0.384586 0.3392727 1.0
-673.7527836575674 -25.47701950774147 0.085776 0.598883 0.31756726 1.0
-523.5799645812267 -27.92370891442565 -0.009431 -0.284842 0.23647244 1.0
-681.6135657585883 -28.725327573368492 -0.211164 0.061154 0.32621112 1.0
-655.8277252197471 -22.547204003732872 0.053792 -0.044008 0.3124505 1.0
-635.7155100542051 -44.425833771915684 0.205185 0.223936 0.30752102 1.0
-640.9131654460539 11.545346392383113 0.281167 0.030646 0.28831348 1.0
-600.7051414758945 11.514657155859043 0.269165 -0.05656 0.2638055 1.0
-674.8251575708343 9.301115581768773 -0.060009 -0.075776 0.31530648 1.0
-636.6850271665056 21.99834346030552 -0.10768 -0.218561 0.28756058 1.0
-644.2211019236686 12.761769600948096 -0.231667 0.151572 0.28982422 1.0
-604.6247779657768 12.526099835901991 0.207677 0.120489 0.26556247 1.0
-625.3335585849517 15.631289802141316 0.014411 0.060635 0.28218764 1.0
-600.1139777384111 9.001129948067112 0.19303 -0.019201 0.26427332 1.0
-606.1467915542545 10.997244288294175 -0.077353 0.038871 0.26746494 1.0
-519.1467719188191 9.92911841745843 0.412996 -0.39685 0.21979313 1.0
-527.0216318353489 11.861785992132893 0.062653 -0.049256 0.22409602 1.0
-604.8274859421601 12.53788949462353 0.061429 -0.208666 0.26959848 1.0
-605.8656947159766 12.971822954013831 0.139866 0.093215 0.27042097 1.0
-495.6402021808534 18.32821599731078 0.348057 -0.362766 0.20458579 1.0
-564.8636271195311 -12.000063781107196 -0.129553 0.041615 0.24336381 1.0
-697.2943548813686 -8.33637651861154 -0.371475 -0.192201 0.3365242 1.0
-705.7897220878197 -5.834588709600531 -0.135347 0.011854 0.33458737 1.0
-466.6368727309887 3.316257932317878 0.128314 -0.085247 0.19317771 1.0
-663.6117008013002 8.94602083972778 -0.427998 0.268484 0.30784833 1.0
-659.983998072618 -10.604765105196217 -0.229957 -0.1954 0.30228648 1.0
-732.9121768806368 -10.590547892108384 0.095666 -0.004426 0.35325396 1.0
-706.5792273138086 -8.222473384662713 0.152213 0.218228 0.33681598 1.0
-698.0409893559029 -7.1156567889762465 -0.274517 0.183736 0.33376732 1.0
-697.9680509321691 -7.272832681520821 0.069074 0.018218 0.33494017 1.0
-660.2070223408076 -3.5606486172100524 -999.0 -999.0 0.30373815 1.0
-657.0988221441435 5.071158386651122 -0.155466 0.427215 0.30938128 1.0
-700.6446048615995 -31.242207127953 0.16079 0.305457 0.3553107 1.0
-690.5023003074283 -22.374524890917595 0.625209 -0.368631 0.33482063 1.0
-658.5057248588165 -20.497117138647486 0.012671 0.325959 0.3037288 1.0
-657.8041136397699 -26.828497735695958 -0.035001 -0.027544 0.32015556 1.0
-652.6860971794242 -26.0398486168381 -0.388824 -0.156919 0.30629072 1.0
-646.2159032304326 -23.751170244443976 0.012649 0.246861 0.30672053 1.0
-684.5379076822521 -51.72360394950123 0.161409 -0.074852 0.34053072 1.0
-684.9127727564385 -52.08931492033054 0.000402 0.100104 0.34088942 1.0
-443.4510729395911 -32.227740291270976 -0.047987 0.617688 0.1904068 1.0
-639.8754484123498 -43.910113934885054 0.24527 -0.108741 0.31092417 1.0
-633.7543766116631 -44.21672302888125 0.122618 0.191445 0.30749938 1.0
-651.4750288372986 -44.06553363287177 -0.151716 -0.620567 0.3212603 1.0
-695.3815985268996 -47.687769249918965 0.062905 -0.141358 0.3550729 1.0
-643.9240457866131 -43.30705058500256 -0.186516 0.030949 0.31740806 1.0
-532.3729328206 -31.461908085658507 -0.200354 0.166147 0.24067041 1.0
-625.4164192069613 -56.02066501804599 -0.116161 -0.094277 0.2971385 1.0
-553.2822803759517 -45.81825117934644 0.136588 0.134286 0.25016922 1.0
-687.0629434255023 -49.43628997034627 -0.350021 0.00845 0.34871542 1.0
-664.212377768104 -47.687022528898765 0.129556 0.246693 0.33185676 1.0
-699.5849299819115 -49.2308036244031 -999.0 -999.0 0.35192034 1.0
-637.5563133413826 -44.34180952500565 0.051625 0.045309 0.307131 1.0
-692.6846003880166 -47.735042671097766 -0.146279 0.087769 0.34877908 1.0
-661.2377609252289 20.733506148403226 -999.0 -999.0 0.30952963 1.0
-662.7196238229649 21.49626504745363 -999.0 -999.0 0.30943957 1.0
-623.1988001918536 22.771225823052525 -0.45781 0.097494 0.28705156 1.0
-704.9858401226203 27.001268376196986 -0.259186 0.096747 0.34665212 1.0
-702.5925697217835 17.508408072571033 0.387652 0.175907 0.34814775 1.0
-693.4858500221591 19.169078748685433 -0.140792 0.032642 0.3433682 1.0
-590.9305362992826 18.047672036781567 0.010997 -0.405216 0.27291882 1.0
-686.7649482500163 22.102546562055636 -0.123745 0.118372 0.34226847 1.0
-685.1985100305097 26.4399551564936 0.222924 -0.045434 0.33644247 1.0
-684.2415007420548 26.665668080932367 0.055916 -0.430123 0.3386042 1.0
-628.9059443429071 23.07059754041114 -0.040672 0.076349 0.2873355 1.0
-648.9508396265255 19.417590691222827 -0.379275 -0.205389 0.3165015 1.0
-589.4731338427541 -4.347550320449396 0.414782 -0.01753 0.28128842 1.0
-671.191862593645 12.188291133688427 -0.059563 -0.794326 0.35356405 1.0
-733.2106497468324 -13.34584454182898 -0.094128 0.080622 0.35699436 1.0
-621.3622273480869 -9.9385077979274 0.017435 0.162868 0.27925035 1.0
-655.817158827903 6.718418464437818 -999.0 -999.0 0.32680476 1.0
-531.5476755948698 7.141920934626604 -0.01771 0.075414 0.24409191 1.0
-606.9485006335337 6.448536003888662 0.009715 0.144234 0.28290036 1.0
-606.3764793199513 5.84966646542537 0.140832 -0.151681 0.2831134 1.0
-688.3325423763656 8.025637809813867 -0.037533 0.033411 0.3396579 1.0
-650.8631764263451 13.428871411958202 0.378315 0.088523 0.32208216 1.0
-538.7141032386721 10.930207353098695 0.219312 -0.124786 0.24739686 1.0
-544.8407344331729 12.713060105427486 0.000775 0.093614 0.25061527 1.0
-595.4741971053638 18.062184324716977 0.160156 0.206543 0.290544 1.0
-618.1424449480264 9.757623810411598 -0.403713 -0.170016 0.28464124 1.0
-657.8008992321079 13.026758728828863 0.154968 -0.018074 0.313921 1.0
-689.8809624767375 14.25475864832129 0.053076 0.704603 0.3421166 1.0
-603.4387242524476 21.238112665100864 -0.358202 -0.470841 0.29194084 1.0
-534.3034178191128 1.1863445107253903 -999.0 -999.0 0.24290843 1.0
-534.7985195213606 2.3431618127562936 0.075639 0.008728 0.24338111 1.0
-529.745278335855 2.299119542291201 0.40752 -0.775395 0.24029313 1.0
-676.0263126468618 7.9163385164373175 0.286295 -0.075648 0.3359915 1.0
-650.0132421771898 15.6775319444994 0.158261 0.029235 0.32756546 1.0
-674.5733242096942 19.655846771681862 -999.0 -999.0 0.33959243 1.0
-544.0277847247214 17.269363485278436 -0.05108 -0.086619 0.25138202 1.0
-685.8695372157235 -37.832394784006866 0.036369 -0.044852 0.35478905 1.0
-685.279391573716 -37.286255155981806 -0.214706 -0.187093 0.35427788 1.0
-613.0549735447728 -21.05879221785114 0.244118 0.19951 0.29913363 1.0
-628.050547478905 -19.6291142606274 -0.090171 -0.034032 0.3100148 1.0
-646.2401115464612 -9.53288520280652 0.180101 -0.346497 0.34519356 1.0
-579.0814246348764 -12.281976448752058 0.198942 -0.097076 0.27848667 1.0
-598.6162728056779 -16.60062795957226 -0.287871 -0.386547 0.27555212 1.0
-674.7260605448114 -6.589972956611499 -0.000981 0.182576 0.33377045 1.0
-662.1106492470755 -36.02419619329452 -0.11068 0.275174 0.33124876 1.0
-650.689559060152 -16.899047403733324 -0.199417 0.406086 0.35581383 1.0
-528.9470497706554 -10.659249698728578 -0.643044 -0.363985 0.26922807 1.0
-607.9501368222419 -20.73590129538499 0.11289 0.054644 0.29804003 1.0
-647.104615609223 -11.411427921267917 0.05069 -0.162684 0.3447654 1.0
-654.0483988745312 -8.937145580500724 0.12158 -0.098211 0.359211 1.0
-629.2485382424746 -23.363642609959268 0.27981 0.419961 0.30153236 1.0
-580.3407683186751 -13.473030514889977 0.043653 0.027553 0.27992564 1.0
-666.662960756397 -15.255194394301721 0.22566 0.320154 0.3437935 1.0
-567.3383957404037 -11.962939890478319 0.518997 -0.115943 0.2727799 1.0
-529.6064878991075 -4.989102329886602 0.040847 -0.596851 0.25905004 1.0
-598.7969164052731 0.599861198787386 0.244867 0.214083 0.30476248 1.0
-628.8612733430966 -48.94839426694501 0.100922 0.025395 0.30462334 1.0
-498.2821242169741 -21.167015853798556 0.039681 0.277424 0.2507613 1.0
-626.0861882668637 -38.66786089746524 0.05201 -0.027896 0.30917662 1.0
-585.6171975391181 -23.452587721970637 -0.033068 0.027075 0.3062972 1.0
-512.9078269350754 -27.57296074434535 0.054967 -0.212559 0.26547328 1.0
-611.1216757949568 -33.75843954028253 -0.088564 0.095856 0.32375166 1.0
-634.3722217578095 -41.74050275009899 -0.356516 0.702366 0.31714714 1.0
-563.3924972064309 -29.829083088851387 -0.004961 -0.119445 0.2816436 1.0
-579.3842770467452 -24.31287406064745 0.094937 -0.012236 0.30680296 1.0
-527.4080294459246 -15.200551671434466 0.085213 0.188865 0.27030066 1.0
-649.4059732364876 -74.49089961613558 -0.15817 -0.117781 0.35671246 1.0
-509.0983830527673 -54.081098328485425 0.052398 -0.261255 0.25798747 1.0
-609.5304965224367 -62.56246011093481 0.295158 0.035901 0.3234974 1.0
-555.2392306831015 -50.890497733921485 0.262235 0.003576 0.29749146 1.0
-510.9079372945582 -42.23499714632656 -0.172838 -0.107717 0.26722974 1.0
-620.6592061312831 -41.64552812414725 -999.0 -999.0 0.35771793 1.0
-485.08162165729954 -48.009639805756215 -0.408499 -0.248717 0.24373041 1.0
-607.943768317004 -60.534741041714355 0.170563 -0.059965 0.32429653 1.0
-609.3124124898317 -61.48132099336495 -0.137503 -0.310908 0.3036207 1.0
-670.0214130012074 -69.78478339425459 0.231077 0.018909 0.3500624 1.0
-521.1665929234016 -46.990682172739305 -0.004466 0.10293 0.25864837 1.0
-620.9000552096992 -48.34944946190048 0.148393 0.303635 0.3506551 1.0
-545.5194210421859 -41.52913908399693 0.166268 -0.189845 0.29375225 1.0
-609.6454788614913 -38.4731363674603 0.408675 0.035124 0.34423453 1.0
-580.5584036116535 -47.2501602385305 0.132293 0.617645 0.28426445 1.0
-627.9084020737466 -48.89685323926717 0.117656 0.317783 0.32193443 1.0
-671.3194142215972 20.437604658849473 -999.0 -999.0 0.31531286 1.0
-628.6023921736981 20.131666348698896 -999.0 -999.0 0.28757992 1.0
-707.9388460783405 27.110199494492683 -0.24393 -0.097215 0.3488511 1.0
-616.4322214016939 11.182455647986503 0.044074 -0.115866 0.28301662 1.0
-489.4277303749715 10.02774066538328 0.374186 0.198429 0.20948052 1.0
-695.8981293970365 17.577845987105412 -0.139906 0.128681 0.34239057 1.0
-653.2733650722481 19.910058998163304 -0.138803 0.061455 0.31723842 1.0
-423.7072769839221 17.470826372415207 -0.092897 -0.06377 0.1807173 1.0
-605.8626533203379 23.941470865166064 0.584457 -0.219219 0.2901797 1.0
-563.256012313461 23.532681212376932 0.231571 0.132558 0.2624443 1.0
-442.70889517823 13.238797962073475 -0.061791 0.00845 0.1821641 1.0
-668.5537518442571 21.156627356207366 -0.080578 0.123384 0.3194362 1.0
-626.9864688625295 21.703242761403068 0.025464 0.01177 0.28699076 1.0
-590.3841083696362 20.93746062563839 -0.398459 0.004995 0.26377857 1.0
-586.2823394638515 21.6020045540447 0.245147 0.341368 0.26150554 1.0
-602.4816752724072 3.875018217815108 0.138054 -0.282615 0.2828335 1.0
-705.9138301150833 3.3446217054505327 0.082907 -0.093335 0.34961295 1.0
-550.0222555464929 16.1508110632776 -0.087701 0.202622 0.25041783 1.0
-551.465288150364 16.13156468461601 0.122576 -0.315813 0.25155467 1.0
-598.2919247913861 -8.007221951883709 0.25967 -0.056999 0.28295583 1.0
-474.7363063679482 -5.4638959543656185 -0.050871 0.061888 0.20795499 1.0
-475.8648848762474 -1.4208973828903335 -0.010278 0.233741 0.207728 1.0
-588.2607954675749 0.5073453128411048 -0.237952 0.302148 0.27896255 1.0
-571.5463858893736 7.757039070260783 0.093815 -0.150072 0.27648783 1.0
-698.5519787671305 2.204791249101862 -0.201042 0.127134 0.35118595 1.0
-586.262464941084 5.185200675779077 -0.095851 -0.024408 0.27548632 1.0
-413.88094946020044 8.159389247264457 0.48508 -0.459973 0.17993689 1.0
-629.1550887002984 16.088018203092698 0.062809 0.245377 0.3189919 1.0
-624.9152641796688 16.38487221766168 -0.566524 0.051221 0.3165066 1.0
-626.419064377309 16.540812167732128 0.015187 -0.047195 0.31789073 1.0
-536.5784870113029 11.126050987959713 0.418716 0.150655 0.2460792 1.0
-624.2755868698532 11.095533367942949 -0.173542 0.260102 0.29272524 1.0
-422.06157175259966 13.597058821151894 -0.162316 -0.207206 0.18072508 1.0
-615.5210165884816 23.027851335158623 0.331485 -0.03658 0.2996587 1.0
-656.757661516392 19.317729664138536 0.102486 0.165429 0.3117712 1.0
-660.7350280524699 21.30275206548761 -0.318458 -0.204893 0.31773746 1.0
-466.0501124724995 -6.777378470435584 0.020257 -0.353067 0.20111342 1.0
-544.4018147514703 -10.817526073038312 -0.061115 0.111041 0.2351262 1.0
-676.0223030985859 -9.465714532677652 0.272627 -0.176242 0.32429776 1.0
-678.6481119392045 -0.6880338049864558 0.113509 0.145307 0.33582956 1.0
-525.3719040045362 4.924088366282181 0.372401 0.039586 0.24224293 1.0
-654.2220636438847 9.977181127606718 -999.0 -999.0 0.32529452 1.0
-636.8555557705806 15.754288640034625 0.105983 0.171436 0.3180101 1.0
-641.7085424606756 16.43569551181494 -0.177236 -0.011817 0.32143372 1.0
-635.5212579613005 15.93313350444767 -0.079811 0.176554 0.317529 1.0
-588.9848641191295 8.906268657176657 -0.086225 0.138521 0.2721628 1.0
-483.9851183209593 8.80744763538149 -0.144431 0.049123 0.20854966 1.0
-657.9320687980846 12.696723985709342 0.238379 0.470646 0.3190243 1.0
-632.3795507313284 12.479407900403992 -0.001567 0.08116 0.3038651 1.0
-634.233735487027 16.65046037929691 -0.13765 -0.18557 0.31096298 1.0
-674.0501174993279 19.79044542670611 -999.0 -999.0 0.34029093 1.0
-654.2023553424898 19.729234065401588 0.087158 0.217388 0.3264109 1.0
-559.7458784273855 17.713449581069785 -0.553768 -0.307521 0.26313898 1.0
-679.4905815542008 22.283351018191052 -0.342304 0.12863 0.33995745 1.0
-452.48359298520506 -26.57568578662156 0.045497 -0.222076 0.19756125 1.0
-561.3382895631134 -24.116176229868707 -0.25511 -0.12724 0.2767955 1.0
-638.0372866495566 -19.026251693690416 -0.105395 -0.356082 0.34611514 1.0
-427.65620239259465 -12.684273025435017 0.17281 -0.068343 0.19412816 1.0
-479.8935460657288 -11.380411313790201 -0.090539 0.119139 0.22625822 1.0
-641.6257631343116 -17.176695413142774 -0.294797 0.151937 0.3412006 1.0
-466.1729362527213 -10.306042357576143 0.191588 0.008788 0.22060303 1.0
-618.6960767635821 -24.942499449374413 -0.129937 0.498028 0.29591513 1.0
-525.5668192674175 -20.11906482379091 -0.033371 0.020901 0.23724227 1.0
-491.40663096628043 -11.63895022991587 0.048217 0.052064 0.22791666 1.0
-492.42574215866676 -12.09415902490607 -0.11204 0.081083 0.22812937 1.0
-558.2308847071665 -11.635624990460087 -0.249767 -0.106409 0.27202404 1.0
-404.9931314272239 -6.637433074120541 0.004513 -0.143606 0.18055841 1.0
-563.1000223344876 -8.39870373599524 -0.062346 0.119025 0.28122115 1.0
-646.5491473312675 -10.48486432216232 0.097082 0.001171 0.34514195 1.0
-646.5879233474037 -10.47078344813993 -0.05425 0.070985 0.3454923 1.0
-646.8583115440675 -9.558936247828807 -0.039094 0.312546 0.3462755 1.0
-472.26949699564005 -3.820148675252261 0.012799 0.155344 0.22459933 1.0
-513.5096053432723 -17.346401710825457 -0.286615 0.342509 0.22691445 1.0
-486.72622512714776 -15.319678724897143 0.136855 0.064693 0.21331316 1.0
-670.0510003844525 -20.575100744551467 -999.0 -999.0 0.33495185 1.0
-569.1197070314045 -11.807223904970172 0.051766 0.100364 0.27301675 1.0
-415.2128248445184 -6.39428295887584 0.065172 0.212459 0.18234344 1.0
-681.5797658023968 -19.810998051072545 0.012004 0.186426 0.33480105 1.0
-665.2889248083561 -10.1359963754626 -0.176752 -0.21011 0.33428755 1.0
-435.89838889946947 -4.970866185009039 -0.133684 0.05443 0.19035645 1.0
-681.9921573744552 -5.650242931730321 -0.080143 0.693449 0.3525697 1.0
-493.16588535661685 -1.3380427578735323 0.3053 0.155861 0.2284002 1.0
-409.5407828783366 -1.0420708893979735 0.01299 -0.061372 0.1804142 1.0
-646.3209075696924 -0.09408615565590907 0.319462 -0.020651 0.3357963 1.0
-577.4738187206617 3.7033609611087313 0.063126 0.002896 0.29273075 1.0
-603.4644401291982 -13.596644044424501 -0.126276 0.144686 0.27550966 1.0
-674.586883118726 -6.606525606210465 -999.0 -999.0 0.33365142 1.0
-420.5860304808192 -0.1814930143282817 0.158351 -0.038897 0.18175209 1.0
-645.5565337722443 5.655486360144665 -0.595514 0.132313 0.3338309 1.0
-549.1963531887703 -27.23847085813548 0.197936 -0.42242 0.2572689 1.0
-655.3860808932891 -26.957585665017845 0.073825 0.332213 0.34237134 1.0
-461.8100284695522 -13.367956977866518 -0.362908 -0.290621 0.21635866 1.0
-395.31573707211965 -9.629717770654187 0.116271 -0.215521 0.17999196 1.0
-601.0218994850957 -11.957057313136872 -0.05389 -0.110407 0.31913108 1.0
-528.5354503138918 -9.60907026163536 -0.026514 0.044746 0.26982176 1.0
-493.9236439106979 -14.692895899948256 0.131146 0.344619 0.22796 1.0
-419.6633836398683 -12.357751668484052 -0.156934 0.36359 0.18679735 1.0
-650.0791422195167 -15.54969043811636 -0.164572 0.170073 0.34257925 1.0
-478.5871399081878 -10.86860877679804 0.064684 -0.380357 0.22452466 1.0
-661.4921256779613 -13.483407376884504 -0.231227 0.186396 0.3547176 1.0
-657.9602420197431 -13.02637609594231 -0.051623 -0.177456 0.3539912 1.0
-642.0415315115158 -12.944232188388876 -999.0 -999.0 0.3413502 1.0
-589.7532546468411 -11.461609053407418 -0.154463 0.039222 0.3009366 1.0
-463.5788385260002 -8.670674976928039 -0.138849 0.097272 0.21742664 1.0
-660.8871155404335 -10.0784594137614 -0.051265 0.033606 0.35864842 1.0
-644.8399617620985 -8.429215906918648 -0.445837 0.252977 0.3544871 1.0
-632.0727919658257 -23.24963887259629 -0.083001 0.163664 0.3040976 1.0
-625.5598091044834 -22.589344599163702 -0.26788 0.272472 0.3019373 1.0
-618.8218950030949 -19.53263382335465 -0.35191 -0.131951 0.2999816 1.0
-585.7870280142334 -17.54433787155197 0.016621 -0.074975 0.28023407 1.0
-583.167297766131 -15.678745666434342 0.312665 0.142818 0.27841845 1.0
-578.0932846908373 -13.17327578924944 0.551061 -0.431188 0.27837664 1.0
-417.35538398769194 -8.628443839862696 -0.017908 -0.122064 0.18279257 1.0
-574.4267349310911 -10.69150266149215 -0.280066 -0.165139 0.27911052 1.0
-483.0577110016373 -8.057252362002078 -0.183688 0.162362 0.22488485 1.0
-404.38869491229167 -5.2228669128538625 -0.525447 0.368591 0.17935921 1.0
-594.2010640211889 -3.2606041450656527 -0.120849 -0.083371 0.30533087 1.0
-605.0177114890134 -2.6860146919134524 0.12463 -0.081003 0.31896988 1.0
-419.09357397528044 -6.453231372184964 -0.005427 0.185486 0.18259384 1.0
-627.2698245035025 -5.642110720116158 0.021506 0.102854 0.31980914 1.0
-637.683085112226 0.12093999546645359 0.229433 -0.084466 0.3360457 1.0
-647.0219065855676 2.145670714645859 0.257966 -0.215768 0.3433751 1.0
-575.1588848789219 2.289684142039719 -0.353739 0.289895 0.29284602 1.0
-472.40894231583536 6.4607032283145855 0.164126 0.11334 0.21671145 1.0
-546.7305055985817 -49.63456743718161 0.22968 -0.027245 0.25132865 1.0
-625.9893813198131 -42.13248061775566 -0.270919 0.165537 0.32859844 1.0
-511.6707968198021 -31.119545711418038 -0.276824 0.012124 0.25357637 1.0
-396.7541529690389 -22.43601665959874 -0.129085 -0.120195 0.18412215 1.0
-587.772860970236 -30.089945961161224 -0.105215 -0.306692 0.31833485 1.0
-514.0921331246948 -27.169860058114246 0.373746 -0.189703 0.2650938 1.0
-431.2659497180872 -20.57861598261942 0.645712 0.047664 0.2126982 1.0
-469.8130850716249 -22.071967115248697 0.313377 0.072919 0.23875085 1.0
-456.36406311416846 -19.60479719065806 0.159324 0.264349 0.23067711 1.0
-692.2176205318534 -53.32198597960533 -0.02914 -0.207393 0.35761198 1.0
-425.6102693749873 -28.939851304776695 0.164172 0.079798 0.18804267 1.0
-672.8272039260233 -46.03382262660448 -0.008959 -0.278922 0.35465425 1.0
-608.2007701902163 -40.31210744118692 -0.030892 -0.079945 0.30588406 1.0
-420.0156369501215 -23.78228677370495 -0.091746 -0.072705 0.19124603 1.0
-619.5762438381299 -34.897614012750964 -0.240424 -0.397153 0.3284677 1.0
-513.4650449704897 -25.127092667125677 -0.267338 0.142609 0.25403535 1.0
-583.9898389123096 -24.816201978165918 -0.0029 -0.122077 0.31317872 1.0
-640.8323815197373 -42.4293037951427 -0.086707 -0.281576 0.3173574 1.0
-528.2654545814963 -35.03719671665765 0.109119 -0.156167 0.24336788 1.0
-646.1481675588994 -40.27456885437793 -999.0 -999.0 0.32798752 1.0
-541.2297679174553 -26.75581714794543 0.1217 -0.307134 0.26647812 1.0
-572.318200429019 -26.45448160531942 0.46575 -0.153561 0.2921909 1.0
-387.9750963458788 -15.947094801929811 -0.062042 0.433072 0.17545502 1.0
-622.6707571542985 -24.41584314431588 -999.0 -999.0 0.33843663 1.0
-459.4145158037557 -17.156638475597187 0.130569 -0.027714 0.22311302 1.0
-518.6456163834554 -14.647201385561399 0.273024 -0.215471 0.26134726 1.0
-639.3381726521142 -17.22822394367 -0.091828 -0.179734 0.3550509 1.0
-551.4170553465797 -44.441281264519596 -0.001919 0.041629 0.2584032 1.0
-627.7321968089143 -43.53677681929946 0.003696 0.038332 0.32239258 1.0
-634.375291821421 -42.87911094553132 0.537338 -0.108829 0.32911777 1.0
-514.3929131656338 -28.291478189560245 -0.14917 0.024012 0.25391528 1.0
-613.4481558161104 -33.83728293801002 0.805434 0.076924 0.325619 1.0
-450.80009615927054 -23.398595013585016 0.211657 0.214704 0.21602851 1.0
-599.6728963208268 -31.493210508707683 0.10044 0.184405 0.3221736 1.0
-374.9372872714725 -16.895905748916974 -0.260446 0.053884 0.17732275 1.0
-543.6342510960512 -38.0541467848622 0.231293 0.038602 0.25065795 1.0
-637.1236260880731 -41.86494557048909 -0.23071 0.018199 0.319171 1.0
-647.2892171276015 -40.664358992835375 0.189411 -0.119367 0.32915655 1.0
-583.1741625296136 -23.47635607790704 0.229767 -0.135924 0.3078285 1.0
-585.5820787033344 -22.66307154865162 -0.168317 -0.155391 0.31546134 1.0
-525.6763814941264 -18.926282091330886 0.352731 -0.148801 0.26968175 1.0
-546.0298873926985 -31.44354309450273 -0.068716 -0.074249 0.25679162 1.0
-460.15834402660965 -20.114570544092814 -999.0 -999.0 0.21418796 1.0
-596.8672818382623 -18.714654961135743 -0.187516 -0.09683 0.31854302 1.0
-474.7130754388279 -55.09701153618892 0.403752 0.07368 0.22439289 1.0
-572.4771989629833 -64.4308948819224 0.141565 -0.20919 0.3005914 1.0
-607.6721553343606 -66.29862441858899 0.218781 0.173411 0.32846865 1.0
-509.62589733409015 -54.1484462506449 -0.105258 0.064205 0.2581469 1.0
-576.9850512446469 -63.637416430618075 0.229439 -0.237385 0.28885028 1.0
-532.7494118125345 -56.085546125903626 0.137986 -0.3104 0.26552066 1.0
-474.8093564432833 -47.56394292298804 0.166551 0.30809 0.23032874 1.0
-452.43867998064115 -43.731199045775924 -999.0 -999.0 0.22098401 1.0
-605.1815857736827 -66.58869755378207 0.176748 0.01032 0.29926234 1.0
-505.87054911414407 -48.481768655879584 0.298513 0.092164 0.24590644 1.0
-434.07787024395986 -41.35800957737955 0.050089 0.044657 0.20181532 1.0
-502.40531482778357 -45.497914810896056 -0.554105 -0.119664 0.24901828 1.0
-505.2405920042942 -44.624072849690286 -0.044848 -0.202202 0.2522992 1.0
-555.3194725111448 -46.907497751447714 -0.209622 -0.20326 0.29686677 1.0
-589.044305060693 -47.78352668560041 -0.187684 -0.132487 0.32898024 1.0
-617.2191808074073 -62.72207821089337 -0.026221 0.112846 0.3011364 1.0
-553.8766388720791 -50.55066851795322 -0.152397 0.243011 0.27426514 1.0
-545.3273893754508 -44.99820157894039 0.013592 0.240248 0.27545568 1.0
-605.8819430151303 -41.06849715571359 -999.0 -999.0 0.343864 1.0
-546.9385473236467 -43.87866011898505 -0.137018 0.157773 0.26600522 1.0
-534.7764553997082 -42.60177707589354 0.043056 -0.038753 0.26004535 1.0
-623.4261338593263 -46.70751975720564 -0.299402 -0.173683 0.3284018 1.0
-617.2921827139239 -46.54001409861733 -0.205595 -0.065718 0.3252112 1.0
-614.7876270224363 -46.06655246459156 -0.488168 0.041432 0.3249011 1.0
-511.19721953946373 -31.423479395081696 0.044687 -0.041657 0.26551417 1.0
-607.6630870780375 -36.436545283584216 -0.107884 0.358126 0.3410807 1.0
-648.319550156486 -69.50523333061922 0.118589 0.234652 0.35548607 1.0
-474.3103835516323 -48.84487634808275 0.255712 0.380337 0.23510219 1.0
-484.53568518864756 -47.88382902006006 -0.043081 0.159614 0.24337228 1.0
-594.1425034352866 -56.662797276934114 0.238443 0.298517 0.33150604 1.0
-500.50579154740893 -50.24915361500199 -0.589235 -0.202574 0.24375069 1.0
-601.2662501568286 -55.83315933548593 -0.280677 -0.149517 0.32203174 1.0
-477.0975878697505 -41.5534885239401 0.484858 0.013339 0.24058728 1.0
-505.7979567531092 -52.93050906415634 0.27707 -0.308691 0.23063473 1.0
-509.15244810975446 -51.41925580250088 -0.474949 -0.291478 0.24041016 1.0
-657.6943021061968 -64.82029511299051 -0.023362 -0.127955 0.34753466 1.0
-664.4322264891657 -63.99826535681825 0.116149 -0.053336 0.35174435 1.0
-665.0980180104974 -65.32922885618557 0.21021 0.055877 0.3533413 1.0
-663.0027786922259 -63.76517808113602 -0.52919 0.182944 0.35167715 1.0
-550.2738404383874 -49.14924203603727 -0.003703 0.133727 0.27603862 1.0
-540.0641921849675 -49.32825729281941 0.212265 -0.007174 0.27141476 1.0
-475.1669684876469 -41.94438198746867 0.259817 0.094037 0.22933798 1.0
-537.8523171640666 -45.66311841395791 -0.05458 0.235268 0.27568707 1.0
-600.8864648071257 -49.05285044872509 -999.0 -999.0 0.32450372 1.0
-385.1668354582095 -28.509503846490976 0.136623 -0.248126 0.1841252 1.0
-562.0442969057144 -45.22498891499729 0.073274 0.162262 0.28327462 1.0
-614.3617460009214 -47.65431464825832 0.26389 0.012723 0.3257611 1.0
-522.1331899304055 -39.7577807507134 0.061813 0.00625 0.25942764 1.0
-382.8254275043153 -25.495715867807384 -0.007873 -0.07548 0.18109888 1.0
-568.1757061122281 -33.844317336887826 -0.078165 -0.052914 0.31451166 1.0
-409.30693809225625 -29.773172346434457 -0.098585 -0.162689 0.18437609 1.0
-615.4078336842565 -45.4231088539394 0.084403 -0.139026 0.3222128 1.0
-652.10147214519 -46.95904886340719 0.030664 0.096945 0.35145852 1.0
-652.2356274820735 -46.7874126467158 -0.199198 -0.075128 0.35515794 1.0
-611.3995897865868 -42.202058370266485 -0.165268 -0.028667 0.32663378 1.0
-505.8996434860484 -55.39263693456591 -0.13575 -0.202307 0.2590962 1.0
-605.921635774057 -66.7199699711916 0.018781 0.031638 0.3383379 1.0
-478.7462780412081 -57.08535145271325 -0.112284 0.112528 0.23803586 1.0
-545.2451941078539 -61.59859990220922 0.101835 0.057364 0.27271888 1.0
