X Y e1 e2 Z WEIGHT_SEEING
437.7836379646852 48.72361182908403 0.1383 0.153171 0.19356684 1.0
481.7511835092081 28.679704640793474 0.369125 -0.088432 0.19751269 1.0
552.6449406448655 67.10086517678181 -0.243789 -0.652164 0.26097396 1.0
546.6760231955051 70.37560081680827 0.497786 0.617132 0.2553903 1.0
659.6668784636179 72.9982055908667 -0.330433 -0.114382 0.34062186 1.0
656.9875296650965 48.97970282845108 0.033617 0.23333 0.31366062 1.0
631.2841485412753 73.96629940482327 -0.205604 0.208407 0.31731436 1.0
549.222333061544 64.35329023080766 -0.169785 -0.114554 0.2518322 1.0
624.9571234177395 56.449523339420765 0.103732 0.037608 0.34288627 1.0
550.9335219605478 60.9865715394773 -0.500674 -0.051146 0.2806144 1.0
624.8367713758516 81.1462318340894 0.026542 -0.277965 0.3466586 1.0
616.7301470654004 80.47373997391485 0.208009 0.046604 0.32686606 1.0
431.7919549460526 37.754043969945705 -0.106655 0.146971 0.21151684 1.0
554.1812865919563 39.98162524747197 -0.062886 -0.079793 0.28562528 1.0
612.2895111787828 42.72212797324433 0.48775 0.102068 0.3278633 1.0
594.3778679737063 35.26713667114078 -0.071045 -0.291061 0.30488253 1.0
689.3755930858912 16.891121714253217 0.260981 -0.044945 0.34668982 1.0
684.9918240972861 14.274015533245606 -0.464029 0.014523 0.34477785 1.0
540.4674805115458 52.730565401525325 -0.161087 0.527903 0.2867454 1.0
613.085088388052 38.7555271955864 -0.388515 -0.110339 0.31315282 1.0
604.6712010923088 67.12613045160818 0.435547 -0.534679 0.33690152 1.0
540.8551856018628 52.14648290474332 0.250212 0.002797 0.27865902 1.0
642.10561262417 54.55954536434775 -0.794244 -0.187007 0.34514382 1.0
643.5254539901294 53.82880613664988 0.606741 0.090287 0.34610116 1.0
687.089339170642 38.18859811766078 -0.077918 -0.509707 0.35473636 1.0
697.5846559105671 32.73126217028022 -0.05075 -0.477074 0.35279438 1.0
616.8763804205342 79.4971493808792 0.080048 -0.190412 0.3543592 1.0
634.6513678826319 69.39993314070944 -0.142659 -0.005383 0.35176155 1.0
512.1071910119366 37.929353171474794 -0.123755 -0.212782 0.23579893 1.0
631.9051474251623 81.99271740009567 -0.5093 -0.297244 0.35568368 1.0
586.9008896182698 56.59509134324016 0.58803 -0.445738 0.29369405 1.0
632.5434460097852 45.746643387673565 0.08192 -0.070863 0.30972952 1.0
675.8331506543208 35.50725259969674 -0.516218 0.575938 0.32266104 1.0
674.888718376753 34.35836418735924 -0.021676 -0.187255 0.3220415 1.0
645.2556798026563 85.11925696879753 0.156601 0.203526 0.35948288 1.0
624.0111620572899 43.16498329472758 -0.040513 0.151152 0.29153883 1.0
635.3070043239686 33.20351911440215 -0.014802 0.124985 0.28948078 1.0
630.3652078993387 41.175979717063925 -0.133069 0.151497 0.33411488 1.0
604.3295680067906 38.30691846027265 0.016261 0.032567 0.3106116 1.0
672.067626877465 36.200070517132815 -0.300346 0.136871 0.35843956 1.0
607.60239675735 29.749072660124263 0.059895 0.18514 0.3046965 1.0
548.8321658236822 40.792501476153205 0.178206 0.112865 0.27163637 1.0
668.1932035826627 38.32713279690951 0.243245 0.374977 0.34575543 1.0
614.8817172968706 30.636956861524244 0.308102 0.276012 0.2992954 1.0
657.6140072030178 57.33806100091552 -0.133863 -0.014632 0.3551924 1.0
652.6312620614806 41.98874532305017 -0.041743 -0.05251 0.32898697 1.0
694.8282314769909 40.95909319828192 -0.281171 -0.084245 0.35959324 1.0
697.2663357024202 35.07898871609713 0.468702 -0.311931 0.3511446 1.0
610.2694011733224 47.93204622462896 -0.003248 -0.124756 0.301212 1.0
609.8349824225156 46.18671990342303 0.270667 0.107081 0.30007285 1.0
611.1860735494882 37.39369209932029 0.104537 0.014625 0.33450076 1.0
519.6987527964756 63.69643354470081 0.141051 0.215111 0.24544026 1.0
667.9041296993353 70.73001436292849 0.101069 -0.227956 0.33881545 1.0
489.02918892318525 63.17161584213308 0.381918 0.019185 0.22525525 1.0
569.7542660797347 72.78329674345977 0.036813 0.045824 0.26806656 1.0
484.3755124824907 61.16614809696163 -0.105416 -0.256983 0.2369528 1.0
620.9888363986753 51.17174529385115 -0.008835 0.12264 0.30083603 1.0
479.21406015568994 33.13554533903136 -0.003444 0.253256 0.20680772 1.0
493.35408246645056 32.53363668890633 -0.005053 -0.107635 0.21236758 1.0
606.8396431792056 83.96197682546062 -0.26548 0.010532 0.32102147 1.0
460.2944794553574 58.9136331094785 -0.067062 -0.051566 0.21491018 1.0
470.47667024012844 59.747116208197475 0.019126 0.159954 0.22132888 1.0
564.9477861530141 70.36431543927102 -0.17682 0.102673 0.28243357 1.0
515.8508136978634 62.5276897182921 0.083971 0.290731 0.24511 1.0
657.5336233654001 73.7020776837565 0.042952 0.042009 0.34271294 1.0
626.615780853943 60.48670470794234 -0.266458 -0.208831 0.30805707 1.0
480.6276811286878 37.1839898823846 0.566495 -0.1239 0.20659246 1.0
696.271256482514 52.80770997602348 0.03878 0.196431 0.34392068 1.0
478.1785962193212 62.07362681773954 -0.611901 0.03283 0.22208369 1.0
660.0508349183227 70.96518861237035 -0.154401 0.039001 0.32950833 1.0
497.3132763123895 64.28617425272252 0.256682 0.05406 0.22672543 1.0
572.8601894733058 66.89900278913974 0.020215 0.095573 0.32454103 1.0
594.4929651006112 55.03062798946831 -0.061914 -0.238659 0.31682858 1.0
622.1624458306643 76.8394019959871 0.294166 0.113628 0.3587891 1.0
575.7086384944815 71.59305351705751 0.0991 -0.234782 0.31957322 1.0
578.2740249791403 70.84528845476697 0.156681 0.290915 0.3196914 1.0
642.136320473008 69.31236068474954 0.226948 0.212969 0.35975093 1.0
591.0497870932323 61.15245784562855 0.100194 -0.163997 0.31695727 1.0
632.9414339509425 63.325897391604514 -0.137765 -0.040151 0.34406158 1.0
433.59452011018715 40.360901005238986 -0.154009 -0.026598 0.20240441 1.0
413.9601155034943 53.73830793438947 0.309231 -0.335069 0.2004256 1.0
634.6727596843249 80.31655429824804 -0.126211 0.092013 0.35917503 1.0
593.1190317282476 64.73154279567741 0.189616 0.14503 0.31307626 1.0
554.309474102067 60.17092363971011 0.022426 0.177239 0.28364122 1.0
630.2391764584003 66.01250588194982 0.039289 -0.273039 0.33735657 1.0
623.5992729185497 81.21343921109958 -0.162572 0.072825 0.34628975 1.0
626.2202562499324 80.77082851497735 0.147214 -0.136915 0.34807873 1.0
623.877780951041 80.76861271732618 0.061125 -0.07282 0.34449413 1.0
628.3355914921162 77.57323674856346 0.059566 -0.313646 0.34464943 1.0
458.11766906018164 53.88425647758548 -0.213666 -0.569316 0.21740746 1.0
454.64490029435467 66.82041672073905 0.224118 -0.200418 0.22457401 1.0
647.6892642851212 77.17147607290453 0.175355 -0.188122 0.34259087 1.0
651.5297314121468 73.89958146140417 -0.268685 0.120366 0.34088242 1.0
609.0632386271507 40.20954502165392 0.296403 0.322765 0.32951587 1.0
576.3725996165557 35.53617920585764 -0.172349 -0.207873 0.30115414 1.0
432.86718691781874 37.82376038932251 0.204653 0.052509 0.21347146 1.0
435.121894609485 38.033643983544074 -0.027733 -0.246409 0.21368566 1.0
481.8908730137139 30.110852020168927 -0.161309 0.010271 0.22927198 1.0
585.6611878738379 33.29599589304096 -0.158107 -0.384917 0.2992612 1.0
590.8742001023617 33.64825744292123 0.041841 0.104465 0.30281967 1.0
591.5621495484725 34.86760717062786 -0.218839 0.050794 0.30188364 1.0
620.9277343370364 35.04646005853688 0.343341 0.016925 0.32454163 1.0
587.8834636419487 30.050002457599817 -0.13229 0.020072 0.29617035 1.0
591.7202950478394 28.892343841162926 0.075013 -0.039426 0.29626575 1.0
453.7908577974824 21.174728215904366 -0.355888 0.339242 0.2071885 1.0
665.5813659362623 31.03137034769522 -0.066729 -0.32299 0.3482007 1.0
419.39589271467526 43.82511071236299 0.250861 0.409562 0.20658207 1.0
618.4351630133444 53.3615727176128 0.08279 0.077069 0.33988562 1.0
657.6957503368234 41.9956993712962 -0.06456 0.204913 0.34861997 1.0
616.1793958978102 37.915132411223745 -0.241482 -0.073607 0.31257913 1.0
464.2809068826641 25.31356492026658 -0.32053 0.220683 0.21067704 1.0
471.8681224597068 23.17363378714684 0.188752 -0.014191 0.21293129 1.0
512.5641264513063 16.823998424851784 0.231198 0.078753 0.22916144 1.0
507.078837111737 15.362477993938233 -0.036904 0.236934 0.22365028 1.0
401.84891050771506 40.69168224571644 0.168002 0.368573 0.19042896 1.0
542.5324261264043 53.41239891141593 0.011771 0.166926 0.2776909 1.0
641.50459756837 55.8155443921234 -0.264983 0.113189 0.34579155 1.0
644.6329021787745 53.0488185710267 -0.289575 0.165125 0.34660348 1.0
618.5633615832381 44.393906081332375 -0.255286 -0.342865 0.3140643 1.0
498.9993460160295 32.06727599824735 -0.008871 -0.0287 0.22944582 1.0
609.8550250121016 30.580671495989726 -0.053096 -0.039182 0.29447016 1.0
661.5767288650343 26.32915196969085 0.314682 -0.207325 0.3196542 1.0
623.5102102074455 79.64932766820552 0.16723 -0.077785 0.35807905 1.0
642.2783372740572 71.7169349305224 0.376533 0.132553 0.35791874 1.0
548.6348326399594 58.06207780342679 0.168293 -0.096779 0.2795539 1.0
576.6857039858158 49.62137811306201 -0.103435 0.111878 0.2869634 1.0
510.1401390069768 36.14655359481791 -0.362716 -0.057655 0.23500857 1.0
651.6114550922792 42.06623636163581 0.183771 -0.262173 0.3231866 1.0
472.5472694095412 20.555847370123583 0.009688 -0.222512 0.19916314 1.0
632.9506324416833 80.25113644194681 -0.166363 -0.089316 0.35366535 1.0
636.1027646977959 72.25882765636851 -0.069871 0.121836 0.34556195 1.0
640.4198802343899 71.92844215010862 -0.003797 0.208271 0.34816882 1.0
588.1087084376998 65.85343177153828 -0.163294 0.121969 0.30601788 1.0
637.5785168012998 70.1702578959625 0.28294 0.119002 0.34431043 1.0
575.8553577095125 60.546022548356135 0.079177 -0.083031 0.29142362 1.0
557.240131334072 51.668427148500804 -0.16179 -0.341906 0.2682908 1.0
643.9772333122992 57.194578674234926 -0.46666 0.703985 0.32807636 1.0
698.7419152600925 43.13354399628454 -0.067264 -0.379189 0.34981495 1.0
619.1792414520874 85.18837998076354 0.423333 -0.320385 0.34205168 1.0
613.4816886586189 80.9996440348427 0.117389 -0.164985 0.3320284 1.0
593.6631385163948 63.519132800789585 -0.204582 -0.089966 0.29698414 1.0
695.9406303040149 61.48603250315613 -0.014038 -0.388724 0.35829347 1.0
643.315964853483 49.350785699273786 0.155895 -0.002688 0.3114413 1.0
641.0398362732341 49.504836572684766 -0.173134 -0.047129 0.31052154 1.0
519.320297277419 29.901665176286862 0.549941 0.080281 0.22104722 1.0
610.5103996925435 45.23452178685203 -0.044019 -0.110185 0.32384905 1.0
593.0049804165461 37.764231182795 -0.017864 0.12742 0.30375946 1.0
604.3436275979524 38.64612687063305 0.100926 0.043491 0.31010908 1.0
608.4647520310164 38.85051684748565 -0.172398 0.197068 0.31326497 1.0
640.750455096484 37.87467285833272 -0.107231 0.015099 0.33645716 1.0
646.2954557448721 36.82430686095841 -0.334335 0.195336 0.3404679 1.0
466.94898928008394 22.089352665662275 0.321461 0.094454 0.21153602 1.0
689.5122318431506 19.13098518126527 0.362514 -0.179479 0.34490123 1.0
510.9877408894532 27.352103344765876 0.30873 0.28558 0.23455217 1.0
604.077828030997 30.10330145997887 0.634059 -0.117252 0.29162246 1.0
682.4523252049792 32.04625932519871 0.012145 0.184387 0.34893444 1.0
606.053263696199 52.80973721505571 0.417662 0.172639 0.31388524 1.0
636.2922131855288 41.42180848829515 0.250331 -0.476378 0.3187918 1.0
682.818531615185 38.3857318039553 -0.214132 -0.057766 0.34373668 1.0
682.487890380064 36.85467324321784 0.034218 -0.162689 0.34336764 1.0
514.6756280979721 22.667360151952806 0.286951 0.284903 0.22598971 1.0
677.0775630245715 49.56931939865994 -0.063417 -0.24202 0.3480716 1.0
430.8326405543502 25.918216478176035 0.135629 0.234289 0.18154192 1.0
679.8179659557051 32.29566678761087 0.416165 -0.046775 0.32650423 1.0
482.2331669476087 32.05994492823757 0.634094 -0.290863 0.20824231 1.0
589.3010936748183 38.505914611820025 -0.512979 0.158238 0.31889218 1.0
524.6969261805227 35.97398600684179 0.274899 -0.04598 0.2665 1.0
645.9865798294553 36.328218663358115 0.005689 0.076168 0.3469318 1.0
501.95197019475813 24.125987258994137 0.205339 -0.53243 0.237884 1.0
621.635640759636 79.37267865673196 0.045503 -0.18275 0.3004836 1.0
523.5763163600997 63.967599439843546 -0.021553 -0.696666 0.23267621 1.0
684.1737838912754 94.17492084198709 0.295089 -0.025577 0.3585793 1.0
567.2038757641404 85.40828367636264 0.377541 -0.065056 0.28695825 1.0
561.2545209333368 68.78327336494065 0.296447 0.081901 0.254845 1.0
693.3516961597671 62.70339929847737 0.115598 0.037224 0.35105586 1.0
556.4124252210662 71.15805765507565 -0.122045 0.057675 0.25559914 1.0
455.03051623882874 37.584332146281135 -0.105378 0.237354 0.19087735 1.0
521.4557818816872 33.12297194017784 0.123448 -0.043957 0.21995735 1.0
703.9508220072423 41.35677936510138 0.084987 -0.238347 0.3305075 1.0
604.2176756992022 79.70792121374717 0.005901 -0.070189 0.30056742 1.0
535.4471529947633 70.3563638877169 -0.051703 0.131275 0.25354278 1.0
694.1875081675815 56.41752908505197 -0.06774 0.349969 0.32886678 1.0
635.3854487045146 43.20106552951715 0.283729 0.11319 0.28322238 1.0
572.8980814895846 79.53057023609833 0.061207 -0.050157 0.27829278 1.0
527.6271148673446 73.10406650761186 0.54415 -0.004737 0.24678333 1.0
458.64676023591113 60.783687541721136 -0.025339 -0.091701 0.20362808 1.0
510.55910542636957 67.63363159450944 0.167057 -0.112103 0.23295149 1.0
624.3172679312995 53.192552311249756 0.407004 0.270002 0.29709414 1.0
670.8277505546049 88.74896499221536 -0.097953 0.199462 0.3560426 1.0
592.7803149253665 49.281659064664346 0.035014 -0.07608 0.26767585 1.0
494.29894972152493 37.79383315539153 0.068716 -0.08426 0.20690578 1.0
494.2751591962259 34.93002045631528 0.266535 -0.278006 0.20631824 1.0
453.9188737632741 64.40522930432721 -0.121149 0.243428 0.20825371 1.0
458.50588179626584 36.39532445843723 0.201478 0.06649 0.18614088 1.0
460.1971100215839 64.44333626153113 0.233948 0.076608 0.20582724 1.0
606.9354970685705 75.38847549595137 -0.158216 -0.060885 0.28750065 1.0
613.034921668604 73.91686711894623 0.031208 0.022845 0.28911406 1.0
555.4722672366435 66.20073936796605 -0.114652 0.157137 0.25257406 1.0
429.43560711235483 51.56423912999286 0.289523 -0.001858 0.18026733 1.0
697.317712418192 91.54476308789509 0.221808 0.246374 0.3500425 1.0
478.19276510478915 62.102201575936185 -0.343355 -0.312094 0.20681067 1.0
482.8464142945547 29.856695612307835 0.172405 -0.041355 0.19748293 1.0
733.6854437476617 45.90124166127432 -0.051345 -0.000918 0.35181594 1.0
529.7965426130156 88.45705073252418 -0.578294 -0.134068 0.24785578 1.0
704.5146238425691 120.77040851115866 -0.347992 -0.445558 0.3554078 1.0
634.6765916629539 94.25459455820469 0.142547 -0.313444 0.31116414 1.0
689.7035558157392 75.47296082457768 -0.294312 -0.02628 0.32409644 1.0
585.0219330181335 56.50811816124492 -0.203748 -0.154806 0.2523735 1.0
542.2377507403029 65.44727264987058 -0.026181 0.23623 0.2326493 1.0
714.7376160540664 85.309509034457 -0.111946 -0.291405 0.3409496 1.0
554.5713154292968 53.66658866188176 0.060772 0.013896 0.22931632 1.0
598.6654837416744 86.97489847033526 -0.417586 -0.057455 0.270466 1.0
722.5372429864901 92.13503654210797 -0.166683 -0.040083 0.34474704 1.0
739.5743074873117 94.60100238609851 -0.028148 -0.026608 0.35360977 1.0
648.2004741467188 74.41481721842749 -0.064145 -0.051051 0.28593317 1.0
706.7192072178494 85.9447247528098 -0.615017 -0.064296 0.3189068 1.0
698.5733693297706 113.41835902740111 0.056066 0.299184 0.33275655 1.0
697.4144512022332 108.02704244660667 -0.174799 -0.104733 0.32823473 1.0
731.2746531024302 110.36119790422696 0.192094 -0.00428 0.34726578 1.0
592.0454786092369 80.3114259226524 -0.17235 0.156249 0.24892205 1.0
645.5428780530083 97.96088466652881 0.084091 -0.344686 0.28369588 1.0
673.9306360772233 101.33582186615862 -0.37318 0.366638 0.30076438 1.0
553.084696021187 84.25850979912292 0.041504 -0.131137 0.27085337 1.0
577.3995276931863 87.02258215789031 -0.371035 0.329563 0.28581208 1.0
689.9863988195419 70.6993611627339 0.219517 -0.286296 0.3367189 1.0
559.5456789417318 87.0518648285799 -0.167595 0.158099 0.27151912 1.0
552.1385518014321 56.47661235814214 -0.244842 0.200877 0.23925741 1.0
747.728893702864 62.508163161522475 -0.363567 -0.117321 0.3552782 1.0
538.4308259048736 82.53247111945846 0.227203 0.133583 0.24967325 1.0
666.4040785309169 62.83549744511667 0.019986 -0.026845 0.31431994 1.0
476.6046145367452 40.419249427966875 0.032511 -0.018952 0.1962821 1.0
715.3038047513643 76.48409221141117 0.364283 -0.224673 0.35322392 1.0
651.002919644282 102.15344099898691 0.065527 0.186557 0.33304033 1.0
594.97078611416 83.96782125263609 0.318686 -0.545509 0.28407302 1.0
521.1664434093016 64.23155106357932 -0.249465 0.147167 0.22950655 1.0
714.4860777199867 82.408725008934 -0.110669 -0.113723 0.34873578 1.0
710.2945283145841 55.36641450732584 -0.165119 -0.081432 0.32470736 1.0
712.7731382188643 79.9940295830252 -0.227077 -0.254945 0.34038442 1.0
681.9203450862989 72.2932534207598 0.037783 -0.300826 0.3137638 1.0
578.4783198349271 61.44406424688193 -0.345578 -0.138203 0.248205 1.0
466.1303028791431 79.93491727485008 -0.026132 -0.031597 0.20518686 1.0
620.7282131811502 94.03653117655892 -0.17606 -0.277205 0.29262215 1.0
675.2656631738262 66.82983800573793 -0.198491 -0.244527 0.2977987 1.0
732.0547221810527 68.00347024535466 -0.008952 0.237718 0.3328097 1.0
555.683065707739 52.225769112013765 0.034462 -0.063415 0.22580004 1.0
727.3174422547507 89.89962345265428 0.115774 -0.298004 0.340845 1.0
688.8170192559112 83.96389468905579 -0.133946 0.043777 0.31239218 1.0
741.53257481002 72.2842630539282 0.185051 0.08321 0.3342358 1.0
712.3732392359475 121.48340507538543 0.125621 0.256628 0.3532132 1.0
705.1661064413446 111.69910483673272 0.007879 -0.123362 0.33776513 1.0
620.1500798719708 94.65549254639778 0.309741 -0.370649 0.27262217 1.0
643.4738611018696 88.02867234644603 -0.574649 -0.172391 0.27928123 1.0
746.6776575602562 122.96425429352337 -0.003419 -0.186977 0.35690084 1.0
711.75608253437 117.27856755951173 0.00651 -0.118848 0.32358 1.0
511.0522259574451 85.15429062558414 0.086351 0.241163 0.20220241 1.0
627.9624288101845 99.62840490211346 -0.360292 0.247116 0.27164826 1.0
466.45114417169304 78.53571005966626 -0.025538 -0.029055 0.21084875 1.0
458.75617081897735 76.5766749718393 -0.017292 -0.060595 0.2058057 1.0
413.0807522592222 67.91182201023628 0.130737 0.135612 0.17991383 1.0
542.5826628644892 87.59911578445367 -0.0481 -0.037436 0.25239667 1.0
464.0625095178637 74.43470597935847 -0.037033 -0.211549 0.20545168 1.0
447.2169790043666 68.91616275785807 0.035649 -0.390115 0.19406767 1.0
389.19735272706873 57.82437514252777 0.262421 -0.121537 0.16195029 1.0
465.38406893959484 78.46921480726591 -0.175878 0.57741 0.20114504 1.0
588.5243118311989 96.39809831427311 0.312674 -0.139081 0.2707983 1.0
706.3937151291439 115.50890754301021 0.241788 -0.105921 0.35321665 1.0
589.8151590827795 95.27618661825767 -0.220835 -0.101408 0.2711811 1.0
467.98366568251447 76.51993023717162 0.05017 -0.094874 0.21163814 1.0
449.6238844499684 65.9710778321004 0.006095 -0.199599 0.1942573 1.0
680.0333666609272 98.22616180042843 0.308788 0.331424 0.34345168 1.0
588.8831967505093 80.03622502371213 0.068158 0.101911 0.27154347 1.0
521.8577889707468 69.94998831164193 -0.338106 0.099806 0.22970483 1.0
695.9331412834428 87.41142588508143 0.126598 -0.329208 0.3415398 1.0
548.989213791168 67.21672335803 -0.080138 -0.12748 0.24019612 1.0
568.3006051848372 68.21774342006715 -0.198813 0.328535 0.25157538 1.0
544.7938883269228 63.11141011508646 -0.031879 -0.057091 0.23594482 1.0
542.3043937900604 62.25019229881141 -0.120451 0.122024 0.23437896 1.0
661.9865088984061 69.84711631794437 -0.18781 0.18041 0.30255774 1.0
568.2203917040605 58.04994418728655 -0.3982 -0.187808 0.24372752 1.0
588.969023909141 56.946475440918114 -0.060706 0.07238 0.25458485 1.0
482.9533981264014 65.77941391650039 -0.300989 0.423837 0.20386319 1.0
632.4083605514624 83.79432351712153 0.22962 0.135567 0.29071257 1.0
627.8018076668506 75.63618006439135 -0.337463 -0.049114 0.28217587 1.0
550.6221239718614 60.64346521882689 -0.036545 -0.097353 0.23168498 1.0
695.189245029588 73.79007410654049 0.069359 0.178256 0.32006368 1.0
546.4165741669128 58.39852187331179 -0.474426 -0.430153 0.2277749 1.0
556.7291812857003 59.19362005890268 0.26825 -0.240394 0.23336656 1.0
548.099663510178 57.440835798311674 0.178572 -0.045312 0.22745301 1.0
553.3806185628457 57.66901020478202 0.160021 0.043799 0.2300931 1.0
558.923501490172 56.31610975453033 -0.519973 -0.37799 0.23379807 1.0
552.1756659277894 53.54626120726802 0.27712 -0.040453 0.22800131 1.0
560.5683959694524 54.32605210617455 -0.041894 0.193187 0.2310796 1.0
763.578900163707 71.33397936944222 -0.171136 -0.140117 0.3576953 1.0
659.3095693436175 60.4360388477512 0.07759 0.037753 0.2876055 1.0
463.36325429527716 78.93588114473151 0.061609 0.272842 0.20243226 1.0
466.72676858835143 73.29201120589656 -0.070972 -0.011234 0.19916812 1.0
714.2685196947618 110.32107944845967 0.221943 -0.31293 0.3547475 1.0
472.25518663196664 65.75520155244983 0.137937 -0.014335 0.19610624 1.0
701.6895452922408 95.45030154612508 -0.088532 0.082235 0.33191642 1.0
484.8672510665276 64.37850191733523 0.311715 0.048806 0.19955805 1.0
721.3506784550167 91.86724393611038 -0.032084 0.047359 0.3438532 1.0
724.2309464221757 91.82838536601541 -0.323916 -0.292783 0.34418064 1.0
727.0345619421026 87.49115997673474 -0.113914 -0.11915 0.33945495 1.0
601.4002806205403 69.82430281386374 0.18183 0.278805 0.25740027 1.0
649.3538744702497 74.59027218453592 0.04726 0.061071 0.28673586 1.0
561.3223056419395 61.541983504744245 -0.149096 -0.164783 0.2317959 1.0
568.9716604143142 58.73458189082409 -0.109247 -0.06602 0.23347731 1.0
492.7105858214063 48.74651921638232 0.079174 0.027374 0.193659 1.0
461.1350329174457 45.314291939395865 -0.034729 -0.172398 0.17687437 1.0
548.4288746163713 49.66010661218163 0.252151 0.08403 0.21873093 1.0
642.4240917775917 57.090411927504114 0.094507 -0.270051 0.2709257 1.0
463.5152526456397 80.3079045740957 -0.038922 0.285843 0.19772303 1.0
559.159551137317 78.47380196595874 -0.258695 -0.275346 0.23855338 1.0
725.3355749567326 100.76799396762962 0.357129 -0.110645 0.34515733 1.0
747.7011588882215 96.81622021677298 0.323136 0.101411 0.35472283 1.0
738.2497649659949 77.75064874605327 -0.205089 0.300405 0.3300638 1.0
633.0363006834024 104.53552427537673 -0.465045 0.068302 0.28940868 1.0
699.000414452317 113.64128482544669 -0.244899 -0.178081 0.33310443 1.0
695.1644369450656 107.63692477887713 -0.119923 0.067887 0.3265406 1.0
702.9906122659397 107.86028656180439 0.181956 0.116208 0.33063143 1.0
570.0715434655344 70.22087510077357 0.065543 -0.054303 0.23297499 1.0
713.9114782275079 87.53912150673793 -0.058988 -0.153587 0.31757158 1.0
736.3075781954799 88.12404535799183 -0.509563 0.014575 0.33006415 1.0
729.8066365964073 82.50906174321406 0.239783 0.115561 0.32383266 1.0
642.4884617891838 97.51674763371261 0.07294 0.007729 0.28176388 1.0
495.3413933437692 67.61153905902638 -0.236057 0.060111 0.1947209 1.0
649.4643945219935 87.49811449096022 0.289518 0.120315 0.27837908 1.0
734.1690955031276 97.46386285878155 -0.010872 -0.005713 0.3310627 1.0
423.2356716769037 37.79615295458256 0.043051 -0.292195 0.17753837 1.0
449.48762379047844 40.23580447138939 -0.286192 0.027049 0.19098523 1.0
696.4699959388508 59.104058110820276 0.236889 -0.295665 0.3447345 1.0
681.9176197271765 66.47797031504813 0.186175 0.074723 0.3358472 1.0
474.7626211447076 72.81119631238053 -0.036202 0.019331 0.22324297 1.0
451.78323033027016 68.54752780688095 0.224852 -0.207056 0.20764245 1.0
527.7562712736642 59.865756691627205 0.060051 -0.307602 0.23393503 1.0
553.5427323150595 62.0095808614521 0.128847 0.01605 0.24818493 1.0
537.0373178214015 57.53812907851469 0.185553 0.254241 0.2361202 1.0
431.40931408777294 45.02205555491469 0.143026 -0.179635 0.17886911 1.0
702.626436123355 68.887956194251 0.228195 0.081743 0.34100956 1.0
692.6138895526057 69.65473708554875 0.119283 -0.108651 0.33343062 1.0
694.5182455685655 68.29717301159158 0.392969 -0.334281 0.33518627 1.0
490.9485079462743 45.92010461647296 -0.159992 -0.043256 0.20517233 1.0
701.3547771791962 60.48040321492574 -0.038841 0.115838 0.3291629 1.0
738.5854789885136 62.973302751701794 -0.128039 0.034426 0.3554248 1.0
576.742492070251 91.83377968747446 0.220577 0.30998 0.2860851 1.0
436.8592198603622 68.454080507776 0.09753 0.007295 0.19673534 1.0
584.6367553808217 91.07645884969651 -0.07607 0.107369 0.28957418 1.0
660.3953013721086 103.23701205250227 -0.223552 -0.46534 0.34568238 1.0
614.3602283919145 96.38789589094036 0.053333 0.0422 0.30844954 1.0
533.0989189736982 65.58443480845301 0.072588 0.009096 0.23655589 1.0
460.61633966980503 52.825195258710345 0.006128 -0.05658 0.19368342 1.0
552.434597566172 59.11969543387959 -0.122403 -0.172487 0.24142787 1.0
481.8993896614792 40.78741246257539 -0.011501 0.272862 0.19452164 1.0
538.5662049145201 54.879537154192995 -0.068539 -0.136887 0.24389504 1.0
701.1455821066169 70.03875242226621 0.099893 0.191313 0.35387895 1.0
424.28583800950537 40.528043356747006 -0.01782 0.034232 0.17806377 1.0
583.3922895260654 52.990527644762 0.156249 -0.158105 0.26736325 1.0
369.89545189058424 52.06187085701004 0.013953 0.129117 0.16046144 1.0
656.4252779429609 91.60007974031004 0.181712 0.448709 0.3437998 1.0
659.0048605597934 91.40727457103543 -0.199498 0.384339 0.3457507 1.0
458.98307266541497 45.252189457374435 -0.149095 -0.02547 0.1927924 1.0
561.319223039006 54.556606562075466 0.135992 -0.508589 0.2493495 1.0
664.6750946757161 62.635946184720325 0.186618 -0.08207 0.31321207 1.0
470.8169392950455 40.96460999584254 -0.033288 0.353247 0.1947333 1.0
375.0734521396979 58.42055566822992 -0.034011 -0.114597 0.1645922 1.0
533.708008579077 78.1089424965541 0.335747 -0.090503 0.250654 1.0
556.8731944820203 64.51245124083604 -0.309858 0.253603 0.25086626 1.0
553.8654154734622 64.50043568402185 -0.390068 0.236714 0.24858774 1.0
429.8528106760848 47.29217825604309 -0.097354 -0.105722 0.17772678 1.0
712.0373342880914 78.1285127591644 0.162179 0.005657 0.35375592 1.0
702.3884862188299 60.094201530659916 0.081503 0.182531 0.3289776 1.0
478.41576252886443 40.80323742532662 -0.112417 -0.233167 0.19329618 1.0
459.81009111973526 71.71583031217301 0.094922 -0.112459 0.20654725 1.0
682.3740739419532 105.86012207813613 0.100522 -0.406043 0.35843262 1.0
460.9996997712497 71.01943545455661 0.03773 -0.069406 0.20625646 1.0
661.7901108517655 98.59934294688152 0.019684 0.428808 0.3339264 1.0
540.8348520915359 77.70298177424978 -0.064357 0.290434 0.2502024 1.0
556.6643550874569 73.524947123243 -0.035335 -0.266241 0.2524916 1.0
521.9335260678075 67.78906439932084 0.211376 -0.14516 0.23041332 1.0
524.8368202487811 64.89494457147573 -0.080944 0.018132 0.23121792 1.0
540.5494488093335 60.42382142933799 -0.285825 -0.256949 0.23552889 1.0
554.8894537846004 61.28107787568605 0.04375 0.166656 0.24335915 1.0
708.6948948495107 78.07076182452876 0.664617 0.320675 0.34166074 1.0
501.6312504613603 51.48510465122637 -0.127182 0.127494 0.20992346 1.0
496.1651136116327 50.66346446660368 -0.502577 0.083802 0.20664322 1.0
540.4453427917823 53.50150478877724 0.129963 0.391511 0.22865598 1.0
548.242038793712 53.40810813260031 -0.103857 0.06068 0.23341571 1.0
551.6187753889885 54.11553913431076 -0.214739 0.18506 0.234746 1.0
703.648479746359 66.92698152046184 0.038291 -0.045069 0.32838282 1.0
418.7574904653458 37.136933239856425 0.250868 0.235731 0.1634543 1.0
711.5315508131484 56.14938769625817 0.123428 -0.376118 0.32539353 1.0
719.7727993725189 54.66712550366142 -0.399682 0.003939 0.3292181 1.0
571.6417870523118 80.3568947088293 -0.033318 -0.004767 0.26136386 1.0
576.7790315016669 63.35735517546998 0.280877 -0.113727 0.24977323 1.0
698.4609374809855 72.5618047320178 0.238168 0.224751 0.32297787 1.0
553.4931539139513 50.471075092684856 0.258535 -0.248562 0.22853653 1.0
464.1931221270335 78.70688501316089 -0.039313 0.068388 0.20346399 1.0
561.3571090522274 82.0159132792137 -0.07331 0.045308 0.25142875 1.0
602.4083427323005 82.2214927278007 0.084749 -0.314736 0.27176735 1.0
530.9900287376252 70.28110576686821 -0.120937 -0.229951 0.22678538 1.0
531.9485445705523 69.92403088915981 0.10001 -0.323841 0.22687073 1.0
624.5201559285688 78.52211002075741 0.239204 0.114075 0.2805246 1.0
540.1758045519676 64.65337303211186 -0.220335 -0.243377 0.22754915 1.0
722.0515741503532 82.77155821219762 0.034352 0.500255 0.33952755 1.0
724.320727866404 82.90227016002031 -0.056327 0.000574 0.33975077 1.0
559.8435082012652 56.336161376826176 0.057448 0.260417 0.23161304 1.0
491.02701348649094 47.92536327897724 0.209296 0.039559 0.19418004 1.0
470.08198408041613 69.14067926631213 0.063818 0.124775 0.19606377 1.0
608.7920368568058 87.85897633428026 0.23022 0.126175 0.2737037 1.0
645.6219110194097 91.19889668496124 -0.351486 0.07968 0.29637164 1.0
477.2159535283637 62.49243862475499 -0.362475 -0.091641 0.19428232 1.0
610.7879003658206 78.75470603255714 -0.231369 -0.101129 0.265951 1.0
613.8750348630991 76.93853203641595 0.381235 0.400237 0.2665304 1.0
732.8351399286603 85.22218762950398 0.086126 -0.116278 0.3380085 1.0
771.3167353444694 80.79894382753012 -0.028014 0.096615 0.35752407 1.0
729.6144838993341 75.0154979544869 0.03278 0.154583 0.32971472 1.0
693.0800853993995 123.9533016412504 -0.169509 0.130503 0.34503037 1.0
595.8987905360548 95.94885584330906 -0.475273 0.272025 0.26747528 1.0
704.0292502448176 111.51567883009822 0.117396 0.176344 0.3376988 1.0
694.7406486917804 107.03756635246954 -0.253881 0.030242 0.32766774 1.0
643.7918051782007 94.27344572091204 -0.121002 -0.601766 0.29145908 1.0
703.3788344141992 102.35384549402535 -0.159516 -0.223317 0.32913485 1.0
612.9908992202128 87.09756198084892 0.077977 -0.259632 0.26836967 1.0
654.0889454405266 84.97940863183045 -0.090053 -0.144228 0.2869272 1.0
567.9750645901322 68.16635155801376 -0.106675 0.072551 0.23221928 1.0
723.5904584412739 80.27451931008787 0.062064 0.025218 0.32279265 1.0
570.8316030979252 63.315387993547404 0.089727 0.063743 0.2310956 1.0
728.8384747744952 80.5542828564587 -0.129167 -0.159477 0.32265988 1.0
682.1500383338274 107.82694673478032 0.307315 0.287037 0.31312636 1.0
710.2983723130175 111.64341750656874 -0.494261 -0.054507 0.33206218 1.0
733.2716267362906 113.55155431258126 0.354081 0.394263 0.34972277 1.0
659.930722644293 100.90126597977516 -0.115112 -0.241564 0.29748327 1.0
664.8544318895413 96.87840894207281 0.031157 0.296863 0.2967242 1.0
665.8193666392696 94.54274707982422 0.107104 -0.163826 0.2959541 1.0
618.740275381732 88.21151446223571 0.500416 -0.045331 0.2660687 1.0
635.6057280046507 89.41181703321627 0.021369 -0.30753 0.2746294 1.0
638.3951483274484 85.58462764898775 -0.356268 -0.189149 0.27464375 1.0
734.1700404175355 95.10216061225651 -0.128487 0.086981 0.33147502 1.0
656.1150239012807 82.46029214122466 0.058751 0.222842 0.278776 1.0
480.17839830488515 76.91564980524012 -0.315365 -0.355437 0.19284987 1.0
750.6499317478814 131.914076469361 -0.172588 -0.256875 0.35769838 1.0
475.0252837825582 79.50542788286006 0.035269 0.088874 0.18904723 1.0
630.6662953013397 101.54372741828625 0.415467 -0.074859 0.27030274 1.0
689.6406983392569 111.10934350361086 0.092137 0.199348 0.30197495 1.0
742.4875509980852 129.4698522975623 0.307745 -0.146563 0.3569022 1.0
626.0655349412073 99.368169361918 -0.014758 0.097099 0.27106377 1.0
735.325664836863 113.53108098923312 0.051068 0.0379 0.33628896 1.0
544.1495357026711 80.31473763753024 -0.002968 0.091853 0.2187731 1.0
635.5611211773632 103.46247668045444 0.217118 0.137501 0.27017334 1.0
649.1356822015928 103.5965856389605 0.090512 -0.216197 0.27744696 1.0
489.83344101124203 36.15408106430358 0.029313 -0.103835 0.19685154 1.0
533.954702924121 38.056951769459914 -0.01783 0.02576 0.21894054 1.0
524.3622429368014 90.71851492609673 0.114837 -0.147722 0.248199 1.0
540.4866310646712 84.00743686869424 0.204757 0.31939 0.2759785 1.0
616.1804483688306 92.27511685770355 0.142902 0.282468 0.3299848 1.0
661.2549949696213 109.44143131963092 -0.154223 -0.249868 0.3485665 1.0
637.4075146168507 97.94512058153857 0.169768 -0.157811 0.3569315 1.0
625.6218824384265 93.29244440974038 -0.50765 0.187626 0.3394649 1.0
505.05791811974404 74.89947660843258 -0.136552 0.14593 0.25509793 1.0
593.5217545631289 106.50414403097375 0.487259 -0.268214 0.28665102 1.0
384.34152662747823 59.61918941198734 0.087491 0.06798 0.17068487 1.0
449.9929223646781 74.88016901234306 -0.1929 0.001749 0.20786552 1.0
550.9811722874869 96.61048982316032 -0.050929 0.10509 0.2255868 1.0
593.0024375900982 100.13422713253432 0.015276 0.040459 0.24617527 1.0
511.1402532711052 87.14407433087223 0.086821 -0.078285 0.20236683 1.0
596.4549387319684 113.89204036947969 -0.164871 -0.041966 0.2859337 1.0
693.8761024826953 128.51980999906777 0.123307 0.144159 0.35527217 1.0
724.0438057353788 130.007049317645 -0.071442 0.495986 0.3263632 1.0
690.3194220937804 127.28884716987157 0.394174 0.165278 0.3551763 1.0
661.1834548658113 124.24937284174449 0.058511 -0.100088 0.32755286 1.0
662.4687775930976 122.91487081332707 -0.248118 -0.03236 0.32732636 1.0
659.5810420820476 122.40251041751121 0.619162 0.291454 0.32951757 1.0
625.6782835105894 103.13246484917252 0.457596 0.061976 0.3365551 1.0
494.1392108551189 81.28516763447065 0.378555 0.000879 0.24057662 1.0
617.5731924933223 96.92421919429616 0.428552 -0.076118 0.33665568 1.0
421.42339482401445 67.3476951432931 -0.121221 0.235501 0.19528161 1.0
606.9274359145239 108.17092020379337 -0.220351 0.120152 0.25341696 1.0
