X Y e1 e2 Z WEIGHT_SEEING
-471.591007322372 401.4673098129732 -0.048728 -0.118341 0.35924995 1.0
-379.45601567919294 347.05647276851755 0.145485 0.037823 0.28900576 1.0
-412.34081705965974 316.7966270038407 0.047097 0.200602 0.29202512 1.0
-260.57363213925095 291.81693669104743 0.073647 0.003436 0.25122428 1.0
-263.2190482798893 291.9292433687049 0.012341 0.382824 0.25076416 1.0
-226.3665284688451 355.03616231812595 0.094202 0.003694 0.3239158 1.0
-225.46835399427854 353.9256299811804 -0.054573 0.127087 0.32205924 1.0
-222.24600072505112 351.7398686653599 -0.316811 0.002155 0.31916353 1.0
-186.00206743842827 329.3133808373017 -0.140556 0.296217 0.28433126 1.0
-476.72273352668026 357.7284771845844 -0.034071 -0.153667 0.3342945 1.0
-442.0755856072988 341.0355404442948 -0.116266 -0.757572 0.3091589 1.0
-449.25414791057926 368.7746835580295 -0.036896 0.225554 0.34629312 1.0
-359.7161098048336 334.0624537376656 0.096741 0.397201 0.2957406 1.0
-218.725871982755 358.0407987176238 -0.026541 0.188538 0.31324273 1.0
-473.592492914226 364.6992863419508 -0.131303 -0.036758 0.33579296 1.0
-307.71278626476226 348.25883560759735 0.061144 0.250826 0.30259916 1.0
-242.28848565017378 389.5352517739203 -0.160084 -0.088749 0.35112432 1.0
-341.22044313272465 342.3553842578598 0.094295 -0.257446 0.2910782 1.0
-291.52280190356305 315.66551302986323 -0.082804 -0.38056 0.2590154 1.0
-368.29610975740553 303.7303870534234 0.092847 -0.003481 0.24755794 1.0
-475.9439727519149 309.09205627639915 -0.652136 0.331769 0.32324696 1.0
-430.0941732778197 301.46080019619336 0.295195 0.086579 0.30880263 1.0
-471.5599030627765 336.06604865939704 0.041083 -0.583832 0.35973024 1.0
-348.2350686712097 291.09459298843296 0.218991 -0.211018 0.28359675 1.0
-252.70388275403917 217.89125050376455 -0.25762 -0.208627 0.1927095 1.0
-383.7940202607022 334.62433135065163 0.192818 -0.317982 0.34583881 1.0
-379.9479772246228 332.77418231273515 0.140854 -0.089475 0.34321293 1.0
-395.702536881714 346.8302296570131 -0.420013 0.19189 0.35675487 1.0
-272.801691935686 252.7381397736524 0.079295 -0.065664 0.22579312 1.0
-349.83112412919786 341.0574638564599 -0.126132 -0.007766 0.34309578 1.0
-353.4011247659429 352.2615868610286 -0.254701 0.370266 0.35906345 1.0
-292.0428021473957 319.07500769515576 -0.273021 -0.151964 0.30612266 1.0
-290.22609795061146 260.7902364905257 -0.491773 0.368852 0.23163076 1.0
-338.8885439155627 341.1911948183959 -0.346283 -0.136111 0.33323503 1.0
-547.6954694758897 352.7449077262484 0.323236 0.051838 0.35938457 1.0
-533.4275045444522 352.3357321491365 0.01351 -0.296922 0.35986352 1.0
-233.3235829066237 222.87596116912715 0.05165 0.03836 0.18183585 1.0
-304.2210371947934 308.5180638886757 -0.060968 0.304208 0.27654538 1.0
-322.83977633341624 270.9345727545729 -0.655252 -0.017569 0.29841506 1.0
-297.53209192254263 280.796204286284 -0.029206 0.493709 0.3085414 1.0
-255.6739283427575 308.64420566989725 -0.150178 -0.112541 0.3457955 1.0
-299.1844609231039 267.2631469041216 0.048195 -0.213203 0.2823184 1.0
-302.01617138569304 270.0172407975122 -0.010062 -0.031031 0.285877 1.0
-237.51265164147847 313.00099534949834 -0.050772 -0.360754 0.34256423 1.0
-381.41065799083765 289.9964680897153 -0.317481 -0.257836 0.31678075 1.0
-391.6595176845957 311.40521656892975 -0.090158 0.105657 0.3518487 1.0
-277.6828837118306 311.7642478698138 -0.039163 0.23302 0.3376708 1.0
-371.6815441457856 285.7394591061983 -0.073479 0.215871 0.30403847 1.0
-337.6143296521747 274.4685161768774 -0.122031 -0.218714 0.28237608 1.0
-431.30082007825456 297.5176116385781 -0.024636 -0.125885 0.3180089 1.0
-345.50482499530517 318.2829558370293 -0.068631 0.210556 0.33813593 1.0
-290.2670584831363 253.97094919835848 0.155633 -0.216372 0.24152295 1.0
-250.8874594311597 308.8436314386579 -0.287005 0.475504 0.30588302 1.0
-200.58505855050421 335.8611366823935 -0.097664 -0.233419 0.34101424 1.0
-439.0602675361395 330.79593692589054 -0.02469 0.134681 0.35253382 1.0
-372.16158915030286 285.45436581489423 0.289542 -0.118484 0.284417 1.0
-304.6989610453307 344.34736486524935 -0.188677 0.058951 0.35383376 1.0
-206.46989451238667 273.5044925991581 0.044955 0.490934 0.253531 1.0
-377.4098997671577 330.0434473958643 -0.191317 -0.009431 0.33430147 1.0
-318.81609334959114 295.5518057772532 0.078166 -0.03379 0.28370604 1.0
-216.23245451263875 306.7937993884186 0.118618 -0.331107 0.29018638 1.0
-417.00716377502033 320.240844425136 0.165841 0.018467 0.31860563 1.0
-305.204737975162 251.54373353267582 -0.291142 0.016881 0.22617152 1.0
-184.35942842488578 360.04791508971357 0.020471 0.194742 0.35485068 1.0
-337.86885278780096 322.5318137204815 0.257667 -0.0081 0.3054814 1.0
-260.9049960074123 285.1284999567881 -0.332293 -0.450354 0.25445214 1.0
-241.0232426974792 290.5610835184079 0.298009 -0.332606 0.25896093 1.0
-427.08222421011425 312.078599167899 -0.212828 -0.041752 0.29582366 1.0
-434.71297794585655 341.19878189795884 0.104517 -0.137332 0.3252428 1.0
-282.8042560859009 336.3649963145791 0.106684 0.013797 0.30556187 1.0
-253.47842871473316 264.0449197949402 0.071044 0.050868 0.30417487 1.0
-209.31957518404923 244.00219976735713 0.18717 0.38067 0.25533563 1.0
-453.836013237934 325.3620116592795 0.024912 0.183978 0.3309585 1.0
-355.86716074648876 252.14839855613693 -0.089355 0.07524 0.22728132 1.0
-542.2491677753827 356.42788956160075 0.320822 0.163126 0.35978702 1.0
-429.532037869467 286.2149963448781 0.065509 0.285761 0.26139855 1.0
-309.23925275645087 290.40993932025765 -0.170914 0.001203 0.3497851 1.0
-299.0401625669051 289.00150014408973 -0.0377 -0.187816 0.34365383 1.0
-261.25623356899393 254.64784339943543 0.377394 0.164567 0.28720117 1.0
-264.0046106583886 278.13586948847984 0.104899 0.03635 0.3132302 1.0
-223.07334034515364 261.4632020967505 -0.093616 0.244026 0.28415704 1.0
-266.05519245570025 286.92782276869406 0.096694 0.015785 0.32234198 1.0
-478.8743397713639 350.6901079059282 0.09734 0.460007 0.3367223 1.0
-371.63293888768834 274.4842704147833 0.152856 0.202722 0.23784313 1.0
-346.0082113756004 372.17777973228516 0.249649 0.036083 0.35191157 1.0
-334.7892819850072 373.7032950115024 -0.08479 -0.084284 0.35226932 1.0
-553.496521805893 363.8012139488668 0.083959 0.127549 0.35693198 1.0
-488.77227248917836 326.2484927591481 -0.121932 -0.143379 0.3033268 1.0
-387.48654858436794 380.8932232823948 0.023068 -0.141885 0.35897687 1.0
-343.69231093050047 339.6354399641331 -0.198785 -0.086813 0.303405 1.0
-517.8961057485261 362.3443407454952 0.107934 -0.130646 0.34373495 1.0
-341.51024025127873 272.74864402595296 0.057494 -0.225366 0.2247784 1.0
-462.9203941098792 373.8759247106438 -0.134216 -0.203349 0.34833646 1.0
-527.7139376052864 370.62050229792624 0.065637 0.015895 0.3466345 1.0
-344.30377156895486 290.1280334982218 0.218109 0.239372 0.23875521 1.0
-459.14213509177745 387.28445809746376 0.011823 0.05229 0.35965863 1.0
-329.0185964283149 374.40070521112347 0.132142 0.048702 0.33103916 1.0
-474.3470813276275 379.9216567970577 0.367251 -0.021126 0.34212282 1.0
-495.6117949696111 391.5640101676793 -0.30058 0.285079 0.35325333 1.0
-405.0787051295081 401.3146980356669 -0.173661 -0.128794 0.3585067 1.0
-390.7092217024537 400.3715386099423 -0.189184 -0.526062 0.3563844 1.0
-350.42909300021745 385.9289604357272 0.442065 -0.0178 0.33268666 1.0
-327.0971863921204 304.1340839935808 -0.174511 -0.075939 0.35345718 1.0
-282.8962350448914 289.207757155276 0.435128 0.089247 0.32376957 1.0
-269.7649674161828 301.7103740527494 -0.188383 0.243665 0.34044176 1.0
-329.82711735494786 308.54621546347477 -0.200406 0.182929 0.35089505 1.0
-280.38955158340156 310.2415395455729 0.24177 -0.211702 0.34823823 1.0
-174.11778994669598 247.16415732023086 0.211843 0.184943 0.24621113 1.0
-415.87428455444245 297.36398739803593 -0.142468 -0.027408 0.3365857 1.0
-383.78356204803623 285.5352014127603 -0.279 0.102593 0.31351602 1.0
-336.71628701917047 306.3547303967724 0.489407 0.02827 0.33968946 1.0
-229.21637664274547 289.44870512859427 0.032298 -0.156874 0.3020137 1.0
-422.0950086870907 289.006857681179 -0.135263 -0.196466 0.31667694 1.0
-342.89449724835066 244.77373708871713 0.214399 0.284782 0.24884382 1.0
-262.419910083561 295.0970330159598 -0.232599 0.172555 0.30608836 1.0
-197.1895193573464 285.1706711853363 -0.13244 0.080342 0.2874774 1.0
-195.8577740948034 286.22437553691503 0.17212 -0.232218 0.2877654 1.0
-442.86608316376515 289.96585867924324 0.096514 0.374217 0.31489807 1.0
-420.39691060860355 288.7461638396782 -0.039665 -0.289734 0.31112325 1.0
-406.51844279508316 288.547321804774 -0.253689 0.198599 0.30902606 1.0
-362.2203039447199 298.2608789312661 0.34912 -0.139694 0.31408897 1.0
-321.6213943291502 265.7839289799353 0.189178 -0.040632 0.26645395 1.0
-300.40597431396657 304.04777255143733 -0.117091 0.328541 0.3171802 1.0
-314.1627063132194 325.61502322877493 -0.186607 -0.105232 0.34858775 1.0
-271.14938458668536 310.6133168067649 -0.021553 -0.055774 0.32029378 1.0
-277.60433272145923 327.140802120977 0.050253 -0.595931 0.3464392 1.0
-217.90327166336493 280.3643461472464 -0.090979 0.050726 0.27618736 1.0
-178.52753632826972 285.8527551931295 -0.174064 0.226057 0.28034058 1.0
-467.98035391163484 302.77400925236884 0.051336 -0.032035 0.32991067 1.0
-440.8760336029464 308.89929798732163 -0.122739 0.182523 0.3342441 1.0
-402.7635020974286 297.6612967266591 -0.187098 -0.166135 0.31261468 1.0
-194.25286880359687 330.7586458395817 0.517025 -0.010539 0.34026432 1.0
-362.4975080594101 265.41459923354495 0.209326 0.124769 0.25947088 1.0
-408.4420008863567 308.32525828363856 -0.116025 -0.315443 0.31944424 1.0
-325.93892225326175 319.65387709445383 0.043805 -0.095356 0.3245729 1.0
-132.72533030020267 207.1615641467858 0.341516 -0.386558 0.17728648 1.0
-181.75132870285992 316.7002416099351 -0.247073 -0.200183 0.30940178 1.0
-224.15943437294055 272.15041065521217 0.316735 0.100142 0.24919385 1.0
-175.41082026976565 266.1217161818739 0.166271 0.3583 0.240827 1.0
-204.4041171741907 310.8564574831755 -0.11447 -0.090477 0.29757932 1.0
-201.91966223457462 325.5317600143534 0.041842 -0.127695 0.3185574 1.0
-180.89220862933163 307.3282152880263 0.21112 0.406234 0.29177225 1.0
-253.4999629139119 353.98249583936104 0.077183 0.326427 0.34584606 1.0
-453.3429812560288 355.5770795702661 -0.127727 -0.003474 0.35993832 1.0
-257.02379932187193 308.75564605610276 -0.023112 0.11242 0.27433747 1.0
-237.06726284680138 335.5147651275814 -0.333313 -0.193073 0.3054098 1.0
-291.3006068958214 334.77797095749685 0.326894 -0.201671 0.3231077 1.0
-362.45497028434215 403.7601858005446 0.077664 0.016865 0.3532815 1.0
-362.0178825123497 227.81054552151605 0.207854 0.046132 0.19481212 1.0
-352.65933880114153 274.67922540609766 0.584231 -0.39699 0.23863527 1.0
-198.986585728179 226.1569263458791 -0.158378 -0.058646 0.17972168 1.0
-283.5591283190775 334.860481213741 0.041591 0.38718 0.30316326 1.0
-180.2970176131367 217.89890208160085 0.14978 0.120026 0.17064834 1.0
-179.07956041876028 216.2732209968186 0.360093 -0.064451 0.17022303 1.0
-228.02731401927196 357.666334339611 -0.331194 0.088795 0.3274362 1.0
-231.15748164988756 363.09974543065334 0.547342 0.010568 0.33438966 1.0
-219.2089301700022 346.1010786336921 0.366634 0.159734 0.31211326 1.0
-229.800828622548 362.3887176834875 -0.115642 -0.42715 0.33308953 1.0
-346.39525136419394 219.37682515564774 0.189502 -0.073966 0.1823709 1.0
-496.8994808392752 323.97485684431587 -0.145205 0.010138 0.3054789 1.0
-505.1925162149857 352.34056128024247 -0.184034 0.044661 0.33988756 1.0
-491.8642329725978 349.25747300375804 0.011186 -0.098394 0.33496016 1.0
-485.0249468555274 351.59937286213346 0.039253 -0.065721 0.33399305 1.0
-360.7351767408739 277.4436587327819 0.465298 -0.34593 0.23920952 1.0
-276.2298310971599 228.28429055084464 -0.078909 0.103046 0.18431069 1.0
-268.3212499597172 229.00342222774748 0.038852 0.059328 0.18372598 1.0
-423.504480182407 372.99658989097185 0.023819 0.51845 0.35506096 1.0
-315.161118365066 313.4529978133505 -0.255356 0.04308 0.2730185 1.0
-264.79351683992564 289.60852677151155 -0.232978 -0.056979 0.24405766 1.0
-239.39587490393507 262.8053667693856 -0.335201 -0.169825 0.21432601 1.0
-268.93095060666946 296.9162624816092 0.158336 -0.045105 0.25221696 1.0
-170.252057229627 221.18718129039974 -0.130347 0.432664 0.17002296 1.0
-244.7750604074373 363.46929617216784 -0.297239 -0.306548 0.3304877 1.0
-512.7562843746935 338.36491442574317 0.217807 -0.172127 0.31741908 1.0
-474.6448985996657 356.12332752574184 0.277752 -0.11148 0.33430642 1.0
-452.51917905778987 371.53632943956967 -0.154014 0.190289 0.35023105 1.0
-379.49980446614944 378.69392950860106 -0.080969 0.280272 0.35314706 1.0
-211.38128473861354 225.03226294436814 -0.096289 0.030508 0.17312564 1.0
-344.09566413484043 377.1592697893434 0.284426 -0.112138 0.34633902 1.0
-230.3734577642504 363.53489853425793 0.054419 0.297754 0.32326993 1.0
-246.64108604895202 389.965079605935 0.192143 0.040309 0.35861605 1.0
-364.9102534029115 249.42100147830132 0.27022 0.072733 0.20293607 1.0
-493.97491161199235 359.2690166244356 0.134746 0.015738 0.333336 1.0
-427.84680351594704 382.8318442136074 0.55293 -0.226564 0.3552563 1.0
-296.48757276490466 247.87941686856124 0.064147 -0.315531 0.19308041 1.0
-193.1905486574371 254.2775589117894 0.007452 0.041498 0.1919959 1.0
-208.9153440911349 294.927780811089 -0.108727 -0.229779 0.23344208 1.0
-169.96898317834265 253.4825293645647 -0.021074 0.084831 0.19179136 1.0
-520.8560730383541 387.5230178366361 0.128072 -0.22375 0.353777 1.0
-484.5786882290711 395.7852421803742 -0.091076 0.416956 0.3594451 1.0
-435.6680285817609 356.986785672893 0.396758 -0.395588 0.30777466 1.0
-436.4514068936006 385.4042787956325 0.04193 0.319421 0.34447423 1.0
-242.60212369894145 235.2293156040263 0.084463 -0.098853 0.17437795 1.0
-405.1574630247439 400.06755133574853 -0.487993 0.123876 0.358249 1.0
-357.19284828359207 377.5688120899888 -0.320331 -0.133433 0.32751563 1.0
-212.1932113217881 228.91222072374129 0.290568 -0.115874 0.16858429 1.0
-212.7700269899821 240.57872309043648 -0.423512 -0.014021 0.17861743 1.0
-261.40084730442493 327.0038282986942 -0.277167 0.045172 0.26283765 1.0
-462.81426554464537 402.88099007373364 -0.52012 -0.014506 0.35909018 1.0
-273.1286817472662 261.4749913884043 -0.113317 0.096904 0.19485047 1.0
-318.77132758969583 283.71835348050286 0.182084 -0.218858 0.2145006 1.0
-312.2885362327112 282.9839840736705 0.207118 -0.380987 0.21355225 1.0
-284.75850710743015 194.96323501745363 0.043361 0.068676 0.17682382 1.0
-451.48553544763047 314.60040575740976 0.091138 -0.008296 0.33378947 1.0
-460.8953988591902 319.0103606096991 0.077873 0.281065 0.33600026 1.0
-436.7371246484707 306.105488114113 -0.572796 -0.246573 0.31578705 1.0
-282.2062275395943 199.4465546823952 0.10959 -0.058058 0.17790824 1.0
-434.1619985904278 322.09003890111535 -0.129104 0.127177 0.33378026 1.0
-424.3126794331058 317.5838452233124 -0.19394 -0.284683 0.32787436 1.0
-420.95173864799693 315.8387854496502 -0.181712 0.115201 0.3248875 1.0
-378.91973141109327 333.30084008717233 0.087817 -0.036283 0.34397012 1.0
-222.67238680237378 202.73293708203687 0.037246 0.338052 0.17443761 1.0
-405.79330165036407 262.4280782719822 -0.222433 -0.084065 0.2516829 1.0
-331.19934596661295 219.25897596653496 0.050476 -0.10493 0.19894533 1.0
-289.826663589435 244.72977070500178 0.038187 0.004307 0.21937343 1.0
-281.6684004177102 271.85103902702025 -0.061693 0.170712 0.24767813 1.0
-349.59336263146685 341.739543650804 0.054678 0.335414 0.34345838 1.0
-210.91402829401625 214.87506807662362 -0.135732 -0.129174 0.18276303 1.0
-301.1642540302871 193.8297326205941 -0.276871 0.348744 0.16690592 1.0
-389.15618199675913 261.75978960626225 -0.150928 0.075178 0.24345133 1.0
-401.6040961996864 309.75484826282 0.173989 0.32272 0.3012189 1.0
-269.76840299443063 247.50624993246595 -0.25824 0.012493 0.21725747 1.0
-362.6774172321197 345.07079327312897 0.028688 -0.359969 0.34233427 1.0
-410.3319016296867 266.26774634437623 -0.139474 -0.038197 0.24513091 1.0
-515.345642565039 349.8053196439971 -0.06299 0.096498 0.35966638 1.0
-309.5875609093015 218.67068089275537 0.084506 -0.07484 0.1873444 1.0
-410.81572961467924 270.30726919119957 0.161936 -0.198481 0.2441189 1.0
-470.4143347909212 339.5660179881804 0.030628 0.275675 0.33225468 1.0
-229.87816795711305 219.6218457956516 0.041965 0.061991 0.17852978 1.0
-366.59641395294136 356.1852697393371 0.068048 -0.288568 0.34106123 1.0
-352.92977711943786 279.7919731775395 0.059543 -0.229234 0.3132814 1.0
-282.81823179264256 265.4882641874091 -0.207284 -0.426427 0.28379247 1.0
-287.8334197708924 295.69244523920503 -0.057968 0.149883 0.32933643 1.0
-233.3002685363168 269.58764449240056 -0.298147 0.280844 0.28449288 1.0
-230.110136115729 269.4025275629401 0.131273 -0.124694 0.28400618 1.0
-226.19906860946713 268.2855468858517 0.241618 0.40172 0.28375703 1.0
-187.8756366064714 229.20325395359734 0.07055 -0.221275 0.22676043 1.0
-235.3970611734818 317.0115019844289 0.33719 0.13121 0.35743907 1.0
-378.30286790849374 280.2468890732232 0.177534 0.052709 0.31044245 1.0
-272.04076448250987 216.70048222893524 0.342095 -0.516135 0.21522163 1.0
-197.43845887767242 217.55393723450135 0.195683 -0.226257 0.21049221 1.0
-240.22826237152654 309.2360395144483 0.243114 -0.17965 0.33902395 1.0
-214.46496436457656 286.2781726741167 -0.688801 -0.267385 0.29981855 1.0
-270.8807428625631 218.93791119542388 0.118735 0.009862 0.21415211 1.0
-254.94634404953987 220.65653312498569 -0.136422 0.087936 0.21495615 1.0
-279.45801395446097 314.2030301541186 0.036741 0.43765 0.33954677 1.0
-263.3983916307429 318.5458640968888 -0.295396 0.036718 0.3473926 1.0
-260.4611399659757 317.7949313844766 0.213804 -0.36927 0.34581605 1.0
-229.3248065289797 301.8967206380807 0.591722 -0.229424 0.31741956 1.0
-198.8528012216243 317.9842253693637 0.126218 0.303224 0.33954918 1.0
-438.6303290825737 289.83280800492366 0.149612 -0.276065 0.3198987 1.0
-418.68703383037536 320.014277006332 -0.03831 0.333445 0.35801473 1.0
-290.53863698283567 225.1295361256311 0.468565 -0.202742 0.21728456 1.0
-333.0374959628008 267.57135114608565 -0.074116 -0.33658 0.27488536 1.0
-231.0381194002299 199.5692473505573 -0.216013 0.171237 0.18522662 1.0
-204.32310504708025 239.71960654461108 0.068033 0.090009 0.22713482 1.0
-260.4077341142539 323.35511599585095 -0.323873 -0.287384 0.34527168 1.0
-148.78705776446424 202.21251114857694 0.293013 -0.293273 0.18138562 1.0
-173.05505730384428 314.4584735212497 -0.219057 0.048728 0.32321677 1.0
-436.4783168320417 307.195298011043 -0.263596 -0.175979 0.33384806 1.0
-428.8860609666405 315.42796226931523 -0.05185 0.194578 0.34486416 1.0
-393.2461885812607 323.6848346251208 -0.007467 0.323276 0.34990358 1.0
-200.15312218105052 183.39483448751324 0.500371 0.030378 0.16182041 1.0
-193.58243163688007 205.59582425121624 -0.329875 -0.284189 0.18329054 1.0
-191.77135041570304 206.09696274449055 -0.192789 0.025892 0.1835693 1.0
-152.152622073328 248.2830134350846 -0.11148 -0.003734 0.22889657 1.0
-150.10350201809536 249.3563352362033 0.112149 0.169471 0.22932218 1.0
-128.8558432205343 249.09425496599948 0.160561 0.084082 0.2302041 1.0
-272.25040953933564 199.3716954456302 -0.213103 0.112388 0.18082829 1.0
-316.0471767615497 232.89380595539197 -0.275327 0.089137 0.22136502 1.0
-352.0576701392078 334.5614780641401 -0.351126 0.058229 0.35158446 1.0
-252.86633373383174 251.97453763089987 -0.041465 0.321108 0.23632045 1.0
-232.8701885087854 246.81580912147294 -0.219138 -0.328858 0.2274182 1.0
-184.66221567737782 209.75157530326203 0.201135 -0.007736 0.1841591 1.0
-177.3093291088536 215.0835232931408 -0.347187 -0.141865 0.18942955 1.0
-170.53657718981987 261.08937512900656 0.330044 -0.367004 0.24038297 1.0
-431.3708207066167 318.08501737911615 -0.104768 -0.051402 0.33492792 1.0
-395.5225842444161 309.6420238734282 -0.284979 0.228611 0.31792712 1.0
-238.48265938095355 216.67862046966985 -0.134397 -0.349957 0.19203977 1.0
-238.66689945141079 218.1269535440726 0.060591 0.543548 0.1927157 1.0
-372.9036928953773 338.4859213365346 -0.17756 0.161013 0.35432905 1.0
-343.4802072014623 311.0144684667421 -0.284548 0.564469 0.3116862 1.0
-226.94502387067558 310.84723240586067 -0.415359 0.306138 0.30325848 1.0
-174.9670955680853 333.43109356197783 -0.226763 -0.19649 0.3309367 1.0
-436.7973059605119 321.3425331006314 -0.358069 -0.057896 0.33231834 1.0
-381.86020360133847 292.3981100859792 0.011438 -0.236089 0.28532484 1.0
-400.12379957688626 307.96746615614046 0.15759 -0.115346 0.30838364 1.0
-366.054444303073 345.9121604333772 -0.143392 0.191919 0.35502985 1.0
-233.68648417781517 253.94665000412905 -0.52454 0.161496 0.22686309 1.0
-244.02458828030598 342.44034817635185 -0.641576 -0.132899 0.33824527 1.0
-196.2907502976965 285.2556621846973 0.26342 -0.296424 0.2621934 1.0
-211.79746056010785 313.53233763657175 -0.216556 -0.309896 0.29671234 1.0
-174.91823234285812 263.18037191886134 -0.006443 -0.050303 0.23278894 1.0
-145.48483386328232 263.04004129798716 0.270941 -0.055372 0.23250823 1.0
-339.8001272976139 248.69811142211722 -0.155415 0.145953 0.2276731 1.0
-263.9801121321035 247.69657264134648 0.088543 -0.263732 0.21882674 1.0
-241.8722445051744 278.4877447274445 0.100648 -0.059014 0.2514377 1.0
-240.8289743147832 278.8992055863503 0.00396 -0.103419 0.25232178 1.0
-266.9995351850834 330.89415214105054 -0.339643 -0.372565 0.31726846 1.0
-247.74303317833878 329.7055281640667 0.114404 -0.161366 0.3156503 1.0
-246.32444356702572 347.26893476576794 0.096316 -0.282189 0.3411073 1.0
-216.9201890825242 312.94001927365133 0.053716 0.2086 0.29234636 1.0
-159.74638267030858 265.1047062603797 0.178447 -0.074124 0.23189828 1.0
-134.5901095592008 226.5258453155589 -0.375021 0.317304 0.18920888 1.0
-121.49511929609127 226.50310232582342 0.071075 0.181878 0.1872412 1.0
-343.7594767284978 348.6462783442184 0.158508 0.059326 0.34225988 1.0
-193.45951710781827 259.71865275575186 -0.128441 -0.005847 0.22300434 1.0
-252.51219557710405 338.5923748894807 0.206401 0.119886 0.3197658 1.0
-226.10576034814017 317.1586515944287 0.166307 -0.132135 0.2908116 1.0
-245.78188021698907 358.2454196178982 0.121438 0.283923 0.34704688 1.0
-206.13071332418352 338.6053431672444 0.378153 -0.000956 0.3177229 1.0
-207.58414394696163 353.08536829184925 -0.044252 0.256239 0.33605742 1.0
-301.78767587097633 348.39730298614785 0.504589 -0.052797 0.33093566 1.0
-340.38198714156823 281.63604932428683 -0.082918 0.07266 0.2466931 1.0
-383.94418981910104 327.9770407548178 -0.13384 -0.067383 0.30566078 1.0
-329.2117116381271 333.59764031044773 0.042719 -0.110728 0.30748004 1.0
-165.45979571743862 237.00075853763016 -0.030501 0.118517 0.18930258 1.0
-184.30789135502235 339.0891593130793 -0.159282 0.467738 0.30375466 1.0
-297.0696117129824 273.8895925973161 -0.324375 -0.312334 0.3227071 1.0
-297.54807067270633 274.96788155241205 0.171715 -0.291878 0.3252067 1.0
-256.81017834247814 245.93158830564974 -0.451334 -0.183028 0.27845347 1.0
-258.7412801519566 261.8309864833382 -0.123515 0.105301 0.30245543 1.0
-186.4133155681601 192.6268675736947 0.428211 0.562789 0.19899869 1.0
-322.4025091649145 291.8215973802872 -0.106507 0.173374 0.35050082 1.0
-323.92020235170634 293.9829085497452 -0.133167 -0.060329 0.3529124 1.0
-303.9579030571406 279.57690023473344 -0.003044 -0.15522 0.32440507 1.0
-274.61836616539426 253.23166277578284 0.040233 0.160216 0.28253606 1.0
-267.1347440433791 255.9525942085183 0.00749 -0.359506 0.28585392 1.0
-293.14764273431166 262.5776869519036 -0.05721 0.181409 0.29207197 1.0
-287.36231962062726 264.0176857894741 -0.012973 -0.026976 0.2915736 1.0
-297.3390581904222 302.4002584576085 0.021114 -0.004123 0.35249546 1.0
-273.93471299583655 296.72619061436137 -0.463288 0.071859 0.339203 1.0
-394.51808052113284 254.1749104221882 0.254933 0.180601 0.24914029 1.0
-400.91767972624984 258.09832551997073 -0.158376 -0.123103 0.24889769 1.0
-371.89466032106634 264.3841134463175 -0.024916 0.185094 0.25301194 1.0
-473.67087007952597 303.07586303592245 -0.021164 0.027995 0.3063511 1.0
-467.924434328614 317.7003140584104 -0.115301 0.311823 0.32332388 1.0
-366.5591498977481 242.46398091869173 0.454997 0.078413 0.21970876 1.0
-487.5116055748777 326.7966225452913 0.075275 -0.142653 0.33150274 1.0
-367.05124128459425 251.78727708326318 -0.165922 -0.09331 0.22730996 1.0
-457.29108905297613 322.0205552217586 0.087938 0.372056 0.31922156 1.0
-372.33896628306707 236.01829622462472 0.04708 0.078134 0.2053774 1.0
-525.6105572791806 340.60874238812545 -0.142883 -0.214096 0.3390628 1.0
-261.6163649528611 261.5320327649634 -0.011842 0.258516 0.30458426 1.0
-286.7173231128603 262.2453396983599 -0.086559 0.242966 0.30182794 1.0
-298.38965104140726 275.9206044430237 -0.091034 0.011831 0.32564875 1.0
-258.50569029955085 239.49000044256022 0.093663 -0.112234 0.2658959 1.0
-316.0434639167619 291.30667699151013 0.10104 -0.068502 0.3506625 1.0
-293.705745789705 277.6807616520239 -0.475119 0.079028 0.3255073 1.0
-292.1949366295738 278.6285749125871 0.272092 0.186017 0.32531732 1.0
-254.2608646290729 257.71964434213 -0.092189 -0.070736 0.28897768 1.0
-265.8445479761336 276.5212395492097 -0.000531 -0.142 0.32118937 1.0
-267.3348344572559 278.2923042914281 0.332733 0.157648 0.3238237 1.0
-261.9188256749644 228.16845611843894 0.09115 -0.204747 0.24265854 1.0
-280.4291500903681 262.31229685876866 -0.137313 0.053245 0.29399502 1.0
-314.4283518589172 295.0197316180084 0.078289 0.135072 0.34993145 1.0
-314.745528651053 298.0685363873438 0.195732 0.024488 0.3553306 1.0
-282.04977608187767 268.3759931503854 -0.243841 0.203948 0.3005463 1.0
-224.9957180673298 180.32764486189276 -0.143947 -0.189493 0.1783739 1.0
-300.3551664462625 268.24166569159416 -0.276647 -0.297985 0.2973857 1.0
-326.8689128213774 303.73881368338516 -0.138358 -0.082963 0.35576496 1.0
-199.73791419206825 209.9226524696122 0.256117 -0.036601 0.20912659 1.0
-204.02954705761337 245.30907486028607 0.160253 -0.00886 0.2542347 1.0
-414.13196438472755 275.69253392398997 -0.514118 -0.076812 0.24481195 1.0
-505.39937063352204 348.1901098414718 0.014868 0.083013 0.3396212 1.0
-346.8064719271242 243.95640538284567 -0.446625 0.733047 0.20637679 1.0
-355.952495169301 276.8820465040974 -0.052476 0.111647 0.23933482 1.0
-254.2234075371041 214.62151191176255 0.058051 0.078961 0.17063633 1.0
-322.4668788723133 270.4952737289862 -0.304141 -0.020364 0.23074655 1.0
-271.93271575087 294.41094198219076 0.569753 0.232345 0.25197127 1.0
-236.29569754996854 261.83282399495965 -0.249085 -0.143573 0.21402484 1.0
-268.3216386536487 294.4421868404382 -0.025088 -0.085821 0.25179002 1.0
-334.7898126267749 373.7296202359933 0.031703 0.124434 0.35231772 1.0
-196.9578513968352 226.2786591653326 0.31351 0.443635 0.17756839 1.0
-501.85331048414844 321.51456634512704 0.147491 -0.17148 0.29975772 1.0
-348.45266542136363 282.02789340819817 0.003854 0.14857 0.24006885 1.0
-460.5865449318837 371.1920941319167 -0.145326 -0.60565 0.3543967 1.0
-419.5676759065157 366.6511621558067 0.217476 0.06978 0.3445786 1.0
-421.4480895736134 367.7333196345841 -0.052231 0.68835 0.34452486 1.0
-413.70084463970795 369.26453511484266 -0.166559 -0.065794 0.34739712 1.0
-275.5753844138194 253.5282945339603 -0.199644 -0.361463 0.2055119 1.0
-277.1358540034428 255.31000611952595 0.183699 -0.231921 0.20745414 1.0
-282.8837005354784 288.89775907014877 -0.013234 -0.042478 0.24138191 1.0
-324.2133933138694 337.6830503693359 -0.129935 0.207231 0.29928395 1.0
-213.39991644112266 239.60321286147772 -0.223417 0.088799 0.18848039 1.0
-376.18031554857134 295.47855986820247 -0.026194 0.202825 0.25027826 1.0
-479.74928403427975 378.0917229316588 0.025988 -0.017538 0.35588324 1.0
-400.00523996404377 319.6228875261848 0.224549 -0.019847 0.2801129 1.0
-315.3342474428554 264.43986234064835 -0.209944 0.019926 0.21460299 1.0
-288.2853661020868 242.68187084685422 -0.05453 0.092729 0.19173208 1.0
-254.03364943009836 229.1276412165297 -0.593087 -0.001701 0.17739192 1.0
-347.8362455260803 378.8157286048689 0.390024 0.164609 0.34719378 1.0
-453.4920196654576 387.4455404193504 -0.154239 0.130373 0.35869983 1.0
-441.68322812733885 387.60985524947057 0.070401 -0.136349 0.35608882 1.0
-431.0959108947306 387.84282736582077 0.140745 0.209925 0.35614184 1.0
-347.6104943529254 389.1272282216201 -0.380858 -0.053536 0.35344714 1.0
-344.2704243340306 252.36035690317078 -0.099807 0.025369 0.19901639 1.0
-359.5230644759322 279.12891188388454 -0.160382 0.181516 0.22431518 1.0
-427.85065539241185 393.22487834065515 -0.150806 -0.276014 0.35693073 1.0
-247.401367402392 270.7584208588886 0.427983 0.069647 0.20909756 1.0
-209.45132644051606 229.5584099493519 -0.340567 0.190447 0.16950032 1.0
-322.2599420992895 250.79773452089293 -0.10311 0.120717 0.19270375 1.0
-284.1370511752307 276.63825719569707 0.110349 0.011768 0.21285166 1.0
-211.2274705318402 359.235324338626 0.138605 -0.157822 0.32499856 1.0
-134.71309728654765 220.77289504975215 -0.212927 -0.097525 0.16731277 1.0
-192.31892317651557 331.1968638660342 0.009271 0.514499 0.28451905 1.0
-280.47011197849736 293.91119203524545 0.506023 0.159449 0.33013946 1.0
-282.1919757899852 296.10747823696084 0.252802 -0.064132 0.33307323 1.0
-272.15900346280256 289.6583464253299 -0.375279 -0.270902 0.32365897 1.0
-270.85356043862276 289.77519907610025 0.23147 -0.298023 0.323491 1.0
-267.2525142526532 293.62761088577673 -0.135131 0.229829 0.32826862 1.0
-265.0728624656271 294.9217872318187 -0.221358 -0.211321 0.32877976 1.0
-288.8840693171952 220.62208000944688 0.278625 0.100763 0.2240482 1.0
-358.0486816457631 279.39121932373064 0.415685 0.160757 0.30921215 1.0
-330.4713070851942 310.40215549937943 0.233084 -0.193621 0.35162774 1.0
-272.0856726413765 268.45252768297166 0.511454 -0.372838 0.28411904 1.0
-258.84485646230354 311.0184400501871 -0.005205 -0.307986 0.34658095 1.0
-291.12379540657093 237.04954927324545 -0.085837 -0.388473 0.23857762 1.0
-290.2426561114487 306.55073166159116 -0.101869 -0.069043 0.33520177 1.0
-264.1141012899828 320.76937980556374 -0.230013 0.063221 0.35426942 1.0
-259.03790070644135 322.4981114001575 0.252635 -0.099521 0.3551148 1.0
-349.7274192844895 233.04414619751094 -0.0272 0.249106 0.23672412 1.0
-423.4072446747426 288.026411670957 0.014067 0.008241 0.3152935 1.0
-416.1519139767173 287.8846398587758 -0.057996 -0.035412 0.31583405 1.0
-363.7838499964802 256.7660966547255 -0.160562 0.315902 0.26628694 1.0
-402.3748714051968 291.1362490090446 -0.46623 -0.149688 0.31712374 1.0
-401.6522961626897 305.0231109920009 0.079076 -0.236477 0.33694753 1.0
-395.5755441687685 314.4563908922531 0.01371 0.0404 0.35202163 1.0
-378.8862829847362 315.89244260540806 0.201303 0.18598 0.3503742 1.0
-261.4541488831885 223.56590936736342 0.071171 -0.044585 0.21476251 1.0
-259.5001963842532 222.82079150273057 -0.021562 -0.110434 0.2155756 1.0
-259.4837116067376 222.86181565285332 0.221582 0.096803 0.21531798 1.0
-236.6761775224068 229.59817303640241 0.250319 0.175319 0.21950078 1.0
-213.22860331459503 214.8490195624217 -0.150122 0.084728 0.20138408 1.0
-263.56615279812286 296.6661198691178 0.092707 0.005874 0.3083543 1.0
-210.33636249366313 240.58180967161564 -0.015407 -0.266251 0.23117454 1.0
-219.26592686709336 256.30728534474804 0.230077 -0.317479 0.25077266 1.0
-233.47566130440575 306.95628246002246 -0.362597 -0.049477 0.32193005 1.0
-362.66705338365125 238.7062817386492 0.31245 0.336248 0.23958547 1.0
-355.6515487196723 237.31611757554228 -0.008595 -0.338824 0.23731977 1.0
-422.2739093208717 288.77374328951646 -0.094391 -0.017711 0.31187898 1.0
-426.8678390954534 293.5315753337207 0.162633 0.091198 0.3183049 1.0
-355.6689166576504 249.40146587201912 0.139656 0.349428 0.2501113 1.0
-384.9662449595322 299.8570821862345 -0.159618 -0.019304 0.31808814 1.0
-378.19498404565235 322.1483747818555 -0.145624 0.086349 0.34996212 1.0
-331.1081913984951 326.23252710177115 -0.090291 -0.28628 0.3496083 1.0
-218.1358544991338 243.18349853822468 0.131182 0.280858 0.22885 1.0
-158.61344443853926 212.98988146031905 -0.012548 -0.406875 0.19086199 1.0
-221.10311992598452 327.35921711060075 -0.220535 0.145222 0.34208563 1.0
-193.8047718027891 299.93280658911544 0.020663 -0.204214 0.30033347 1.0
-188.1089255264164 300.338921748022 0.065523 0.520638 0.301147 1.0
-187.82605024744905 300.1878805530923 -0.078828 -0.198305 0.3002431 1.0
-174.34568628835873 307.75753219113966 0.113445 -0.107676 0.31045398 1.0
-410.4536933905301 296.6888898053332 0.068049 -0.239017 0.31308365 1.0
-426.5474626324919 312.51134060895714 0.155039 -0.053937 0.3344834 1.0
-405.8055484807316 302.8229371111067 -0.206925 0.151727 0.31782776 1.0
-373.6444906709511 300.07225648526577 0.474648 -0.139991 0.31160995 1.0
-220.13513082995868 186.83675090043332 -0.107462 0.217904 0.16514795 1.0
-308.0078866105024 298.62592432542215 0.065546 -0.001455 0.3030038 1.0
-309.09805653339447 300.52214407851176 -0.18602 0.138851 0.30462486 1.0
-286.4847932994422 329.5726437680783 0.146567 -0.001767 0.34540522 1.0
-185.50518398037337 249.88035777000422 0.090603 0.065169 0.22994006 1.0
-140.46072855694393 252.25939621385004 0.011183 -0.096322 0.22988853 1.0
-128.376964773183 249.78284269001497 -0.256947 -0.027106 0.228721 1.0
-416.07409915176635 318.1413957273523 -0.048064 -0.073457 0.33524764 1.0
-235.8777168831812 196.80806113797956 -0.158285 -0.054031 0.17310461 1.0
-347.2758498232883 312.10394981883366 0.166644 0.070476 0.31788403 1.0
-239.07031853672353 249.21543172612743 -0.094454 -0.195558 0.22811404 1.0
-183.33548910237 218.76563685103778 0.050014 -0.105402 0.19167165 1.0
-150.83432473376152 256.3542634140375 0.168504 -0.072311 0.23092555 1.0
-220.97198440144902 252.68982982933585 -0.207222 0.143147 0.22652651 1.0
-215.95890980593492 252.7969130242009 -0.004331 -0.298678 0.22767264 1.0
-262.352217590019 318.6252049895865 -0.152118 -0.110916 0.3111501 1.0
-188.96566381525548 266.0936404523151 0.19784 0.126074 0.23976406 1.0
-209.4062824427514 314.14964941792755 -0.515935 0.080286 0.30311126 1.0
-197.92997083852995 299.1576637983162 -0.314208 0.301688 0.2821162 1.0
-157.69498800710625 265.0258741354327 -0.212537 0.009194 0.23831491 1.0
-289.5696192073752 319.1018426121458 -0.294185 0.179285 0.30605382 1.0
-177.08038272363083 323.80653925977344 -0.141364 0.068022 0.30542913 1.0
-180.79067486855146 212.00335100629505 -0.259214 0.2797 0.17523818 1.0
-216.07811003655095 317.1650166093281 -0.092456 -0.146934 0.29371604 1.0
-193.0510365513832 316.337616449178 -0.266175 0.123364 0.29248095 1.0
-214.98050824514303 363.2293428451205 -0.370581 0.106528 0.357487 1.0
-132.61575798066275 233.62687159087002 0.093633 0.215816 0.19332005 1.0
-418.39074234446076 349.18560720195006 -0.216491 -0.086761 0.3475597 1.0
-382.8224456050756 348.2995517874668 -0.204832 -0.094944 0.34113657 1.0
-240.44024913478748 300.938654760071 -0.097626 -0.238786 0.26956177 1.0
-242.86120797049387 360.64733321767494 -0.247025 -0.207884 0.34759873 1.0
-168.24036771215228 273.1854824557423 -0.023615 -0.120588 0.23417981 1.0
-190.03559191758657 314.9122958220765 -0.159636 -0.146851 0.28321078 1.0
-313.8860727150674 351.693690253957 0.558166 0.170573 0.3329377 1.0
-275.60396127411485 353.2539034920169 -0.012051 0.249713 0.33204365 1.0
-202.47904503271968 373.85087053889055 0.086668 0.347044 0.35547304 1.0
-226.12846304790435 336.2213163628084 0.022226 0.341281 0.30420732 1.0
-192.78685818640767 242.51355367857408 0.081581 0.0163 0.19407913 1.0
-178.3900731167232 230.03312342398917 0.116537 0.129607 0.18127775 1.0
-236.71425183247808 317.69441088492084 0.023076 0.332591 0.27438405 1.0
-181.7831803251426 243.3512339594537 -0.135675 -0.162922 0.19098899 1.0
-240.70828501566942 371.07208350482574 0.163627 0.19623 0.3374733 1.0
-232.29168122641005 366.50350215730634 -0.040186 0.253301 0.32160318 1.0
-266.6691081628542 348.5781672586431 -0.076121 0.013049 0.29544488 1.0
-144.0075330944515 225.06683475001762 0.043651 -0.027196 0.16665927 1.0
