X Y e1 e2 Z WEIGHT_SEEING
441.9201018906097 -308.9197427494027 0.612603 -0.075355 0.34812754 1.0
387.0312452932123 -268.9965759603975 -999.0 -999.0 0.29014298 1.0
397.3471083854312 -268.0510695519967 0.076076 -0.109993 0.28806627 1.0
319.06203123254795 -213.79946972959178 -0.074097 0.011145 0.21131279 1.0
464.68298858285993 -310.1439251204793 0.684802 0.210684 0.35795605 1.0
389.5600921748283 -269.30346218138243 -0.061882 0.335413 0.29732394 1.0
376.92483645654914 -253.6661685939974 -0.054574 0.06032 0.27366135 1.0
380.23039845034987 -255.48568972985763 0.010917 0.17001 0.27586654 1.0
377.3532969987847 -253.84655282640972 0.209674 -0.074379 0.2729654 1.0
450.5547179689375 -289.1574186737835 -0.069578 -0.222024 0.32588097 1.0
474.6879514234503 -298.86335233166255 -0.439731 0.05397 0.34564984 1.0
479.61695229641634 -299.7017647314899 -0.366602 -0.176526 0.34630927 1.0
443.3231977227227 -308.06352349405967 -0.134433 -0.242183 0.35778493 1.0
449.91020509240974 -302.68707942914455 0.092565 -0.129699 0.34647432 1.0
392.40031317548954 -271.66518847284505 -0.104152 -0.070786 0.30555487 1.0
391.25912127605625 -261.00276411769596 0.236708 -0.011107 0.2883514 1.0
423.12434675951994 -281.10603610480945 0.106152 0.133095 0.3179405 1.0
475.6945239416774 -300.34010594172605 0.063922 0.169175 0.35031515 1.0
455.3611843557895 -286.5875926989085 0.095242 0.039894 0.32848984 1.0
443.4373421573009 -273.18186402973004 0.22252 0.009481 0.30450666 1.0
482.3272394364648 -291.8698886474455 0.025923 0.156017 0.33571437 1.0
508.29856083277144 -289.8610620156895 -0.113776 -0.092798 0.33644697 1.0
474.78979070154605 -265.2520259250021 0.089817 -0.140924 0.29611075 1.0
473.4162743489138 -264.60979236533456 -0.336319 -0.198115 0.29409498 1.0
496.8073295212466 -279.82454614244716 0.125561 -0.336084 0.32699504 1.0
462.01062873015303 -258.41762423988376 -0.057192 0.134831 0.29342175 1.0
503.0140611818302 -277.213346093257 -0.171117 -0.313136 0.32141 1.0
523.5258131845549 -285.8929399777425 0.23888 -0.004579 0.335871 1.0
446.22622995889316 -295.0648040341177 0.078516 -0.26942 0.3523713 1.0
431.4827920645852 -253.52813816914812 0.004552 -0.345091 0.27638188 1.0
456.01197193125375 -285.3358114191162 -0.113822 0.396679 0.34032515 1.0
428.78979739639624 -264.8189004342166 -999.0 -999.0 0.30551296 1.0
414.91559341376905 -255.35434860715034 -0.29171 0.354629 0.2881859 1.0
472.79395066317863 -289.7969563320598 0.331087 0.004342 0.3456463 1.0
488.67464063965264 -283.0920073488023 0.24128 0.679472 0.33411348 1.0
468.98310004530896 -271.79938025900475 -0.309735 -0.343297 0.31409582 1.0
471.954996375508 -273.3999654374242 0.357825 0.055723 0.31451356 1.0
519.1996481604136 -295.03973656839526 0.109895 -0.29929 0.34855005 1.0
444.42248525060853 -246.3334377151408 -0.169213 -0.07346 0.27631873 1.0
384.85260720069704 -265.0265601683538 -0.021941 -0.321905 0.2834262 1.0
315.3370379555342 -213.7912425046743 -0.023654 -0.077804 0.21249391 1.0
452.4962955955468 -304.06358139109267 0.21832 0.072364 0.34719244 1.0
322.68839172222647 -215.07131893014528 0.120871 0.236298 0.2145527 1.0
336.9579740042294 -221.79987569556656 0.166455 0.332835 0.22187018 1.0
390.8452044563564 -270.2106545092193 -0.168052 -0.358822 0.29889867 1.0
389.2662873844386 -268.96556073806676 0.122097 0.384029 0.29663146 1.0
392.4128795654627 -269.5655023858745 0.111228 0.102814 0.2985616 1.0
312.54661284188643 -208.39461123148448 -999.0 -999.0 0.20901555 1.0
271.4562581176089 -176.79492378701272 -0.057474 -0.149953 0.17019527 1.0
309.70733065225505 -200.35705775838744 -0.295884 -0.159057 0.19872595 1.0
443.007061057691 -271.0015310128113 0.296102 -0.528636 0.29552984 1.0
390.2478753854759 -270.6909362469481 0.263969 -0.112421 0.2980692 1.0
391.39639191772596 -265.0906506406176 0.027278 0.066805 0.28663254 1.0
457.30245775904405 -303.86667400294925 0.17543 0.044209 0.3512763 1.0
354.74841645252366 -235.79214318918562 0.223592 0.119923 0.24250592 1.0
404.13985620734707 -268.08854162775 -0.156212 0.299942 0.28954154 1.0
405.9832043388945 -267.08339941357474 0.016696 -0.303582 0.29040414 1.0
427.80105227139245 -279.6420881661122 -0.100148 0.200018 0.30985016 1.0
344.70816526616574 -222.16412613657118 -0.024027 0.05032 0.22304723 1.0
347.07443911177114 -220.93715514197606 -0.164304 0.155568 0.22201999 1.0
393.0118875913871 -271.01015883228104 -0.00016 0.250636 0.3033907 1.0
371.3702235211901 -249.60962972722993 -0.102375 -0.366298 0.27159497 1.0
388.3283667386339 -262.15824336230276 0.004791 -0.1286 0.28810978 1.0
406.1602541984528 -262.7353352604158 -0.060075 0.313502 0.28857464 1.0
366.1278773652869 -231.58431217775777 -0.306515 -0.089141 0.2413337 1.0
471.1590664677216 -297.3704780014116 0.348843 -0.299851 0.34384546 1.0
476.0255285636958 -300.0760147812813 0.119866 -0.588468 0.34898737 1.0
409.41620193253505 -255.2265446288967 -0.116404 0.011419 0.27686852 1.0
412.12509656401403 -255.4626012831662 -0.010695 0.096694 0.2769789 1.0
464.44723595555126 -295.52818827215197 -0.320433 0.078938 0.35470563 1.0
415.9694590146768 -258.64941599660705 -0.226219 0.220666 0.29097435 1.0
472.67814814707134 -277.41864604296086 -0.481932 -0.063606 0.31853604 1.0
377.9881236707977 -217.91156013033734 -0.108968 -0.382059 0.22532815 1.0
440.4392385750911 -296.9421390800595 -0.048622 0.272428 0.35311043 1.0
438.2757766312964 -295.46335688296347 0.070243 -0.174434 0.3505159 1.0
358.0359612972355 -232.8781883678137 -0.043385 -0.151878 0.24752058 1.0
448.91150723305964 -268.0535213130043 -0.197994 -0.178747 0.29663262 1.0
468.08435306711857 -295.7822082618953 0.059966 0.294293 0.35657308 1.0
259.9982026664873 -162.80129151887135 -0.01655 -0.106155 0.16049111 1.0
420.09683199513825 -262.12615066980976 0.704652 0.135971 0.298804 1.0
459.6365539043315 -287.77988299086 -0.143986 0.080117 0.3411788 1.0
347.04193271932843 -212.14929563590132 -0.017219 0.193707 0.22288811 1.0
426.6913086010402 -260.619370079443 -0.341626 0.205856 0.29445177 1.0
301.4849783448541 -171.24436914273596 -0.525817 -0.164495 0.16725023 1.0
518.3383802629381 -295.7050099497033 -0.287561 -0.073129 0.34718302 1.0
472.43532591742076 -265.59973356338156 0.191936 0.079898 0.29680893 1.0
307.9137977211949 -173.88682348747247 0.148927 0.530493 0.16891262 1.0
474.7406542666717 -266.69433825936903 0.287681 -0.198344 0.2973059 1.0
407.0051772998559 -227.97150855605625 -0.20818 0.233017 0.23971294 1.0
485.88861683294857 -271.04063393376583 0.284623 -0.386474 0.30407393 1.0
403.8325784353871 -249.553404695695 0.003507 -0.288087 0.28296208 1.0
426.7985999911403 -262.59675635373975 0.320193 0.236243 0.3040002 1.0
471.3511413148489 -273.63117189464975 0.316104 -0.00271 0.3194091 1.0
397.95521347391474 -222.3952262928431 0.047123 -0.26374 0.23907459 1.0
387.31388764614417 -212.47706028830797 0.122984 0.020701 0.22272268 1.0
436.6602693452257 -295.37580356093684 -0.118059 -0.262272 0.35245395 1.0
427.0867401445009 -270.4735036665555 0.066712 0.202492 0.30608407 1.0
429.461988674471 -271.346884840018 -0.637796 0.422812 0.3072013 1.0
472.7099147437145 -295.2054462004288 -0.240552 0.044584 0.34620008 1.0
274.568750512867 -170.15537597449944 -0.124952 0.069528 0.16676101 1.0
473.9182789610104 -296.0290008224333 -0.081501 -0.014932 0.3476248 1.0
483.46910508111904 -286.1054554131662 0.099613 0.079582 0.329286 1.0
453.33916912940725 -267.91965996322904 0.040997 -0.123668 0.2979779 1.0
451.5900339368401 -266.88037070379164 -0.057288 0.007464 0.2963174 1.0
469.0191474571935 -274.2050507497855 -0.080814 -0.299997 0.30958706 1.0
373.23662213862497 -218.39695493899436 0.170143 -0.37285 0.22487454 1.0
483.1317758687689 -280.26206406595935 0.32992 0.091245 0.31612414 1.0
471.69311832903605 -270.87795631117626 -0.16036 -0.226813 0.30223727 1.0
408.71067727306337 -254.59327163089378 0.289615 -0.082455 0.28788987 1.0
441.7213881475871 -269.7043149774963 0.249414 0.169138 0.31134892 1.0
445.11453185545383 -263.84833079056756 0.41333 0.495288 0.29878533 1.0
473.29377596209326 -275.68222127165865 -0.041602 0.278929 0.31862053 1.0
450.9265938767379 -262.1245873085814 -999.0 -999.0 0.29538035 1.0
460.56036548768316 -263.3407837241771 0.086313 0.278564 0.29515058 1.0
477.1125484979013 -265.64286609837086 -0.086494 -0.175055 0.29749197 1.0
441.97351301635604 -264.67761852549125 0.088197 0.413242 0.3105046 1.0
307.6794611201154 -168.3622582706736 -0.048298 0.163307 0.17145328 1.0
433.55912222666535 -281.9728715980215 0.846852 0.133026 0.33273956 1.0
458.7812854888335 -281.4337629427745 -0.107474 0.07529 0.34336877 1.0
440.43191120008515 -240.255663412298 -999.0 -999.0 0.2645303 1.0
508.13655027790224 -274.4987083755379 -999.0 -999.0 0.32052675 1.0
319.44476616933656 -171.272829322273 -999.0 -999.0 0.17487158 1.0
387.90414121875307 -249.85336199091378 -0.182149 -0.385997 0.27811033 1.0
456.6901341448908 -281.7815317271534 -0.24335 0.01097 0.3401853 1.0
462.0828683576494 -283.386511007485 -0.09324 -0.046575 0.34420708 1.0
428.2432636691334 -261.78706949144026 0.031184 -0.051263 0.30330154 1.0
467.36382272235807 -284.2618848458129 -0.04158 0.166114 0.34121385 1.0
498.739466822886 -271.87570972059655 -0.04146 0.17364 0.32430735 1.0
411.6582874472641 -268.4174010426594 0.129763 -0.007847 0.31410176 1.0
433.5623155281032 -265.74101863569757 -0.226709 -0.073611 0.30707076 1.0
503.71644754756545 -276.3559439617385 0.105806 0.155455 0.3238232 1.0
331.37188576207933 -219.89193004279107 -0.357079 -0.174732 0.23635155 1.0
406.99490326044923 -266.0579834073943 -0.044487 -0.046254 0.3061005 1.0
393.54400753272864 -249.9474761193087 -0.265373 -0.055179 0.28029945 1.0
271.8792547968333 -178.74663638244616 -0.253719 -0.350533 0.18472846 1.0
401.91339649405404 -258.32150727823165 0.251123 0.123493 0.3004774 1.0
336.37735555367186 -206.977259141258 0.151724 0.067535 0.2212862 1.0
498.67815620849984 -271.9075808171385 0.067837 -0.350041 0.32241565 1.0
477.1490689614061 -258.4960260455199 0.105679 0.14635 0.29804048 1.0
535.3846480345276 -287.2733706678548 0.034011 -0.285542 0.35850257 1.0
435.04908055839775 -285.30000391802463 0.2645 0.155865 0.33609444 1.0
250.06588323061976 -169.1729636091581 0.364901 0.082214 0.17113663 1.0
371.7714434986638 -232.42049108208545 -0.141591 -0.186012 0.2557999 1.0
388.01664263219266 -240.86570467494428 0.201806 -0.027187 0.26898965 1.0
257.33911086710776 -158.67455379998486 -0.228327 -0.06568 0.16004133 1.0
461.2766221698791 -282.0606746664441 0.236123 -0.140788 0.34384528 1.0
376.1219620953369 -212.79475616021708 0.080919 -0.048553 0.2266419 1.0
489.27205285114206 -276.18974050662905 -999.0 -999.0 0.32574448 1.0
507.7368448353376 -284.58907117370893 -0.261428 -0.190214 0.3398332 1.0
391.5084077425517 -213.73755305783408 0.063504 -0.288848 0.22805086 1.0
383.45742312853474 -209.807914625251 0.016744 0.216849 0.22075848 1.0
497.5143358109624 -270.9028444329386 -0.30385 -0.101199 0.3230864 1.0
388.31631160994925 -255.65281097018126 -0.172372 -0.044806 0.30792153 1.0
413.1438730476711 -263.59582717423694 -0.002204 0.082348 0.31775513 1.0
450.9664480780144 -277.58705529141497 0.548483 0.025504 0.34375054 1.0
497.54836127976245 -278.1664357799862 0.224075 -0.258455 0.33640486 1.0
407.9870520023094 -249.45162115798004 -0.13581 -0.462915 0.30389845 1.0
454.61205943142363 -276.70086220856297 0.025691 0.004886 0.34980652 1.0
336.28989577802616 -200.03625586332905 -0.208928 -0.147931 0.222688 1.0
458.8140122160836 -274.97769289453583 -0.097723 -0.153298 0.3447012 1.0
378.3414692173865 -219.00467798675515 0.019044 -0.224031 0.24804237 1.0
490.01262811048446 -262.8267154939033 0.178712 -0.49578 0.31688112 1.0
409.7890805904418 -217.96844153042852 0.02019 -0.060465 0.240908 1.0
471.95886870008695 -278.35053558364757 -0.353733 -0.761053 0.34369326 1.0
392.42642483134597 -223.65425772099994 -0.061039 -0.052271 0.26282772 1.0
454.0146772282632 -252.46637413350075 -0.445376 0.619047 0.31116796 1.0
413.4010018241333 -229.43963129408903 -0.33079 0.030894 0.27098376 1.0
497.3916574295791 -253.14564467448423 0.39811 -0.144331 0.30342662 1.0
440.88225228126174 -243.38214192463377 0.26381 -0.267445 0.30755877 1.0
494.16444618173773 -271.6722990738926 0.288349 0.36485 0.35738698 1.0
486.2926703205498 -261.61378853863323 -0.223324 -0.086077 0.33517727 1.0
471.5381352407318 -247.6970382952746 0.56487 -0.482682 0.3065498 1.0
430.1295862780466 -225.52048924431782 0.071264 -0.101943 0.26850563 1.0
500.5942733083569 -258.3061165383634 0.154062 -0.360725 0.3358548 1.0
462.3816161035117 -236.04682364295263 -0.3506 -0.225715 0.29455552 1.0
381.7563527939512 -237.9420232305881 0.002095 -0.160297 0.2930489 1.0
490.716502609075 -276.91279748030877 0.240026 0.363663 0.35486293 1.0
530.4264980263933 -284.4953280933017 0.032141 -0.103559 0.35785714 1.0
429.9713316938506 -244.1001767107727 -0.199321 -0.187423 0.30672023 1.0
507.8004311043 -258.0807783607835 0.081472 0.569356 0.33810747 1.0
397.0118896186146 -247.72968934800892 -999.0 -999.0 0.28564528 1.0
390.4394003966684 -241.91349201684727 -999.0 -999.0 0.27688736 1.0
427.531813509689 -253.68313742484827 0.402711 0.305423 0.29256114 1.0
408.41446462432185 -252.9263684554543 -999.0 -999.0 0.30401343 1.0
422.33861137669504 -253.80799653387197 -0.204493 -0.088824 0.30231202 1.0
491.73131130869444 -275.3659853982609 0.269156 -0.199446 0.3389107 1.0
519.1813751382639 -286.5567351626728 -999.0 -999.0 0.35525972 1.0
336.1500622482451 -207.98894550261127 0.030399 0.529486 0.2392251 1.0
321.12134226899 -167.58010920201872 0.084907 -0.24329 0.17435443 1.0
485.5855460501946 -272.1465374478602 0.329917 0.236009 0.35238874 1.0
417.351284997154 -230.041550474691 -0.114558 0.000934 0.27398616 1.0
490.2751778319772 -265.6125297181942 0.03145 0.005512 0.34001735 1.0
510.88730449175915 -270.94658105795156 -0.129593 0.260045 0.3449875 1.0
501.6185312750733 -260.32959952270096 0.089988 -0.164921 0.3260038 1.0
366.96788612453065 -188.2546971381086 -0.134708 -0.275008 0.20612426 1.0
307.583839721032 -203.9533341318339 0.250159 -0.235484 0.21862924 1.0
270.75285660969524 -178.89893035502277 0.412964 -0.176212 0.18572463 1.0
308.8757449713124 -204.31129108828287 -0.040253 0.013496 0.21938057 1.0
243.19639059411168 -160.33810495590745 0.012125 -0.094077 0.16561756 1.0
385.9933869521888 -253.5040464948673 0.065357 -0.262374 0.30370918 1.0
358.2380751861198 -234.1093825836792 0.417976 -0.374586 0.27001715 1.0
309.43404534875054 -191.7567790635938 0.120771 -0.142779 0.20629294 1.0
422.2605692166381 -250.57214053653084 0.005765 -0.41259 0.29182392 1.0
434.7781934780214 -257.8411669072932 0.105108 0.324871 0.30360565 1.0
437.03258771995667 -258.6157772569004 0.049883 -0.019205 0.30505276 1.0
430.5665427598105 -251.30664311256336 0.122195 0.090267 0.2937494 1.0
259.64872087756584 -167.72959147968666 -0.195495 -0.12351 0.18039808 1.0
386.823659795386 -250.61606290446437 -0.062545 -0.306269 0.30663258 1.0
329.07519266322817 -208.66267801639742 0.274226 0.192909 0.23637131 1.0
384.4422202920221 -238.95067656191367 0.292349 -0.06854 0.28309408 1.0
293.99136363950845 -182.2028021175234 -0.353482 0.030805 0.19703183 1.0
398.536445727578 -246.01061288322458 -0.178913 0.04954 0.295844 1.0
415.1974062170634 -254.39800432127348 0.066903 -0.111961 0.31265205 1.0
304.1153974966874 -186.0297074019497 -0.14032 0.027343 0.20318732 1.0
269.00237855416685 -162.44549224340454 -0.093999 -0.240636 0.17181611 1.0
262.0074851322533 -154.75375875750566 -0.098819 -0.270586 0.1605041 1.0
480.9218975673501 -277.3267942932858 -0.297019 -0.006893 0.35025138 1.0
431.2376221497591 -250.01319646807153 -0.215674 -0.107721 0.29765445 1.0
483.92989785851495 -273.0880139408985 0.166797 -0.2403 0.3386048 1.0
499.2454254288734 -273.4817219842189 -0.078013 0.149135 0.3379128 1.0
490.4708469128007 -262.9250694747326 -0.082609 0.064753 0.31704596 1.0
327.0588139194114 -171.46869826111686 -0.173553 -0.346024 0.1774037 1.0
459.64980469489655 -240.8030904904409 -0.084819 -0.119993 0.27539307 1.0
361.60990103512046 -207.5335472115167 0.300371 0.05584 0.23868917 1.0
450.16522825633456 -253.00278736272733 -0.197873 -0.008186 0.3114048 1.0
451.3959359142522 -253.04882517656435 -0.265384 -0.000442 0.3123292 1.0
445.5922680338499 -249.4912079190158 -0.290876 0.282924 0.3053371 1.0
462.39411247024054 -254.39881146327315 -0.191901 0.452196 0.31319872 1.0
464.62215671782053 -255.06137981584516 0.135641 -0.344357 0.31402406 1.0
495.7291486049807 -268.928184092253 -0.481332 0.048246 0.34011447 1.0
507.0329575079036 -272.7113552251144 0.282522 -0.18198 0.3440337 1.0
509.22859489200175 -273.39692879233485 -0.178743 0.06582 0.34390745 1.0
317.1336196284422 -166.32954444670452 -0.271806 0.283382 0.1754267 1.0
463.0621329859505 -241.2037888779087 -0.085234 -0.317294 0.28662616 1.0
474.4183188339926 -245.12868273532482 -0.351549 -0.160451 0.28963894 1.0
392.04782195114194 -222.69319235921716 -999.0 -999.0 0.2738969 1.0
470.81211656848967 -261.29245633328276 0.210333 -0.211097 0.3383451 1.0
493.50749501030845 -271.760921046654 -0.286103 0.324065 0.35691327 1.0
489.3520791333231 -262.2081691802266 -0.281367 0.228484 0.33808437 1.0
343.28742797081907 -179.44360745453915 -0.20738 0.103139 0.20013313 1.0
505.0115136272719 -265.61146512724105 -0.185634 0.027306 0.3402398 1.0
518.0535863042027 -268.4675969204899 -0.197634 0.123017 0.34638962 1.0
384.9234761679444 -197.80274394186523 0.154265 0.531516 0.22330329 1.0
504.8707360677456 -259.4066308663738 0.167499 0.221874 0.32485497 1.0
364.2326305892325 -184.32679122375023 -0.215578 0.146168 0.20439042 1.0
453.9185175558756 -228.0561026690234 -0.04478 -0.117007 0.26838872 1.0
469.08723819943555 -251.0802463263487 0.041775 -0.215643 0.32878354 1.0
441.5613524648625 -236.58710765833283 0.351619 -0.662102 0.29913744 1.0
508.1851508618393 -260.0370031702697 -0.011786 0.316762 0.33949465 1.0
460.4481008043031 -232.97742602941227 0.087083 -0.278456 0.2872067 1.0
327.14334845216234 -202.62994768237002 -0.047593 0.251718 0.23473603 1.0
391.1337667359324 -242.4685665938431 0.100432 -0.099383 0.30082983 1.0
393.7718763131298 -229.2695069168516 0.210031 -0.232312 0.27294272 1.0
471.17388149538164 -264.7906161167668 -0.029425 0.329513 0.33128202 1.0
472.7231092290086 -263.53827767576155 0.148237 -0.241585 0.32924628 1.0
530.7776884242313 -284.6281502527255 0.054193 0.120304 0.3582109 1.0
390.9970214870312 -224.33189059462 0.019678 -0.007715 0.2727835 1.0
430.44635895785774 -244.35338214676372 -0.221625 0.273575 0.3071533 1.0
453.0904199258314 -245.67456293038367 -0.292598 0.207622 0.3105913 1.0
483.46052050833714 -259.2303639377658 -0.005349 -0.290769 0.3365402 1.0
498.68666696539714 -256.09983131449985 0.117375 0.08748 0.32505983 1.0
385.5345769783706 -256.8045247062527 0.170408 -0.244126 0.30667368 1.0
388.32730141786334 -256.7985905684616 0.319043 0.230144 0.30542362 1.0
442.92152132048705 -276.2531673069719 -999.0 -999.0 0.3332478 1.0
483.3739528552222 -273.1087378489077 -999.0 -999.0 0.32490566 1.0
420.9498099502716 -275.29100533546585 0.077366 -0.250599 0.3468682 1.0
388.48100362794065 -253.10519695749502 0.002874 -0.006482 0.30629468 1.0
311.7216070411721 -197.16687989062402 -0.087868 0.089271 0.21734229 1.0
287.12459411592573 -179.39267581261126 0.075851 -0.08415 0.19306089 1.0
415.2653550353287 -258.6338005385506 -999.0 -999.0 0.31317267 1.0
453.9174421709001 -276.9454792043098 -999.0 -999.0 0.34595466 1.0
270.3472980566881 -164.36039123975453 -999.0 -999.0 0.17193434 1.0
348.9883292653912 -207.55607787094897 0.177699 0.172076 0.23100735 1.0
373.45516055441834 -220.33107180158993 -0.087729 -0.1407 0.24742827 1.0
491.1569426355618 -275.927934740653 -999.0 -999.0 0.33805692 1.0
515.2947880440477 -284.4003257189813 -0.011152 0.406504 0.3511923 1.0
509.31348451057954 -280.0740489530364 -999.0 -999.0 0.34373757 1.0
511.27254411583107 -281.14272000910375 -999.0 -999.0 0.34407407 1.0
436.92247936018384 -272.6704059878075 0.096493 0.440328 0.35266548 1.0
412.6160387328639 -252.11552791877702 -0.149232 0.111929 0.3121433 1.0
343.87136471886026 -205.69983830256567 -0.013247 0.028149 0.23251806 1.0
378.7152467070432 -216.20731549130036 0.1789 -0.290761 0.24848238 1.0
483.4193902537697 -275.78734820234735 0.057592 0.03218 0.35024783 1.0
463.5731076207928 -262.5547622531217 -0.072721 -0.52694 0.3267747 1.0
488.1525263298033 -275.7729446057896 0.453456 0.405998 0.35252696 1.0
388.74762536245964 -214.64132380481087 -0.011971 0.124023 0.24338418 1.0
462.76709807785727 -244.0290279154329 -0.238422 0.028024 0.28828076 1.0
465.10880062496017 -245.14386499762293 0.218433 -0.282975 0.28671145 1.0
392.90247280760235 -205.68119852370572 0.165057 -0.319613 0.22629274 1.0
415.2705318021673 -217.76049730874254 -0.206457 0.12833 0.24316 1.0
321.65096420566965 -167.6945068213791 -0.076653 -0.679855 0.17398444 1.0
394.4735110970908 -240.8365165375117 -0.032988 0.076461 0.3004795 1.0
379.4321737592063 -213.3736020480173 0.293903 -0.1457 0.24887252 1.0
423.9345214765396 -236.59303313467822 0.029906 -0.036131 0.2857046 1.0
392.8154835555846 -214.00566561266436 -0.063455 -0.072348 0.2505807 1.0
483.12481839914915 -264.5476389835158 0.005829 0.367495 0.33492666 1.0
514.5774473030879 -269.6585741482182 0.04976 0.178362 0.3450502 1.0
497.83809411240946 -259.68995790547046 0.162725 -0.184409 0.32583648 1.0
315.5572101675226 -165.5860897735905 -0.125546 -0.237856 0.17611684 1.0
416.566673586173 -238.86507960260707 0.227435 0.26186 0.30937472 1.0
366.1014984904223 -220.82506476005227 -0.020223 0.070696 0.27596506 1.0
419.51530968490016 -216.45782219820933 -999.0 -999.0 0.26979813 1.0
517.4838789753542 -262.8445273231293 -999.0 -999.0 0.3585665 1.0
456.64889614896947 -238.80722573905726 -0.47805 -0.082285 0.30615422 1.0
495.54570081544705 -253.47036627672543 -999.0 -999.0 0.33333483 1.0
459.75055564169475 -227.12962475075585 -0.416449 0.361031 0.27807704 1.0
399.7542003348734 -238.58885502475698 -0.157048 0.153668 0.30238065 1.0
452.03340206610943 -267.3806017045835 0.052819 0.230559 0.35660565 1.0
464.28635336364925 -229.75497178505486 0.039484 0.418703 0.28179106 1.0
446.4873982804867 -225.89270620648065 0.030598 -0.325511 0.28531155 1.0
456.8290613601581 -228.0133455207636 -0.156423 -0.493009 0.29042125 1.0
466.55841875695904 -225.47841557172532 0.471121 0.250605 0.27984577 1.0
438.98933133031966 -257.00365654224674 -999.0 -999.0 0.33143336 1.0
464.7640691627847 -247.77192776903794 -0.004112 0.246742 0.31350905 1.0
519.2953187002398 -252.68535495831787 0.348937 -0.086095 0.3358597 1.0
504.76195583845816 -238.19545051393143 -0.22513 -0.138529 0.31157094 1.0
263.4627094400776 -162.10824976039547 0.085312 -0.076045 0.18193558 1.0
267.31065591199047 -162.41778061195927 0.135023 -0.243484 0.18332286 1.0
363.5522424002782 -218.38839990804885 -0.121036 0.383169 0.26835904 1.0
446.6111225926137 -255.85061946088612 0.569513 -0.025438 0.33442712 1.0
391.125686362197 -217.70310622014233 0.139526 -0.0132 0.26357713 1.0
394.1761953116056 -219.19912908097842 -0.052615 -0.092793 0.2663399 1.0
407.37905146438555 -230.8328411872662 -0.261658 0.113007 0.2974964 1.0
441.6859022932711 -230.73211507137518 0.01618 0.006782 0.28881368 1.0
426.9035892203775 -220.7659218200132 0.365347 0.056727 0.26979223 1.0
485.99365944126333 -244.35767130563406 -0.371331 -0.090362 0.30870545 1.0
396.729029450117 -212.29489579644118 -0.285609 -0.187225 0.26609644 1.0
372.1329903073587 -198.66384314281984 -0.158425 0.014417 0.24271493 1.0
275.6418965867884 -145.95703087406363 0.028073 -0.221468 0.16473664 1.0
496.1305902615226 -251.96001684180385 -0.133587 -0.171993 0.33407673 1.0
457.1308518271421 -231.35640394543415 -0.134203 0.178268 0.29542816 1.0
446.0354620312152 -223.6198861444802 -0.114407 -0.237629 0.2830837 1.0
391.69325558792565 -189.8444873016542 0.219213 0.358993 0.22108231 1.0
263.2944738786647 -166.28000933288095 0.070623 -0.0162 0.18321262 1.0
262.2570014623101 -161.71813076226184 -0.017737 0.095434 0.18075877 1.0
402.1647922586235 -232.6777442021206 -0.295917 -0.29496 0.29591072 1.0
406.0347140074731 -227.82086640983303 -0.076179 0.216176 0.2865728 1.0
396.31966720820805 -221.65330871753193 0.046812 0.031689 0.2735366 1.0
491.57517896439 -260.67256523190633 0.502669 0.516977 0.33965352 1.0
494.08761611159036 -260.37522339789075 -0.006086 0.268718 0.33812144 1.0
452.1261170820943 -234.75483777211383 -0.160169 0.243697 0.29939842 1.0
492.7825499274443 -255.59344525212146 -0.124744 -0.020359 0.33959457 1.0
449.8483636811018 -231.7563659210594 -0.245954 0.072457 0.29435533 1.0
497.685261108304 -257.49751988867894 0.147931 -0.113498 0.3411604 1.0
445.75726643377175 -227.52805408197216 -999.0 -999.0 0.28596985 1.0
362.53287840121345 -179.93420021193444 0.13332 -0.099794 0.20514002 1.0
420.5131426058107 -261.86164421853107 -0.338795 0.017064 0.3406951 1.0
434.29619842668274 -269.0342848658249 -0.242309 -0.1581 0.3563101 1.0
261.8155058585211 -155.86216491023717 0.305199 0.040758 0.16840401 1.0
401.3991775544686 -218.80753614451615 0.039729 -0.047336 0.31277025 1.0
425.29054402869747 -225.36326925625698 0.080936 -0.300118 0.32452485 1.0
348.57662671698483 -175.23859870591093 0.338702 0.121134 0.22388373 1.0
481.9731550853536 -237.32503800072953 -0.314977 0.121325 0.33846235 1.0
498.1158422354792 -247.34386581431102 0.141635 0.282646 0.35700703 1.0
470.7432966180938 -233.62997792539096 -0.183147 0.554467 0.3278132 1.0
474.0279601573844 -227.85432249278878 -999.0 -999.0 0.31163833 1.0
532.7156925730476 -249.25225587741397 -0.003392 0.05592 0.35080528 1.0
390.38971667278634 -199.3190518787044 -0.295573 0.092177 0.2796516 1.0
460.12939828785704 -223.57017409556283 -0.023776 -0.320864 0.32388082 1.0
466.1625175576962 -226.68543861259963 0.229836 -0.059625 0.32534522 1.0
406.27486638109934 -195.97863695711936 -999.0 -999.0 0.27409008 1.0
384.1223574362305 -182.2591938744242 0.173638 0.081171 0.24826165 1.0
418.1614053314937 -188.40445279385682 0.014445 0.011621 0.2509145 1.0
284.9402379799132 -141.9319584527075 0.06617 0.325357 0.18964617 1.0
410.12722098741347 -194.06787457487 0.221922 0.32189 0.28197804 1.0
468.8402894380446 -219.40585679247778 -0.051255 -0.155283 0.33695287 1.0
453.2479282804754 -205.89943259120403 -0.083324 -0.325313 0.31632492 1.0
446.05552888301105 -244.14381518003555 0.341585 0.039772 0.3458594 1.0
470.5614214107307 -241.13633998022507 0.335087 -0.158653 0.32921505 1.0
462.05981159427034 -234.92184616983 -0.183437 -0.182809 0.31494465 1.0
408.9749037270825 -204.84208204129808 -0.088069 0.194654 0.2598415 1.0
440.32002515926115 -221.21872911570316 -0.397096 -0.117418 0.28562334 1.0
498.67523761479777 -247.4760357848395 -0.168941 0.126777 0.33749557 1.0
295.7311237443319 -144.09769208043878 -0.121016 -0.335331 0.16357592 1.0
407.94805958425013 -222.72070376978317 0.056181 -0.079394 0.31396186 1.0
301.5632589468413 -158.86080704485997 -0.215955 0.006777 0.19700506 1.0
471.0107363725902 -234.85099620531568 -0.348115 -0.112802 0.328775 1.0
399.6124681515982 -214.98952904554545 -0.235 0.074943 0.30886862 1.0
402.9466114340326 -215.0945880370965 0.44511 0.060449 0.30886692 1.0
383.46772505610363 -199.0347084955025 0.745502 0.183658 0.27636603 1.0
330.9840597645041 -172.1562650271046 -0.038138 -0.668228 0.2362897 1.0
394.7636901355552 -197.98087938442555 0.40333 -0.211332 0.2808655 1.0
455.0130620898647 -217.3489645683432 -0.132938 0.101442 0.32362324 1.0
418.7615838204262 -194.49477672113363 0.019216 0.170481 0.27615404 1.0
458.0755344690126 -214.35254025482473 -0.327133 -0.408073 0.31373346 1.0
477.9426891925917 -222.5605656860487 -0.284147 0.228406 0.33223957 1.0
406.69751680568845 -242.49163123861734 -0.030356 -0.378075 0.3141588 1.0
400.5521911690688 -238.22481994070083 0.131246 -0.848736 0.3122909 1.0
399.5197386721773 -237.41415540796285 -0.044804 -0.105425 0.31073555 1.0
394.8448102020316 -231.90075975314295 0.173118 0.032646 0.30240816 1.0
375.19588791580514 -214.27655231132886 -0.150814 -0.165045 0.27727994 1.0
375.1209779158966 -214.02318306662693 0.425468 0.342962 0.27690434 1.0
376.13598825930404 -215.54891017704577 0.170473 -0.349408 0.27809876 1.0
417.15556514501645 -229.6441211655117 -0.058828 -0.135845 0.3040719 1.0
450.4683738063475 -248.60232042815232 -0.314057 -0.228626 0.35000873 1.0
442.02931786460624 -236.0728111827798 -0.043405 -0.131777 0.32218498 1.0
535.9935771659113 -258.1794841152185 -0.017372 -0.059108 0.35723683 1.0
384.5966380824553 -202.9743827490601 -0.219435 -0.197854 0.26844582 1.0
406.2645557419764 -238.11395311926623 -0.116829 0.061389 0.309378 1.0
314.7391017472471 -186.01886410969115 -0.093142 0.289632 0.22525409 1.0
442.584158848634 -250.92196704944578 -0.493944 0.456515 0.3426688 1.0
376.4092643971093 -211.7356285802144 -0.001004 0.077315 0.2675958 1.0
393.55091013226786 -227.59428148646055 -0.002733 -0.036933 0.3093914 1.0
436.75297704071215 -249.9797509535715 -0.018188 -0.420736 0.35220316 1.0
449.7485059289581 -234.2930886988147 -0.263389 0.506283 0.31009963 1.0
414.62266914580556 -211.35794576186353 0.200548 -0.077578 0.26449028 1.0
437.94903323434085 -222.7079169412512 -0.108068 0.407252 0.28513327 1.0
417.27907702565665 -202.89003612739683 0.495985 -0.072128 0.24868324 1.0
516.0246817463757 -252.34336751933688 0.048357 -0.379828 0.33606625 1.0
410.1788319947105 -227.88399286714227 0.213889 -0.305993 0.3178189 1.0
432.84520330553516 -216.84140865786225 0.151024 -0.113638 0.28707796 1.0
389.4098833917401 -194.86748237225217 -0.154361 -0.195962 0.24744716 1.0
464.09040914317944 -232.97439535898437 0.541625 -0.03848 0.313939 1.0
409.53580312176115 -204.7747851964205 0.17024 0.051329 0.26213884 1.0
439.38552550972713 -215.11219750139696 -0.007165 0.25034 0.2805487 1.0
479.61277316775613 -232.4555591886555 0.03156 0.476806 0.30770054 1.0
438.87878810600097 -209.08429255746535 -0.12852 0.217488 0.2667458 1.0
519.8318518089682 -247.67114152173565 -0.530496 -0.271365 0.33775008 1.0
305.33157427972606 -140.8162386698806 0.093551 0.148105 0.19361338 1.0
518.4010639118612 -224.7411027395428 0.053614 -0.169715 0.35399804 1.0
507.01598450363656 -216.28202674980483 -0.209536 0.432123 0.34511104 1.0
470.7220533558655 -198.99168222941108 0.109789 -0.128775 0.2980665 1.0
469.84944073571467 -193.71098648071808 0.561152 0.052169 0.29979414 1.0
464.85774146237884 -188.4974355729726 -0.119599 -0.153767 0.30128944 1.0
470.786255147767 -214.02824499672835 0.102981 -0.17232 0.330907 1.0
473.7513178558147 -206.16435906799217 -0.278105 -0.64618 0.3215405 1.0
517.1902274717951 -222.82504763674885 0.279341 0.294616 0.35301223 1.0
294.76861812540574 -126.73556125110564 0.054094 0.305998 0.16375124 1.0
504.9671938106523 -215.1779635314246 -999.0 -999.0 0.32718587 1.0
510.8591910550155 -218.45361433846847 0.061244 0.69141 0.35921913 1.0
519.5881911740123 -216.9701014014817 0.277747 0.589269 0.34822172 1.0
495.30809098142583 -203.92532741824596 0.024681 -0.057509 0.33293808 1.0
384.5657505132497 -150.66336599013277 -0.166258 0.15905 0.2259243 1.0
395.1747507317049 -215.60129472029652 0.155244 0.167499 0.30585158 1.0
384.5272642610772 -202.35436017023207 -0.033897 0.009974 0.27423757 1.0
385.8015546415657 -201.03125871802956 -0.156484 -0.01901 0.271235 1.0
384.9983138346961 -190.95794928645998 -999.0 -999.0 0.24656503 1.0
468.75325260641563 -232.49673629204628 -0.063819 0.175282 0.32583985 1.0
289.7455836785812 -142.1535410420165 0.151862 0.070765 0.168238 1.0
419.2543719788004 -197.2510175539738 -0.08713 -0.109154 0.25261435 1.0
282.8210347001419 -148.0772800522256 -0.082001 -0.170335 0.19152056 1.0
364.7953860979184 -187.66065075633455 -0.455289 -0.142674 0.2575034 1.0
435.6677196842049 -221.61236234608177 -0.040884 0.059164 0.3225593 1.0
389.70414602929054 -197.16587306778698 -0.026347 0.067955 0.2727186 1.0
391.56639360271924 -195.20224492987901 0.42091 0.369597 0.26779768 1.0
432.9968099611478 -212.77344840229503 0.107846 -0.255381 0.29753086 1.0
453.69104156160887 -219.1288199067356 0.332391 0.191724 0.31320423 1.0
468.9248334751866 -227.98245984437892 -0.096911 -0.232584 0.3286129 1.0
472.9886357062951 -226.90851004415504 0.161587 -0.330168 0.32769802 1.0
463.65729900834725 -222.73520131157545 0.053703 0.050474 0.31550127 1.0
363.717571535205 -170.4142399974164 0.050314 -0.029919 0.21824776 1.0
324.9405103233395 -149.97251360539485 -0.286404 -0.205953 0.18117003 1.0
485.42663868115517 -222.2043260079122 -0.101924 0.085831 0.30638263 1.0
384.958252836298 -192.79189010085926 0.001173 -0.51419 0.27824694 1.0
423.5282935841181 -202.10416386186168 0.039322 -0.057377 0.2905514 1.0
484.6001507608313 -231.63041531020082 -0.151495 0.01298 0.35298333 1.0
456.8842720695422 -215.26735465003821 0.058153 0.018738 0.31385353 1.0
460.36011424631516 -216.04048165315874 0.114646 -0.308332 0.3152405 1.0
493.70741308056455 -227.8351188684648 0.201994 -0.008783 0.33836174 1.0
362.84854876139104 -166.57736999074947 0.640074 -0.201516 0.21705902 1.0
326.2311311407939 -147.3853559332862 0.132786 0.026699 0.18369247 1.0
418.42167908747183 -187.38365283739475 -0.084871 -0.021481 0.25040385 1.0
417.684087217835 -201.7098494770118 -0.256565 0.42645 0.30414125 1.0
269.0645672919975 -129.57338684774447 -0.103732 -0.180569 0.16824672 1.0
468.9590685122961 -219.70102280639586 0.302133 0.019114 0.3372058 1.0
423.67862597266077 -197.25493801531485 -0.46858 0.015508 0.28876525 1.0
363.6363542640514 -167.9430949993309 0.122717 -0.316293 0.23084795 1.0
471.1150345116197 -217.4082428293741 -0.004229 -0.233903 0.3309447 1.0
482.013624791444 -220.8119896341524 -0.074934 0.17621 0.33217478 1.0
305.0533439035136 -134.8847805260251 -0.072067 -0.104953 0.17065674 1.0
304.82396744844914 -134.7195061365276 -0.123823 -0.065724 0.16984983 1.0
439.927729017073 -203.96505659332615 0.15671 -0.495903 0.31769112 1.0
399.937614528168 -179.3537847823888 -0.143892 -0.006455 0.25983974 1.0
401.32528393048466 -180.4673151905368 0.191194 0.092506 0.2600536 1.0
481.9479197076668 -214.0002556016929 -0.135826 0.028151 0.3317464 1.0
481.2649125552435 -214.09796197026142 0.316251 -0.214908 0.33033362 1.0
295.6993808908604 -130.55466891400619 0.003744 -0.399472 0.17080168 1.0
342.4056659179793 -151.63817236580758 0.008667 0.062352 0.20392446 1.0
373.3621912891438 -160.8838328371223 0.237795 -0.234088 0.21779637 1.0
387.7548016496819 -165.58481059246313 0.017318 -0.044552 0.22707048 1.0
416.9557644764815 -233.04709061029888 -0.039824 -0.394141 0.3241691 1.0
467.53696770096 -239.50733668599125 -0.295275 0.208901 0.3280549 1.0
367.2815420833633 -187.88563073848792 0.402871 -0.03894 0.23063943 1.0
452.8195877320904 -229.80349383940407 0.030338 0.016795 0.3073501 1.0
464.0071075664964 -236.1465097910075 0.195732 0.107189 0.317097 1.0
489.6792089704336 -244.80190692180176 0.081227 -0.271978 0.3296868 1.0
305.1291889282904 -149.42854325018448 -0.135972 0.078294 0.17034748 1.0
413.7451985991923 -226.92480250965238 0.013481 -0.158522 0.3275085 1.0
258.6179820194969 -139.67752895742433 -0.078288 0.280527 0.16874625 1.0
258.3488876133971 -139.83247357303975 0.055037 -0.206942 0.16842923 1.0
376.49148726800485 -202.6126483429502 -0.107201 0.129861 0.2751804 1.0
338.6987646473817 -181.28454618528443 0.539681 -0.071684 0.2349719 1.0
358.6542811596939 -189.43545301762194 0.2046 0.039811 0.24947573 1.0
302.87499175256545 -159.455459925567 -0.109556 -0.054904 0.1979746 1.0
304.9981559404406 -155.6035736097239 -0.010514 0.140035 0.18899041 1.0
462.33157219124 -230.40532823550217 -0.092689 0.222685 0.31865096 1.0
449.0652386945646 -222.2290751401572 0.337998 -0.361258 0.30210668 1.0
452.98494225663904 -225.01414040972998 0.21786 -0.244414 0.3057141 1.0
391.4764424756582 -194.116554590274 -0.157346 -0.134884 0.24756457 1.0
516.7720145287137 -251.03432760505916 -0.003571 -0.081174 0.353496 1.0
531.7741811680346 -255.10729395517598 -0.348874 -0.140376 0.35979447 1.0
392.40828041638184 -185.78726434507524 0.088648 -0.091692 0.23042771 1.0
254.7213245104168 -135.96431399967003 -0.0332 -0.106484 0.16854145 1.0
314.7551705128539 -164.6553047482295 -0.237504 -0.043022 0.2157447 1.0
260.8250574572574 -135.82849255788565 -999.0 -999.0 0.16837266 1.0
362.31998980507694 -188.70728479322327 0.189956 -0.025105 0.2566658 1.0
364.64265344646253 -186.75774638600944 -0.393065 0.079316 0.25091508 1.0
318.6599335079107 -160.2952004531257 -0.037702 0.156023 0.20369168 1.0
452.0331449441087 -226.14855367152197 0.038143 0.032645 0.3244092 1.0
395.65982882792986 -196.88663170626555 -0.254201 0.115571 0.26587498 1.0
317.9547179091588 -157.2275801911334 0.107806 0.095423 0.19469781 1.0
472.21449104693176 -229.8991189956075 -0.04254 0.208734 0.32835078 1.0
402.3509841373996 -192.88292358490347 0.054281 -0.143311 0.25412732 1.0
462.6122364933553 -223.25214253814877 -0.126695 0.159133 0.3082663 1.0
472.1497803380024 -225.89949717316074 0.106347 -0.138948 0.31658617 1.0
295.81193862188167 -141.2246931016302 0.252153 -0.377995 0.16894719 1.0
492.0603974788571 -229.35721642315502 -999.0 -999.0 0.31981477 1.0
393.9532895084159 -197.04599355068208 0.148502 -0.077652 0.28023764 1.0
415.53029079292713 -208.76835999904534 -0.047483 -0.34655 0.30248368 1.0
461.05349543520146 -227.78754669125289 -999.0 -999.0 0.34183705 1.0
434.47890938150766 -210.15066321563867 -999.0 -999.0 0.2975077 1.0
473.6973476570925 -226.3873699278084 -0.158313 0.204505 0.3291252 1.0
302.94857349515127 -139.0471352376076 0.301213 0.118408 0.17015669 1.0
510.07102073528915 -230.55168464284472 -0.071147 0.163704 0.32668027 1.0
536.3109943726333 -239.59895752359907 0.256596 0.220926 0.34882173 1.0
516.4358194201388 -232.23612264375691 -0.01181 0.358075 0.3280215 1.0
421.75753868802326 -211.68558584583826 -0.099523 0.24308 0.32410917 1.0
417.8432431529931 -206.44224834478626 -0.030837 -0.231568 0.30613676 1.0
462.911967423493 -221.51507264153943 0.163578 0.154802 0.336224 1.0
457.40986660163554 -213.20416981618595 0.532006 0.391692 0.31165344 1.0
320.8276844220473 -144.63234603891672 0.322841 0.168125 0.182914 1.0
391.71743553076794 -172.4417134968114 -0.325696 -0.320819 0.227305 1.0
350.1220668073658 -206.68269371635017 0.176435 -0.053405 0.2573112 1.0
370.64944136308554 -216.65552282901666 -999.0 -999.0 0.27478316 1.0
361.7932996066346 -211.10852364042643 0.162043 0.211328 0.26169723 1.0
432.0127363425466 -249.5167450408608 0.033112 -0.019833 0.34803194 1.0
373.4601669150162 -213.12532468467862 -0.288035 0.14172 0.2753976 1.0
258.8072784008488 -146.16387126416328 -999.0 -999.0 0.16666214 1.0
304.95512353137013 -168.9561673595026 -0.284543 0.259751 0.19943196 1.0
394.59780767879823 -213.53299879972704 -0.210835 -0.083529 0.26856568 1.0
395.5910598249651 -213.8345353817523 -0.200933 0.335786 0.26924026 1.0
462.3560119478131 -240.00413786864974 -0.069768 -0.103441 0.3131797 1.0
403.19798936773566 -227.82555053486035 0.192018 -0.049403 0.3139786 1.0
341.08607972646837 -188.31889884804815 -0.047038 0.055578 0.23726113 1.0
436.5248996280107 -224.30818770291674 0.218888 0.218675 0.29334545 1.0
415.3367342432712 -231.30390551253532 -0.036443 0.229217 0.33123884 1.0
397.2716687337995 -220.47556086876398 -0.043415 0.267948 0.3092074 1.0
283.9689903523017 -155.67525862549888 -0.065042 0.542764 0.19311592 1.0
257.8624314713312 -139.57075719260388 -0.110406 -0.283121 0.16782412 1.0
341.7467458397818 -183.31608610360715 0.075203 0.400776 0.23534043 1.0
397.54011332579205 -203.2361947253705 0.395431 -0.287171 0.26580134 1.0
294.05741220897966 -146.002037081014 -0.305669 0.286674 0.17093387 1.0
400.45776798124024 -239.17262099148124 0.021835 -0.029686 0.3103095 1.0
366.9697569989457 -215.0742564250882 -0.005205 -0.003446 0.26548222 1.0
443.52231571972084 -252.16029764454348 -0.045446 -0.178677 0.3441909 1.0
258.74649640158503 -146.3287153706682 0.354941 -0.36919 0.16644935 1.0
259.90014935577045 -147.83238832884996 0.06438 0.021695 0.16730976 1.0
378.08576602322097 -212.54397800041724 0.155945 0.129308 0.26911956 1.0
402.30481782507803 -230.13575511165948 0.204833 0.103248 0.313174 1.0
406.625176939821 -232.6539843984791 -0.177686 0.016942 0.31550694 1.0
320.34789569154646 -182.08767787433268 0.265271 0.239347 0.22511978 1.0
399.915485412714 -213.85798875348402 0.357893 0.160483 0.27424276 1.0
447.04435252858786 -232.98399460604773 -0.023145 0.108714 0.30779645 1.0
358.30627631418554 -175.2372076265745 -0.077249 0.345916 0.20436478 1.0
392.8022760224045 -220.5630376854503 -0.129551 -0.380501 0.30486283 1.0
427.1882735388665 -238.02958601317596 0.203126 0.147208 0.34164622 1.0
405.1263080519866 -225.89280689264612 -0.158415 0.024319 0.31499085 1.0
405.3978605239047 -227.192767957427 0.366107 0.150057 0.314152 1.0
413.2156143786861 -229.96178556044242 -0.161373 -0.179486 0.31893647 1.0
376.2732698909428 -205.99939875426165 0.076576 0.00646 0.27575797 1.0
420.94336574628875 -230.56183860545866 -0.342455 -0.010634 0.31922337 1.0
310.34809540003073 -165.15528530497005 0.392276 0.389302 0.20338495 1.0
464.4366315534507 -233.97690797283298 0.258305 -0.11795 0.31886563 1.0
461.6078501186726 -231.3515246753435 -0.376427 0.098507 0.31439543 1.0
478.73614834044037 -240.08639841809725 -0.315283 -0.075667 0.33014956 1.0
400.83003796601605 -198.36546729414556 -0.021839 -0.246517 0.24999711 1.0
498.22598429097116 -246.2585601616534 -0.251584 0.082555 0.3373773 1.0
399.9030529886873 -193.2584672354946 -0.060142 0.574744 0.24063627 1.0
260.72833376215175 -125.17488738044906 0.074879 0.158324 0.16421449 1.0
307.83801671213774 -142.08787944469665 0.359722 -0.270513 0.19590953 1.0
339.49039577800795 -154.9957949925636 -0.046888 -0.386212 0.21934648 1.0
453.72390760578554 -204.53346500309746 -0.076709 0.006306 0.3154448 1.0
475.3403816156395 -209.13925243703 0.602866 0.095274 0.3220904 1.0
446.6507229759496 -198.85192073483492 -0.305933 -0.013286 0.31486046 1.0
509.5324965435824 -215.77463753233658 -0.142124 -0.079046 0.34491962 1.0
354.9298781660775 -149.93568664767858 -0.058214 0.078051 0.20666985 1.0
513.0789188952783 -218.46363364466626 -0.076235 0.037959 0.34452605 1.0
470.10307726461997 -199.19336073583014 -0.072287 0.216424 0.322467 1.0
395.7059569356018 -166.47785893235607 0.240804 -0.122525 0.24845463 1.0
294.089281332912 -122.07771603465022 0.263079 -0.119057 0.167345 1.0
384.71290337249786 -157.33146264737212 -0.091399 0.008793 0.22655751 1.0
482.87172604947784 -196.2572212521984 0.268219 0.216816 0.32441086 1.0
465.4335903225466 -186.6882250207368 -0.079638 0.421651 0.3007814 1.0
352.1708175067882 -142.04646444104858 -0.234581 0.281357 0.2056942 1.0
305.95875788896063 -143.37533512530308 0.005638 0.028134 0.19360456 1.0
486.09462093825385 -216.37610735455715 0.065842 -0.117869 0.3324423 1.0
353.52576345404157 -154.09926590622652 0.304244 0.46297 0.20398466 1.0
448.62325488770426 -201.3796353845247 -0.350746 -0.061679 0.31416214 1.0
469.54289727488606 -209.770825821814 0.121528 -0.029761 0.33173004 1.0
470.28987882343654 -208.36744575323652 -999.0 -999.0 0.33100456 1.0
436.0605077306849 -190.44406467551246 0.062588 -0.180278 0.28666493 1.0
370.85228919763944 -157.21811643694267 0.11415 -0.300189 0.21657562 1.0
503.8918049407887 -213.10890800300035 0.11713 0.035274 0.32570106 1.0
298.4697256804755 -126.64539362019734 0.012081 -0.022219 0.16960461 1.0
380.7276454487645 -159.54266501008308 -999.0 -999.0 0.22941789 1.0
353.6220013149992 -147.22568872921585 0.04429 -0.014078 0.20561607 1.0
469.0305651497183 -196.28687700876023 -0.075353 0.00956 0.30116794 1.0
394.2176548507553 -165.61428476237455 -999.0 -999.0 0.2511414 1.0
469.6540768549666 -195.4383297582401 0.111731 -0.434182 0.31647453 1.0
464.09833634572124 -189.97097123235946 0.299532 0.059908 0.3000625 1.0
303.93222486826716 -121.20047665976307 -0.025306 -0.006816 0.17173395 1.0
350.74870410752936 -139.91414886951176 0.381339 -0.096339 0.20550826 1.0
464.13183181106456 -185.90880050692846 0.178023 0.078226 0.299437 1.0
488.33698275968425 -192.62610081493423 0.213682 0.392852 0.3202573 1.0
308.0403779849894 -122.06781651824735 0.345788 0.079475 0.172479 1.0
383.47980545352755 -150.69983885632928 -0.012175 0.052162 0.22538142 1.0
526.0128168372278 -207.58961245005966 -0.330825 -0.253992 0.35192075 1.0
