X Y e1 e2 Z WEIGHT_SEEING
-198.61071344582055 -306.92032633941574 0.237234 0.198802 0.3049781 1.0
-206.7988047532372 -335.9302526017055 -0.090579 -0.479372 0.34659493 1.0
-134.541709261347 -253.3371793559639 -0.165329 0.356098 0.2350286 1.0
-158.93790458131025 -325.620056431422 -0.002564 0.140435 0.33316782 1.0
-159.72794454913236 -336.05017585906023 -0.194519 0.043678 0.34935287 1.0
-176.10854634926088 -260.987241804857 -999.0 -999.0 0.2488847 1.0
-219.27078751234458 -331.5876855836437 -999.0 -999.0 0.3506009 1.0
-132.52126431900234 -226.83286867332586 0.130143 0.146808 0.20627545 1.0
-138.541301701998 -251.77405605681125 0.075103 0.012831 0.23807366 1.0
-144.58810606275108 -328.95678601616953 -0.020339 0.38739 0.34509692 1.0
-178.27377185559908 -267.7605875404667 0.051586 0.095571 0.26315215 1.0
-200.78054624029554 -315.92278656089195 0.211789 0.063234 0.33173832 1.0
-133.15861487513064 -251.59860340406212 -0.432451 0.070919 0.24254535 1.0
-138.766305347652 -266.1332179268794 -0.310116 0.537921 0.25995928 1.0
-216.71196378672815 -317.5834957812446 0.090962 -0.08223 0.34483844 1.0
-205.66805940643326 -324.47842750507283 0.39252 -0.483134 0.35356814 1.0
-197.01842648430642 -323.1777446396022 0.069529 0.058433 0.3547076 1.0
-144.75158700446406 -295.3532822142126 0.183994 -0.164264 0.31010407 1.0
-112.17779190209608 -243.0853403369886 -0.064699 0.045717 0.23564659 1.0
-227.30050701882146 -311.49909448268835 -0.036536 -0.249181 0.34226674 1.0
-161.6495229944514 -231.07578402879787 -999.0 -999.0 0.22403757 1.0
-178.38451366598778 -272.7148669778376 0.379351 -0.11678 0.2808509 1.0
-147.45806002942754 -237.3521065732053 0.004261 -0.048422 0.2329925 1.0
-197.2660683232528 -319.0925076169323 -0.109468 -0.21432 0.3565477 1.0
-186.8365149203593 -319.4990329409017 -0.286132 -0.028765 0.3558163 1.0
-181.5331680427297 -318.7273862736637 0.078748 0.07583 0.35506585 1.0
-177.94944346279212 -317.7910545993723 0.162526 0.149271 0.35415247 1.0
-156.81926740093618 -320.8041478347572 -0.083088 -0.28395 0.3595877 1.0
-234.40238911098214 -310.32144404499377 0.275346 -0.569548 0.35310712 1.0
-232.35534974022957 -306.64738994772404 -0.153999 -0.089878 0.350363 1.0
-210.2946366730756 -281.5599582727157 0.121857 0.03554 0.3087326 1.0
-205.94203345991255 -279.9707239421142 0.208467 0.193957 0.3133836 1.0
-209.15240298244797 -282.90696156803085 0.314913 -0.43178 0.32747135 1.0
-193.0766853389509 -261.66555114589494 -999.0 -999.0 0.27363652 1.0
-218.30889743946747 -302.41746414372517 0.132502 -0.340507 0.33625302 1.0
-176.2828790645324 -231.9743004899376 -0.07787 0.468398 0.23639433 1.0
-223.36211181514562 -302.1544708576153 -0.086542 -0.850112 0.34335446 1.0
-194.59856659825562 -279.47367127323815 0.00412 0.286266 0.30855915 1.0
-191.42702017229018 -277.01799415260916 -0.090573 0.099328 0.30471468 1.0
-163.36721726160727 -262.5404729755669 -0.028835 0.039879 0.28155977 1.0
-144.97947328194167 -293.72234559753537 0.300613 -0.274035 0.33319563 1.0
-193.94047184704513 -251.5091616000371 0.259178 0.303267 0.27244633 1.0
-150.61079066713847 -237.77118261991814 0.290487 0.169518 0.2535108 1.0
-154.95539977325632 -291.883271811173 0.353072 0.027444 0.34136477 1.0
-209.58241868341668 -281.13527819691194 -999.0 -999.0 0.3290621 1.0
-200.34973292328087 -272.8386445943616 0.243425 -0.540902 0.3121889 1.0
-125.18120184097347 -243.87695824772152 -0.344655 0.109749 0.268956 1.0
-129.89428596445623 -283.30150630237966 -0.25822 0.090626 0.33158493 1.0
-125.47893590485083 -236.63559903137443 0.265113 -0.522048 0.26499978 1.0
-158.1460857126563 -283.0378904624374 -0.085309 0.005823 0.35021895 1.0
-140.98567526174966 -273.269896868711 -999.0 -999.0 0.3325335 1.0
-141.0932353309771 -273.02135205946587 0.114995 0.16769 0.33275378 1.0
-140.24725916829817 -260.3047107540053 -999.0 -999.0 0.26826954 1.0
-124.49253312232403 -289.12001561367197 -999.0 -999.0 0.31518734 1.0
-113.89962063181358 -267.6000440869521 -0.688696 -0.365972 0.28229815 1.0
-172.89189992360318 -309.57899695346447 -999.0 -999.0 0.35673878 1.0
-156.7838556714663 -306.7936791066287 -0.073551 0.24729 0.35157457 1.0
-128.2588656510777 -263.2153827400562 -999.0 -999.0 0.27972046 1.0
-140.7446928411207 -310.2024794041264 -999.0 -999.0 0.35905057 1.0
-188.53443334188833 -274.40208994456157 0.185268 0.323087 0.30412358 1.0
-179.8157028221663 -289.63187607932616 -0.048322 -0.014457 0.32780108 1.0
-121.84711415563014 -284.68024049950236 -0.156736 0.379544 0.33089587 1.0
-132.0140665187932 -280.10810536028487 -0.145827 0.010101 0.3412437 1.0
-163.60139804899723 -341.18831794061674 -0.067964 0.210137 0.34829772 1.0
-129.60188482349733 -318.6700126822726 0.289874 -0.15752 0.31220573 1.0
-140.4612253969342 -346.56589753990977 -0.145388 -0.004407 0.3543842 1.0
-166.46414737377387 -341.64874796042506 0.306223 -0.001001 0.3507347 1.0
-204.38557011529736 -321.5669973489829 -0.237061 0.136719 0.3276606 1.0
-204.5070860603808 -321.4569462376345 0.194551 -0.68344 0.3272118 1.0
-200.646602831919 -320.7964652136458 -0.087144 0.042445 0.32614374 1.0
-211.0200420048977 -340.9022689900888 0.235928 0.100667 0.35514513 1.0
-180.22524194477091 -292.18719516776207 -0.004835 -0.008741 0.2844068 1.0
-181.32718779342133 -302.06741020249143 0.150721 0.049105 0.2965621 1.0
-113.49396618340381 -212.0916884330917 -0.186678 0.009015 0.18614739 1.0
-134.20801367941735 -253.30169599611042 0.141249 -0.328696 0.23467137 1.0
-144.26060443980302 -273.62084433817074 0.027484 0.251893 0.26025164 1.0
-121.24094993219722 -280.2462268800654 -0.291961 -0.030597 0.26715618 1.0
-207.5311177850376 -332.2153128110622 0.152923 -0.064147 0.35240716 1.0
-151.69139744862926 -262.3429715278847 0.013974 0.378168 0.25069615 1.0
-185.59451495295798 -326.21234005169214 0.037098 0.134699 0.34060475 1.0
-188.69306166900734 -331.18054406362415 -0.250681 0.202718 0.35116413 1.0
-153.92508968955212 -273.3932911976683 -0.224785 0.083184 0.26469475 1.0
-154.90835165460794 -275.42687624886963 0.061996 -0.079001 0.26861474 1.0
-144.66656896960302 -269.2800553350617 0.06062 -0.191456 0.26062784 1.0
-133.03103170680944 -250.35585731699877 0.184506 0.084739 0.2351727 1.0
-131.8590022766223 -248.15990958607708 -0.055903 -0.441563 0.23301233 1.0
-124.11129843563208 -263.8098835270519 0.264995 -0.317877 0.2538769 1.0
-119.49806200860145 -258.57582881306615 -0.007277 -0.290105 0.24537179 1.0
-129.50436387832025 -287.2549546171222 -0.028267 0.116596 0.28455934 1.0
-126.93948242815473 -288.94613555211856 -0.130956 0.107791 0.28599992 1.0
-153.160062105643 -224.92702008612153 0.139624 -0.288478 0.20849851 1.0
-155.61204716412846 -234.31536387534825 -0.454686 -0.029298 0.2199726 1.0
-172.25773890264784 -264.55787800698283 0.15408 0.168155 0.25950328 1.0
-154.13623675569642 -242.57832373148258 -0.064431 0.022804 0.23101372 1.0
-151.02833252813016 -259.476073411028 0.048955 0.058995 0.25066924 1.0
-142.31096833649204 -263.822247742463 -0.030503 -0.005419 0.25763622 1.0
-135.09080386653378 -264.8070169976756 -0.094241 -0.094879 0.25910765 1.0
-134.98450421868696 -264.876501078279 -0.168617 0.038931 0.2595001 1.0
-132.39768551755455 -260.4125251026315 -0.601822 0.251749 0.25363335 1.0
-144.01930732386234 -296.9319606907448 0.051494 -0.321068 0.30424625 1.0
-116.50250541321807 -255.28228350748898 0.020144 -0.095175 0.24590756 1.0
-174.7473870645257 -243.0248039666481 -0.352474 0.309431 0.23425205 1.0
-178.21937708385664 -247.0451504876907 0.145744 -0.027617 0.24004857 1.0
-178.82392871020866 -264.3800106240185 -0.341429 0.653835 0.2644567 1.0
-175.87787264983476 -263.48426921211336 0.025389 -0.041568 0.26394385 1.0
-196.3051150167841 -305.39883471308127 -0.076169 0.126483 0.3255806 1.0
-154.0207730173381 -263.32856782121155 -0.361969 -0.558991 0.2617598 1.0
-145.95667324264022 -261.8291261953137 0.231068 -0.042103 0.26144385 1.0
-135.83649689745425 -260.43331050913207 0.027649 0.019477 0.25941297 1.0
-126.41147486109104 -246.05877647276313 0.104776 -0.248017 0.2395986 1.0
-147.0718292586682 -289.1038327251497 -999.0 -999.0 0.29986253 1.0
-121.32688836296416 -242.7872191440616 0.397406 -0.071612 0.2351847 1.0
-143.9867413586074 -294.45403577141457 -0.387661 0.050007 0.30764642 1.0
-112.9777126757349 -262.7960232125607 -0.053444 0.057528 0.26136893 1.0
-225.8021620878023 -310.4897264485997 -0.003553 -0.125693 0.34046188 1.0
-206.29447391115588 -304.5929666917177 -0.494674 -0.168709 0.33169693 1.0
-179.47763238976654 -274.88662001265885 0.149789 0.05879 0.28389835 1.0
-150.97717241095182 -236.53504795096404 -0.284467 -0.219296 0.23138607 1.0
-161.64749440083742 -253.02747179785854 0.40923 -0.039431 0.25371936 1.0
-205.69709860932934 -321.4373170294388 0.020233 0.107829 0.35929343 1.0
-204.19512118723898 -320.4950475415328 -0.015912 -0.091666 0.35869116 1.0
-158.33855173288904 -256.812339126243 -0.024891 0.03178 0.2593539 1.0
-179.69798581188428 -303.83496579187045 0.150754 0.133331 0.33140036 1.0
-103.42561039346137 -204.65836237009415 -0.060296 -0.110639 0.19242708 1.0
-113.54010433656202 -262.06287144501187 0.004393 0.517984 0.2665406 1.0
-215.5501909900914 -292.29054974480994 0.093419 -0.263727 0.3152709 1.0
-205.89642535717272 -282.16904842678736 0.19719 -0.289908 0.29871044 1.0
-234.25925999224427 -308.6043380649201 0.306 -0.005596 0.3498572 1.0
-222.13774104340925 -302.2314715916619 -0.136562 -0.137754 0.33910486 1.0
-220.9799851138077 -301.9131558982808 0.009318 -0.01245 0.33911556 1.0
-222.53941355780177 -302.4600990352666 -0.005746 -0.155494 0.34290385 1.0
-160.1171340169313 -215.13470156435721 -0.518894 0.369704 0.21796273 1.0
-162.43309966979967 -219.43468307605414 0.273333 -0.036221 0.22447783 1.0
-128.55977982569354 -167.44146663016173 0.13506 -0.523136 0.16178 1.0
-216.9773050850171 -285.6886273531573 -0.116224 -0.05314 0.3291977 1.0
-160.8756944795021 -217.13134984198763 -0.032968 0.157818 0.22509077 1.0
-217.70843732308617 -293.45711210869104 -0.012394 -0.358736 0.3239895 1.0
-192.21731302238044 -260.43948241775996 -0.447533 -0.302353 0.27159333 1.0
-223.52385800348475 -304.0498006320612 -0.450762 0.163615 0.34184355 1.0
-215.00623924264767 -294.058719866968 0.126613 -0.456925 0.32331124 1.0
-206.00899286422447 -284.9509430297453 -0.084536 -0.006379 0.30845135 1.0
-208.19094166109764 -293.2995417209163 0.514266 -0.267783 0.32110903 1.0
-171.39099737795792 -244.31431630598757 -999.0 -999.0 0.24909927 1.0
-207.6447265655751 -304.12731932494967 -0.463338 0.124861 0.3400878 1.0
-121.27350142847143 -186.78216807119074 0.283681 0.123216 0.17605343 1.0
-171.11699147629284 -314.5581714531199 0.08121 -0.050353 0.35890198 1.0
-167.73571173712787 -312.1624002543686 -0.176879 0.082997 0.3574077 1.0
-123.62600028212213 -269.68570366374576 -0.235982 -0.088593 0.2877987 1.0
-233.71846663127482 -307.3722467271147 0.279334 0.565617 0.35254622 1.0
-193.69661689794972 -259.15089090632455 -0.018543 -0.385573 0.27585724 1.0
-173.66082125485244 -239.48960027150167 -0.251027 0.012415 0.24757749 1.0
-202.51738467691405 -286.161302857228 0.03035 0.007162 0.31740355 1.0
-158.5663346935744 -224.48427056187978 0.182128 -0.001889 0.22901917 1.0
-157.49285991591796 -223.84996017402705 0.050006 0.066041 0.22798944 1.0
-191.07695195215047 -276.58026323811407 -0.445363 0.639976 0.30411953 1.0
-191.46125606623335 -277.473519029819 -0.144093 -0.147416 0.30564538 1.0
-190.68444282000752 -277.38593515461 0.337172 0.597853 0.30459195 1.0
-160.8234918967976 -242.79830337435234 0.080452 -0.526252 0.25257617 1.0
-162.1862606735842 -267.2215135352709 -0.379761 0.277514 0.28867587 1.0
-153.7704411695032 -297.6193578570517 0.010461 0.411822 0.34021187 1.0
-137.3680954892887 -272.4212975786462 0.116327 0.106244 0.29855666 1.0
-139.5178236701014 -281.68209959899156 0.011387 -0.003363 0.3121974 1.0
-147.09308272030208 -296.832622285439 -0.321106 0.114324 0.33819184 1.0
-148.95148130024242 -302.69334687894053 -0.24196 0.178912 0.35043487 1.0
-129.68764075887887 -279.35038859044 -999.0 -999.0 0.31033635 1.0
-137.19897897883325 -305.3171190017377 -0.027071 -0.006134 0.35567704 1.0
-173.0688316566063 -233.61554455413332 -0.273074 0.204881 0.24640176 1.0
-177.0051817884938 -246.07137043090103 0.16971 -0.070418 0.2631035 1.0
-195.8118310408146 -276.7982198788299 -0.07212 0.04758 0.31068045 1.0
-154.78874952603508 -226.18999348578959 -0.037421 -0.411387 0.23550893 1.0
-179.3191715895772 -269.2005941166076 -0.296518 0.200623 0.29804215 1.0
-175.83098229537262 -270.54973012293374 -999.0 -999.0 0.3031797 1.0
-181.57603437377307 -285.4384421754511 0.067793 0.014509 0.32670924 1.0
-189.21402637472636 -303.28210631075274 0.418889 -0.179331 0.3577741 1.0
-108.18635477011624 -190.72816351861067 0.128123 -0.368866 0.18906464 1.0
-166.6759642031267 -296.0791172546433 0.301946 -0.332136 0.34644523 1.0
-155.99722361757904 -283.8217311268452 0.298839 -0.726782 0.32426757 1.0
-109.81263098913513 -202.72238351041855 0.115545 -0.167758 0.20559059 1.0
-158.01734074007666 -295.20091919180334 -0.107272 0.004107 0.3434639 1.0
-144.08654409296113 -277.4155759644881 -0.155283 -0.226315 0.31496638 1.0
-126.91479057961324 -246.44850686696532 0.021092 0.188166 0.26740468 1.0
-116.52612623254586 -231.45154447364925 0.382658 -0.314148 0.24364631 1.0
-135.4520416783852 -271.02753802783155 -0.186715 0.038449 0.30580664 1.0
-130.5976923656334 -271.8983654118686 0.073484 0.002175 0.30601758 1.0
-110.69829289221876 -240.6147469512937 0.218458 -0.180506 0.25831243 1.0
-116.11762244829315 -275.15332004279327 -0.112151 -0.130261 0.31196895 1.0
-158.45733911912512 -288.3954943412908 -0.0484 -0.160946 0.34059528 1.0
-148.05896952393942 -287.02837499716406 -0.296331 -0.025086 0.33994362 1.0
-142.0429248317064 -290.54624036323946 -0.130519 -0.0125 0.3449937 1.0
-125.62237519983444 -235.73757341895984 0.250535 0.186645 0.2641793 1.0
-145.13872958830297 -276.8423075930828 -0.112008 0.21471 0.33224595 1.0
-129.51812924691194 -281.5978077901094 0.388672 0.365428 0.34070957 1.0
-128.09754417187523 -283.81018475525644 -0.001805 -0.382973 0.34186357 1.0
-131.67433996122452 -291.4057770883509 0.087902 0.036189 0.35697377 1.0
-146.24419002210215 -231.90019280762482 -0.11653 0.048294 0.23147133 1.0
-155.70450425564957 -306.0835789887953 -999.0 -999.0 0.34134024 1.0
-140.7400519985575 -281.5377012617616 0.073598 -0.120557 0.30042163 1.0
-154.14616208223921 -310.15963025693713 -0.361871 -0.121195 0.34704643 1.0
-121.478798941653 -186.43619405537436 0.097912 -0.017601 0.17834294 1.0
-118.86906767182683 -199.46448291059602 -999.0 -999.0 0.1947226 1.0
-154.38840413894232 -261.014237616938 -999.0 -999.0 0.27660832 1.0
-127.5909684229501 -230.32078798196252 -0.037047 0.037849 0.2326659 1.0
-136.45167984937123 -250.44340898464114 -999.0 -999.0 0.26233998 1.0
-155.41850750356537 -299.1985548497041 0.175687 -0.231028 0.33903366 1.0
-155.2145649820327 -302.6059105555911 -999.0 -999.0 0.34421632 1.0
-126.72871843991078 -177.83234307730245 -0.325722 -0.318034 0.17061439 1.0
-188.11797566539485 -272.74813002434377 -0.190711 0.479391 0.30157167 1.0
-187.62174353002817 -273.1589893062942 0.103767 0.279555 0.3008334 1.0
-114.18435675183366 -204.92987813479235 -999.0 -999.0 0.20530483 1.0
-137.7953520974103 -261.4423801434536 0.120717 0.210726 0.28545743 1.0
-147.06586816348405 -285.8616307512519 -999.0 -999.0 0.3229168 1.0
-138.505869388642 -302.11971926226477 -999.0 -999.0 0.3548676 1.0
-137.12295328245258 -302.8645804069489 -999.0 -999.0 0.35266992 1.0
-206.03583679744764 -284.76558086709736 0.217003 0.127612 0.33060122 1.0
-160.170271321448 -237.35089781659272 0.092027 -0.124383 0.25322032 1.0
-186.39004839391723 -280.76159064566434 -0.23075 0.064648 0.3223614 1.0
-119.29532527096592 -183.0743207516004 -999.0 -999.0 0.18272516 1.0
-92.09303505190475 -168.56934415524117 -0.064106 -0.024042 0.16491194 1.0
-155.09426492335746 -291.73587706588967 -0.132088 0.324657 0.34163842 1.0
-137.91849644600688 -289.121123770662 -999.0 -999.0 0.33813748 1.0
-106.13354948403953 -234.94985330978585 -0.420188 -0.057711 0.2537537 1.0
-124.56061328957858 -285.1683615165143 0.023477 0.096246 0.333776 1.0
-120.50537179447483 -178.1489382183902 -0.449245 0.126045 0.17871803 1.0
-121.05168127177679 -238.45007550643882 -999.0 -999.0 0.26494345 1.0
-134.5456173830792 -280.4319981927633 -999.0 -999.0 0.33116567 1.0
-87.54451172702711 -160.8765440734706 -0.279312 0.228534 0.16233805 1.0
-118.5518629646302 -220.7675687734781 0.029635 -0.412344 0.24346954 1.0
-111.22607538824352 -207.9355157324279 -0.06066 0.10342 0.22450958 1.0
-144.87384730166505 -259.6514610751204 -0.326957 0.076936 0.31093735 1.0
-192.2057819021324 -271.5091357030629 0.675157 -0.332588 0.32265127 1.0
-163.81338779038506 -285.6824466122467 -999.0 -999.0 0.33228534 1.0
-226.1855748400127 -291.2447712638648 0.105344 0.156974 0.35730338 1.0
-222.13750277283216 -281.3622862741383 0.270932 0.067923 0.32644236 1.0
-209.01913940185514 -261.0770816240478 -0.408186 -0.092549 0.30073977 1.0
-161.23399504369658 -286.8079443345888 -0.016835 0.274212 0.34933716 1.0
-184.03305539934397 -295.141761546911 -999.0 -999.0 0.34849852 1.0
-203.45746291701641 -277.8404226447464 -0.041659 0.056071 0.3270646 1.0
-217.29900106619223 -284.34076006516324 0.03487 0.199396 0.3488635 1.0
-160.97921624132573 -283.365977796907 0.27321 0.066213 0.34471077 1.0
-160.5202188326442 -284.03915436121173 0.007296 0.128856 0.34920382 1.0
-147.66281283089705 -183.42154562104244 0.375119 -0.153321 0.18613487 1.0
-166.45490291438895 -213.35927434879576 -0.161946 -0.149153 0.2259274 1.0
-220.19911771334594 -270.03534586783206 0.220293 -0.108602 0.32079026 1.0
-222.32759122199536 -273.50674475636504 -0.04295 -0.196848 0.32696435 1.0
-208.23170028992354 -256.4411734243484 0.594046 -0.046817 0.29842898 1.0
-143.428166563121 -179.43008597467104 -0.115926 -0.020097 0.18449868 1.0
-143.91737726207427 -180.5243364336471 -0.27016 0.348822 0.185953 1.0
-228.11034830967745 -289.9956471620168 0.358064 -0.598156 0.3570839 1.0
-190.56286776558645 -267.32884327409084 0.152822 -0.261625 0.3047786 1.0
-131.71995841507407 -187.0263418077916 -0.11529 0.43618 0.18781157 1.0
-154.05250772030266 -222.94700297689272 0.062948 -0.329125 0.2362167 1.0
-152.17548035679607 -221.6172992202786 -0.184555 0.425488 0.23541358 1.0
-187.80369177253004 -295.12405200141427 0.215732 0.109094 0.35436568 1.0
-103.34666401769594 -171.75916469725368 0.086946 -0.042964 0.1708966 1.0
-151.97534663781775 -253.6714597015298 -0.028747 -0.176259 0.2840654 1.0
-110.35627036199931 -190.5765518823227 -0.089893 0.155701 0.19389105 1.0
-128.42295423884613 -222.207026400595 -0.268483 0.267119 0.23695262 1.0
-114.30184442686354 -201.4665744252062 -0.134571 0.139529 0.20730503 1.0
-221.7777935547375 -276.61826311767385 0.266685 0.117015 0.3280486 1.0
-128.38618137705478 -289.8644458076793 0.253621 0.36614 0.3565823 1.0
-127.0865746075148 -208.08912935296885 -999.0 -999.0 0.21524715 1.0
-162.18180097560037 -285.4488962243422 -999.0 -999.0 0.33212197 1.0
-195.8814382800691 -277.26818865559926 0.162287 0.432657 0.32395718 1.0
-183.90444462582164 -220.9396389946484 0.070856 -0.034136 0.24132377 1.0
-173.56836868825033 -287.64559503611247 0.00636 -0.341547 0.3487579 1.0
-166.39474355748968 -275.9207007327478 -0.020795 0.036969 0.3358659 1.0
-125.10546433331905 -286.1707257919862 0.173574 0.231646 0.3581458 1.0
-166.02511471014358 -229.0365767334571 -999.0 -999.0 0.2548106 1.0
-189.35025331618058 -262.6696879128703 -999.0 -999.0 0.31848863 1.0
-224.72888113610713 -261.58484429518967 -999.0 -999.0 0.32530317 1.0
-181.53014056468865 -228.5678406519305 -0.100914 0.074465 0.26861918 1.0
-212.39626237644796 -277.6460752159433 0.144942 -0.109946 0.35414025 1.0
-216.9456970952605 -273.7278609677601 -0.723259 -0.101795 0.3567282 1.0
-179.46156602398653 -268.4538840586365 -999.0 -999.0 0.34935763 1.0
-194.55721431907634 -257.59932430659734 -999.0 -999.0 0.30658618 1.0
-185.60303764672437 -284.0529965749607 0.002337 -0.440922 0.35753185 1.0
-180.22840884203453 -270.2180661094932 -0.197844 -0.587966 0.35135892 1.0
-160.70261973810264 -194.38974650170618 -0.126499 -0.081379 0.20405601 1.0
-221.234342614508 -269.5736662412548 -0.229145 -0.242201 0.31710482 1.0
-210.79538699241957 -256.4867006766906 0.088087 0.053421 0.29807714 1.0
-178.274690269847 -287.1247642814404 0.059594 -0.100545 0.34910902 1.0
-214.880436011828 -256.6460198256548 0.058264 0.101395 0.2996138 1.0
-160.32999178349678 -193.3619833214244 -0.086214 0.029829 0.20482263 1.0
-165.2552411633075 -275.1460220846691 0.236741 0.360937 0.33420235 1.0
-180.45265603184046 -283.51014198580253 -999.0 -999.0 0.34871307 1.0
-167.42596320415342 -287.8056334045929 0.314968 0.420231 0.3568324 1.0
-220.73792092235135 -268.1432992368523 -999.0 -999.0 0.32765254 1.0
-155.7200652143413 -200.74391703340518 0.092687 0.448633 0.2205995 1.0
-199.39074474765877 -263.8441935497433 0.338095 -0.007495 0.32111642 1.0
-189.48852423181836 -268.3154104270944 -999.0 -999.0 0.33086056 1.0
-162.47625039469406 -234.59461654636664 -0.2042 0.062717 0.27092546 1.0
-113.61229999059184 -164.89320896728128 -999.0 -999.0 0.17267126 1.0
-167.44611743665146 -255.1450791555327 -0.095446 0.081459 0.30777794 1.0
-145.27554027931828 -237.18780896396103 -0.14284 0.050795 0.27839166 1.0
-148.06719865703104 -243.79072329087077 -0.135309 0.002604 0.28795874 1.0
-164.68882584561865 -269.31755140525627 -0.91331 0.082449 0.33364263 1.0
-176.4838837359741 -205.68396304644233 0.295875 -0.035539 0.23084292 1.0
-159.3712503459361 -189.36734910290673 0.188056 0.263078 0.20862582 1.0
-158.33622875729532 -198.26571064159597 0.131655 0.393502 0.2204206 1.0
-208.26602210535393 -270.6737477523725 -0.211196 0.336113 0.34435144 1.0
-120.19812050790279 -160.65046872310288 -999.0 -999.0 0.1694184 1.0
-143.79525234895462 -209.02054922834253 -999.0 -999.0 0.23770048 1.0
-177.84399844242515 -274.09405615000566 -0.023224 -0.121854 0.35159752 1.0
-156.32879952600322 -244.00628838224273 -0.194675 0.324271 0.2951095 1.0
-171.73585382741962 -222.41883193534449 -0.633262 0.14827 0.2664931 1.0
-210.69686637863057 -252.1418593766037 -0.101084 -0.162513 0.29287177 1.0
-184.25133405498642 -220.2323041885662 -0.023314 -0.215764 0.24307023 1.0
-191.73017760731702 -234.0043496631403 0.203747 0.170091 0.26566392 1.0
-174.5246244843275 -236.50750038025217 0.35584 0.166231 0.2697442 1.0
-148.04813509598205 -204.3319139599658 -999.0 -999.0 0.2237527 1.0
-227.0102432665818 -266.236212332303 0.157244 0.006091 0.32631 1.0
-160.72950057891953 -190.12025328801442 0.083701 -0.138882 0.20682031 1.0
-228.82418193947714 -270.1365473434442 0.088144 0.045832 0.33746773 1.0
-207.83726601949772 -251.26694956637408 0.064606 0.030334 0.30015165 1.0
-220.20095902785906 -280.9291519857923 -0.099685 0.073722 0.3591616 1.0
-164.51328027489757 -232.6215990742818 -999.0 -999.0 0.27179578 1.0
-189.16482573126038 -275.55378105009623 -999.0 -999.0 0.35079286 1.0
-164.0865359279755 -250.3430927308164 0.08562 0.029672 0.30255508 1.0
-103.14638981451455 -168.4028165101863 0.056139 0.12968 0.17853321 1.0
-147.39741927815473 -199.72926552583675 -0.033589 0.094957 0.22610717 1.0
-154.11886181190778 -241.14875295742524 -0.094817 0.075449 0.29379976 1.0
-133.46035286437098 -255.98346107074588 0.276515 -0.025746 0.3159307 1.0
-158.42661467836547 -258.7256692498069 0.154572 0.208158 0.33098978 1.0
-234.39012769405073 -274.66157192286954 -0.323493 -0.421733 0.35155776 1.0
-237.35101771477855 -278.1515921054106 -0.077928 0.085957 0.35912785 1.0
-183.90257243009245 -244.78644368730022 -0.247409 -0.158983 0.3050195 1.0
-190.68522272418863 -241.64055752690533 0.336527 0.51537 0.3108095 1.0
-159.7098739687472 -275.8962978204942 -0.282835 0.046267 0.34556025 1.0
-147.54309812488907 -268.9423247726411 0.01708 0.005156 0.3332167 1.0
-129.0900127579301 -261.05361912542 0.196764 -0.179115 0.32629412 1.0
-128.61401571286348 -234.9071823303291 -0.127534 -0.519853 0.28739074 1.0
-124.61885530802166 -234.05464661365366 -0.055744 -0.641917 0.28529346 1.0
-122.61765710815962 -251.42821073428362 -0.258527 0.074271 0.3045875 1.0
-90.22446062511085 -173.55333169835737 0.038028 0.015367 0.18822375 1.0
-130.14982419580758 -251.09443814560214 -0.011963 0.057975 0.3121518 1.0
-87.95263567786768 -172.9403070925601 -0.217101 0.123219 0.1889325 1.0
-84.96199432950415 -181.36193242880876 0.273031 0.146638 0.19256635 1.0
-143.08215820409998 -278.6968791173171 -0.226876 0.080873 0.35655388 1.0
-140.9519280656106 -280.3357194147888 -0.195736 0.253237 0.3597937 1.0
-186.5192763241659 -261.9935627768224 0.061856 -0.193036 0.3290241 1.0
-166.4205515691583 -270.0758378159906 0.226856 0.356521 0.34541798 1.0
-210.95782901732784 -245.76983269719054 0.209422 -0.260188 0.3059038 1.0
-207.50747152444822 -250.90616927136935 -0.628818 0.352202 0.31464607 1.0
-200.4558593916362 -245.56758847412038 -0.195075 -0.083395 0.30473918 1.0
-185.6443194074269 -265.50245576249125 -0.001189 -0.318083 0.35513768 1.0
-193.92737033536673 -242.12377463639348 -0.253512 0.14877 0.29464105 1.0
-197.44408030471206 -271.72798690722334 -0.179155 0.06159 0.34931603 1.0
-144.54760928186533 -206.63508891455223 0.142394 -0.114666 0.23754169 1.0
-182.4113848796309 -242.65573733478908 -0.509084 -0.381884 0.30546188 1.0
-88.29089988009603 -201.18792848262348 -0.173739 0.307643 0.22306605 1.0
-188.02175366249256 -225.51515064218677 -0.04743 0.013066 0.2640921 1.0
-144.18225703407907 -208.4818026093539 -0.204019 0.047214 0.23920882 1.0
-152.23404113165128 -242.50242482678826 0.100419 0.407367 0.29379642 1.0
-152.399134124017 -245.81406516433591 0.03269 0.289021 0.2977198 1.0
-157.31798077734425 -265.5427757173678 -0.381378 0.234387 0.33401474 1.0
-132.90867128460368 -158.76862133791207 0.097823 -0.004318 0.17109624 1.0
-219.04766419473262 -261.63276438441125 0.291264 0.214278 0.33458924 1.0
-168.42553587280335 -221.76914658671728 0.180776 -0.234453 0.26392683 1.0
-201.72696996434703 -269.57001038628493 -0.184536 -0.145705 0.34931445 1.0
-198.76161536901571 -268.5281830473907 0.268959 0.376069 0.3471737 1.0
-194.1411565550532 -264.51697629367584 0.128025 0.120988 0.34099686 1.0
-139.1328443679008 -192.54836370173786 0.092577 0.540307 0.219419 1.0
-141.79118273589197 -205.2293237090082 -999.0 -999.0 0.23908308 1.0
-141.5121209348562 -204.84805169716356 -999.0 -999.0 0.23872061 1.0
-156.56876756391557 -226.27489951685772 -999.0 -999.0 0.27394792 1.0
-173.9820672984545 -266.99945137101747 0.143025 0.041351 0.3481464 1.0
-162.23155046333804 -253.97083004867977 -999.0 -999.0 0.32149327 1.0
-171.81924959286053 -265.2976707025859 -999.0 -999.0 0.34648392 1.0
-103.52016387576309 -163.19190967907704 -0.154613 0.194678 0.17918034 1.0
-128.4863497622473 -207.64111500771244 -0.152065 -0.077636 0.24512438 1.0
-158.73423894080236 -257.282461343291 -0.053586 0.057282 0.33087516 1.0
-78.67803109554613 -170.23885218120296 0.26891 0.064342 0.18852204 1.0
-199.28785175620212 -221.5237192647348 0.160848 -0.060782 0.26869568 1.0
-223.45756301470365 -248.6177075791968 -0.059202 -0.077902 0.31696397 1.0
-197.84413505801197 -244.77459308565014 -0.221316 -0.016866 0.3114739 1.0
-198.21622743699774 -246.62152210302798 -0.23248 0.009721 0.31448603 1.0
-183.32274700884906 -264.2933152341423 0.001825 -0.258329 0.35093486 1.0
-134.80785446306587 -200.16824169367888 -0.314888 -0.040429 0.2364426 1.0
-167.84339001860926 -251.89397133376124 0.195067 -0.142397 0.3275868 1.0
-104.15792360790557 -230.70092627770586 0.08758 0.365501 0.26526672 1.0
-149.88795294381134 -243.14200044537174 -0.146002 0.165168 0.29204974 1.0
-161.09448039152022 -273.4369851466469 0.032914 0.369375 0.3450768 1.0
-96.67333758494834 -204.90653726487415 -0.110267 0.465589 0.23116279 1.0
-236.50634445458525 -277.69465641657894 0.207094 0.090075 0.35749432 1.0
-193.62653183422594 -261.79312573689117 -0.111012 0.319435 0.33090493 1.0
-156.61913773632855 -218.5841822265099 -0.06252 0.191953 0.25608152 1.0
-162.14947443657795 -226.9966345018219 0.027895 0.017961 0.27207452 1.0
-239.26846247461756 -268.79499956954186 -0.037608 -0.218372 0.35465625 1.0
-187.37281381679074 -215.4141809846536 -0.139026 -0.064137 0.25731516 1.0
-161.6583744919409 -192.3645356770311 0.202705 0.038625 0.22053654 1.0
-221.55382335660357 -271.9242729966066 -0.007078 -0.019003 0.35981008 1.0
-190.09822677622606 -244.46603261741228 0.174489 -0.228999 0.30836245 1.0
-178.27202301339537 -252.53366035121078 0.204409 0.17512 0.3260013 1.0
-106.97250616772172 -155.66237622776165 -999.0 -999.0 0.1700655 1.0
-178.92724833587246 -265.914548364235 -999.0 -999.0 0.34982818 1.0
-169.1492039797375 -254.4593571174972 -999.0 -999.0 0.32911322 1.0
-167.01058888061314 -252.87743601552236 -999.0 -999.0 0.32798576 1.0
-130.77068299954755 -207.1385333664822 -0.163787 -0.122169 0.2451114 1.0
-107.1377716425966 -236.6338227517405 -0.237994 -0.043535 0.29719242 1.0
-217.0676864330691 -241.9028760496571 -0.206336 0.011075 0.30828005 1.0
-199.9684436167179 -252.07297259596686 0.096273 0.000651 0.3338559 1.0
-147.43555174880942 -191.03592132179264 -0.020274 0.279092 0.22526488 1.0
-118.00853310847289 -248.3725875245117 -0.388826 0.001826 0.30643848 1.0
-160.48525494205836 -262.87417409895835 -0.264832 0.219616 0.34202954 1.0
-186.37873913225562 -214.73040189734226 -0.142912 0.09071 0.25734067 1.0
-194.17588151721492 -216.52083886166778 -999.0 -999.0 0.26963368 1.0
-184.74303438323952 -210.71337969608078 0.113324 -0.083631 0.26059315 1.0
-183.48512174330628 -211.78681145549416 -0.250193 0.060725 0.2630394 1.0
-185.44797149302934 -218.25251003853342 -0.261854 -0.025839 0.27331632 1.0
-185.1252611133302 -215.7818204406652 -0.373275 -0.422215 0.27034193 1.0
-185.19030977222752 -218.28111397027908 -0.460677 0.054762 0.2741569 1.0
-141.37223297977587 -233.5592564347583 0.089246 0.172607 0.30329323 1.0
-144.2956047809286 -245.6215409206779 -0.180014 -0.053995 0.32535717 1.0
-143.25873777427893 -245.24044694596856 -0.067968 -0.314506 0.32459447 1.0
-149.30849853482778 -247.89509389483345 -0.084492 0.147052 0.34179467 1.0
-192.29251353993 -212.66764736641127 -0.040787 -0.45556 0.2739736 1.0
-203.12373433219565 -237.932742774853 0.295359 0.121529 0.32098866 1.0
-176.4873460369254 -238.56092169060733 -0.02385 0.057867 0.3239642 1.0
-171.09002986414345 -235.77399738351664 -0.390196 0.106706 0.3210814 1.0
-101.28491237999644 -206.26263135512377 0.118274 0.159332 0.2664298 1.0
-174.12003251394353 -246.20406699660435 0.145902 0.018268 0.35369557 1.0
-145.48766095672732 -221.10822456363908 0.203459 -0.100121 0.3002972 1.0
-144.54081385486722 -235.3428726619182 0.129932 -0.026662 0.33316022 1.0
-187.79081026796322 -193.70150479985972 0.075234 -0.018611 0.2545791 1.0
-148.98758394320166 -218.09114806556207 -0.033525 -0.304071 0.3018731 1.0
-119.58784112882498 -217.18252673517512 -0.136749 0.171957 0.30385354 1.0
-161.40854118313845 -215.83479967708703 -0.2385 -0.362989 0.3091875 1.0
-126.51488984845943 -179.01830948401266 0.16548 -0.082202 0.24678558 1.0
-160.7664525078291 -228.91419836760332 0.084816 0.229679 0.3519122 1.0
-124.17648126271847 -185.7874549023133 0.329668 0.142949 0.25873864 1.0
-153.6138904812387 -185.48571459364152 0.249273 0.086501 0.2660399 1.0
-154.56640953975318 -190.4549858954769 -0.535817 -0.382277 0.27738518 1.0
-150.45493758201846 -202.6740939204137 -0.000703 0.070986 0.29975513 1.0
-147.2448478561144 -222.7408126566167 -0.508941 0.39163 0.34912097 1.0
-188.72045174814497 -219.2732115329798 -999.0 -999.0 0.2903285 1.0
-182.8418658836322 -239.65901341646358 0.140837 -0.055972 0.33072048 1.0
-122.90847944063225 -202.2106405423111 0.016388 -0.158325 0.26189134 1.0
-200.23581918202228 -207.8353552507771 -999.0 -999.0 0.27539924 1.0
-195.77491506790375 -207.97275681185587 -0.03247 0.185569 0.2748194 1.0
-192.8086948461051 -208.00691610040232 -999.0 -999.0 0.2752217 1.0
-192.87448764166612 -236.5308856304 0.03929 0.180775 0.33245125 1.0
-184.87105468739904 -231.99437313415035 -0.025363 0.15555 0.3254702 1.0
-159.63273570913825 -207.39956298513403 -0.300856 0.282892 0.27537924 1.0
-169.20032470594904 -243.5848091071118 0.038331 0.29177 0.35390338 1.0
-145.49249682901953 -219.02196339815399 -0.037148 -0.350053 0.30341244 1.0
-138.6862492157718 -220.58401694679026 -0.155476 -0.021985 0.3053705 1.0
-133.14713736451804 -218.3646778360531 -0.328261 -0.148469 0.303337 1.0
-218.66783354875864 -242.90852431415016 -999.0 -999.0 0.35957474 1.0
-185.1486454438623 -230.54764504106345 0.12151 -0.149197 0.33238384 1.0
-150.27123270407927 -217.82065326985486 0.034698 0.162449 0.30754462 1.0
-136.18393169488303 -216.14925851895052 0.236636 -0.084098 0.3044003 1.0
-195.06489319351024 -234.24738812189813 -0.546456 -0.309338 0.3512485 1.0
-160.4218588661429 -214.54381360096 0.042294 -0.025219 0.30938914 1.0
-172.33633861077632 -234.963790424691 0.015855 0.129346 0.35849643 1.0
-132.0665089285252 -210.3410674652463 -0.134704 -0.008089 0.30249918 1.0
-191.05008420230232 -223.64294605437317 -0.053092 -0.031284 0.3431635 1.0
-176.83482796792381 -227.86862362121371 -0.001209 0.081544 0.35537276 1.0
-165.73926419560158 -229.759848974371 0.258274 -0.105496 0.3566264 1.0
-118.8762938725541 -182.62267925412726 -0.215546 0.072989 0.25769818 1.0
-144.36256607508406 -170.2100210386824 -0.210436 -0.248003 0.24126822 1.0
-154.61203167335276 -187.34738570136673 -0.243603 -0.029832 0.27329165 1.0
-167.48401478007662 -208.13280760363867 0.369416 0.388578 0.32442328 1.0
-144.76855264236764 -187.88277020158884 -0.050323 0.122882 0.2772286 1.0
-133.96900498524695 -186.01101009317367 0.428386 0.089281 0.27441618 1.0
-158.2174584333318 -223.08005831135753 -0.115468 0.198268 0.35860834 1.0
-172.1574634197695 -173.219799469275 -999.0 -999.0 0.2528627 1.0
-160.77805722298615 -211.2162770575063 -0.316457 -0.148763 0.33971328 1.0
-197.40099172509068 -209.38613235970914 -999.0 -999.0 0.34657484 1.0
-148.3032298085075 -179.03025298409955 0.523692 -0.12583 0.27707824 1.0
-165.85144958644932 -204.36591804113561 0.199168 0.109375 0.33920476 1.0
-145.23835323536207 -168.05790779422568 0.132082 -0.121913 0.24066631 1.0
-173.43474311895977 -216.73121752323257 -999.0 -999.0 0.34704012 1.0
-173.35924756273525 -215.7674185566854 -999.0 -999.0 0.3463108 1.0
-136.4071231247466 -271.4045583768046 -999.0 -999.0 0.35398272 1.0
-160.83235938247876 -262.7118076296601 0.262902 -0.456191 0.3437242 1.0
-109.08809565759567 -235.95982066274155 0.477034 0.420686 0.2976568 1.0
-188.64041040595134 -219.0275822904593 -0.170242 0.056741 0.2710005 1.0
-212.50927264907662 -252.1526799464634 -0.261114 -0.177067 0.33183104 1.0
-177.23417064840356 -243.1116875545412 0.256551 -0.157467 0.31442216 1.0
-188.47624330212443 -262.6128612023695 0.238277 -0.341641 0.35426092 1.0
-187.3250638200457 -262.76120016024663 -0.203332 -0.189722 0.35345826 1.0
-169.54922575493654 -248.40737385633284 0.086795 -0.494589 0.32723653 1.0
-98.64579910335434 -190.89685933118557 0.500781 0.54722 0.22717121 1.0
-132.06891021847298 -144.48958994935788 0.01822 -0.236653 0.16110845 1.0
-190.087889312584 -248.5936200250856 0.054491 0.030417 0.33605123 1.0
-159.1827317233028 -232.39476771974077 0.104451 -0.269924 0.30433562 1.0
-102.89669511058364 -210.6595009884151 0.197306 0.296864 0.2663661 1.0
-119.50932379333969 -247.66331252667976 -0.288558 0.523975 0.305402 1.0
-141.7367310760831 -237.37706470390992 0.109863 -0.337904 0.29233396 1.0
-145.77430755782692 -246.12551433245133 0.066874 -0.082163 0.30809695 1.0
-103.88201313911848 -198.42957604800907 -0.11523 0.114955 0.22928286 1.0
-115.13505891005558 -234.02082572756157 -0.410149 0.376603 0.28807893 1.0
-158.37312191269257 -255.0658406256615 -999.0 -999.0 0.33366624 1.0
-149.69972233098707 -250.3682585239984 -0.478265 0.020365 0.3273324 1.0
-116.02926214365577 -207.78233389756932 0.085753 0.039157 0.25007537 1.0
-142.0795921863769 -254.08275868372937 0.270674 0.019498 0.33375522 1.0
-110.93766207468477 -205.55654683211918 -0.203309 -0.057377 0.24813344 1.0
-99.69461621145489 -192.50287352199067 0.066189 0.1869 0.22836235 1.0
-117.36697601681139 -254.13039421570895 -0.063142 -0.316053 0.3347645 1.0
-217.48514626386032 -237.89179970381153 0.179619 -0.037716 0.30505583 1.0
-196.66698821411387 -217.16797759884665 0.040781 -0.037096 0.26950017 1.0
-201.5371204657333 -229.08321434513132 -0.051926 -0.075146 0.28962415 1.0
-181.0554585488 -208.97666075706547 0.088676 0.085499 0.25831828 1.0
-193.64628244360918 -240.1877147270883 -0.096487 0.065467 0.31564686 1.0
-142.31610307782302 -190.310800877546 0.195964 0.39319 0.22680974 1.0
-108.65687188032994 -157.81620234701967 0.078537 0.119621 0.17994343 1.0
-95.03348200990888 -190.02657967949366 0.108276 -0.080933 0.22820652 1.0
-122.7780170293298 -251.2842941972018 0.516412 -0.225518 0.33875155 1.0
-69.06720896903767 -147.05731365515842 -0.221143 -0.368596 0.16555768 1.0
-153.24050284841712 -162.14504472898236 -0.300927 0.104897 0.18992402 1.0
-194.82572105489368 -217.00713836250935 0.070512 -0.16321 0.2770946 1.0
-178.22882811930776 -204.26161360684503 -0.330762 -0.438535 0.25540125 1.0
-160.46078217120763 -184.02610989663955 -0.037269 -0.154331 0.22344652 1.0
-160.4378195182322 -184.2869833118644 0.18566 0.244375 0.22346708 1.0
-184.7305008365392 -212.70764747769053 -0.007032 -0.267163 0.27288583 1.0
-154.16657507772942 -194.02194222571595 -0.205531 0.025245 0.24111801 1.0
-186.38042672807708 -245.90927426208978 -0.010233 0.023504 0.33729497 1.0
-129.0437160472269 -179.24816105959644 -0.211441 0.033039 0.21649517 1.0
-170.6819212166125 -241.38683901275192 0.004003 -0.434175 0.32599983 1.0
-122.24130632095147 -185.8315066617283 -0.005716 0.337208 0.22886103 1.0
-132.14260626735597 -213.53368406919878 0.257581 0.128429 0.27690142 1.0
-145.63718719965968 -243.814212806142 -0.120395 -0.512773 0.33391824 1.0
-117.28311789619781 -206.96327625134109 -0.541501 0.032028 0.26344904 1.0
-132.80162066485425 -248.54492646857952 0.231119 0.433984 0.3435327 1.0
-106.18646115669077 -207.09439566698816 -0.100294 0.037783 0.26519614 1.0
-118.52129735065124 -143.23993415803085 0.284367 -0.487852 0.16469897 1.0
-188.30713379386492 -243.93635885483562 0.031067 -0.182678 0.33659863 1.0
-117.20271585537776 -183.54021646308027 -0.117289 -0.232327 0.22697578 1.0
-213.00708065487837 -219.5078105252127 -0.414261 0.699343 0.290216 1.0
-191.65489105699663 -210.4293571877098 -0.108833 0.080084 0.2762144 1.0
-203.59139766051112 -238.63278212674524 0.253859 0.146177 0.33432823 1.0
-192.53475619831335 -236.61475536885973 -0.025883 -0.233118 0.33149683 1.0
-140.95936779622212 -176.18394606292472 -0.058164 0.018474 0.22028466 1.0
-193.2731185058999 -246.7717817223624 0.112368 0.221483 0.35387734 1.0
-126.55607669672386 -184.31930026558962 0.41527 -0.417911 0.23443379 1.0
-145.26967911542593 -221.21678851492314 -0.652669 -0.062721 0.30020162 1.0
-135.3154695744469 -213.4747627008818 -0.049072 -0.041126 0.28781998 1.0
-96.21113878277231 -154.60130947584133 -0.278669 0.021932 0.18739653 1.0
-136.54875044598873 -226.98853609932598 0.057415 0.398102 0.31373248 1.0
-172.29083160467684 -176.50112130363152 0.009552 -0.34072 0.2241434 1.0
-148.42250672369815 -175.56341189564705 -0.394792 -0.701503 0.22238912 1.0
-190.36753927707844 -233.10386926760373 0.140319 -0.241935 0.3323524 1.0
-181.9558062806199 -232.90240207024064 0.032384 0.039865 0.33227873 1.0
-124.47618901638587 -159.89613891415655 0.295377 0.262182 0.19983763 1.0
-166.9860177592815 -222.05945119839322 -0.027498 0.214667 0.30962265 1.0
-167.1093600222999 -232.41056452595728 -0.311714 -0.262719 0.33103436 1.0
-144.57836871033555 -218.96249925863518 0.167964 -0.130748 0.30485263 1.0
-150.56256241495953 -228.62877360590133 0.140336 0.056707 0.3289432 1.0
-85.23625644605107 -141.98810552445133 0.045476 -0.614407 0.17234302 1.0
-190.0033670218015 -193.68266391453994 -0.221522 -0.243957 0.262369 1.0
-209.99568501050985 -227.93530824522676 -0.030223 -0.063253 0.33325604 1.0
-206.17620620068527 -232.47261873406518 0.230797 -0.300985 0.33968726 1.0
-198.46954459819418 -227.40364740903922 0.273594 0.068503 0.3285677 1.0
-142.49462071127792 -166.59521358471406 -0.142622 0.224555 0.21603033 1.0
-130.80925602630245 -212.82229174236056 -0.11787 0.079239 0.30330318 1.0
-165.2840332665367 -197.6150105781117 0.030736 0.07793 0.27891937 1.0
-142.12511086764113 -176.3439492346593 0.152946 -0.013428 0.24026032 1.0
-113.78875094641796 -158.40794149110104 -0.10154 0.568101 0.20841895 1.0
-142.97148831011503 -222.01243645891626 -0.086083 -0.046836 0.33754134 1.0
-217.65629432139323 -219.70193511233455 -0.114518 -0.067088 0.33730826 1.0
-143.01095058838277 -156.13384291966813 0.032085 0.119888 0.20970637 1.0
-128.509873922462 -147.77875520681957 0.24983 0.364811 0.19756293 1.0
-126.75258689654665 -150.47194363465263 0.152117 -0.169464 0.20045269 1.0
-188.52120255044767 -221.845198044882 -0.31462 0.169523 0.34418833 1.0
-113.32720195767071 -138.30898970589982 0.148807 0.009457 0.18058856 1.0
-181.30380781392 -225.2517859772574 -0.010634 -0.162761 0.35062882 1.0
-124.99161584278289 -157.13853306683055 0.124045 0.156366 0.21264352 1.0
-120.49158522423699 -152.7504856145616 0.085259 -0.045101 0.20588185 1.0
-110.43579723990372 -141.11874879486416 -0.40693 0.459663 0.18471864 1.0
-131.97780466055798 -169.92660610605984 -0.034874 -0.143312 0.2378199 1.0
-97.66879765534688 -133.72665869953488 -0.008705 -0.348762 0.17435864 1.0
-170.66724226182959 -179.4322837900859 -999.0 -999.0 0.21819304 1.0
-186.0530070215691 -212.38779106973564 0.590381 0.223093 0.27634946 1.0
-183.5596987495082 -212.18197166244332 -999.0 -999.0 0.2741292 1.0
-178.7168146434965 -210.0988842998583 -999.0 -999.0 0.2728342 1.0
-189.52767424320595 -240.6864170887276 -0.092703 -0.269827 0.33447763 1.0
-183.1233641192917 -240.00105774195308 0.315751 -0.287604 0.33147004 1.0
-191.8476290023932 -249.22503922987872 0.011441 -0.177556 0.35374454 1.0
-137.77925218084187 -188.0078329813064 0.487148 0.135643 0.23749943 1.0
-145.21794377263603 -221.43739479884073 0.420547 -0.081779 0.298985 1.0
-145.24482444480455 -223.61026163896383 -0.078741 0.079679 0.29940343 1.0
-147.99974984338726 -241.36772681866114 0.216105 0.164077 0.33521736 1.0
-123.33471135824426 -235.21476751668965 -0.078682 0.20121 0.3289227 1.0
-195.42807437192056 -207.91331001560616 -999.0 -999.0 0.2738136 1.0
-166.76679657161785 -180.18774319624703 -0.039198 -0.14326 0.2254226 1.0
-165.90912137005742 -179.4336049970136 -999.0 -999.0 0.22436213 1.0
-213.90636261554462 -235.795639208215 -0.089905 -0.121153 0.3322335 1.0
-197.34310828185534 -230.47680071823257 0.0185 0.088857 0.32303235 1.0
-202.44469034230917 -238.0376887973598 -0.171106 -0.204065 0.33504745 1.0
-202.14692773878016 -238.54491462786464 -0.061432 -0.030268 0.33586252 1.0
-116.15209855825559 -139.8544367809718 -0.194905 0.095697 0.16612484 1.0
-148.89943294635935 -200.0836588577426 0.140455 0.026392 0.26387843 1.0
-104.3380740349885 -154.17920752798 0.016111 -0.480772 0.18948689 1.0
-106.8558661114272 -159.33965349284767 -999.0 -999.0 0.1961719 1.0
-144.5947099162619 -217.6028317280266 -0.010813 0.386544 0.30067056 1.0
-162.17394835369385 -246.63664926814704 -0.236306 -0.095119 0.35806862 1.0
-143.73721660533295 -219.14122068984994 -0.123708 -0.079706 0.3040392 1.0
-156.34494491104525 -245.34761759111447 0.17481 -0.050549 0.35844782 1.0
-144.78354818041367 -241.75686551964952 -0.238941 -0.14235 0.35081315 1.0
-104.95539948978517 -176.43081235371332 0.354443 0.189496 0.22472034 1.0
-132.95624159336646 -228.50106749932704 -0.028311 -0.111786 0.32342255 1.0
-119.92981675838026 -137.2796350073664 -0.086118 -0.102743 0.16549236 1.0
-194.50489659613305 -230.5089255579468 0.011878 0.090337 0.33406913 1.0
-138.14659869717485 -173.66850968155865 0.483619 0.257925 0.22528045 1.0
-148.2810486561525 -215.57697882329367 -999.0 -999.0 0.30394253 1.0
-146.1049480412868 -216.19949051513763 -0.50025 0.000673 0.3043916 1.0
-145.0550431190884 -214.3333530513564 0.377972 0.222506 0.30225652 1.0
-134.61371891152453 -213.5676640978548 -0.141437 -0.065737 0.29920125 1.0
-81.34546319248408 -138.3068626166818 -999.0 -999.0 0.17069928 1.0
-192.86320976994185 -199.06040726063938 0.025479 -0.092749 0.27581835 1.0
-168.89337310141693 -213.86324737021474 0.265812 0.313013 0.318133 1.0
-163.8965807574349 -212.0734573807443 0.159066 -0.212692 0.31369355 1.0
-177.50311916724056 -228.6613183405221 0.07621 0.238034 0.35717767 1.0
-119.08655016602759 -155.05090876164618 0.298388 0.301372 0.20689432 1.0
-169.15405588171168 -230.33351884161553 0.315802 -0.022119 0.3584137 1.0
-112.46452672944434 -154.87991966632256 0.005586 0.231415 0.2059088 1.0
-110.42415232273902 -155.52456533441114 0.055992 -0.155707 0.20670085 1.0
-117.03135539427062 -181.2760520222596 -0.069601 0.015612 0.25355142 1.0
-141.36646835237661 -220.17755264753353 0.015355 0.163152 0.33800703 1.0
-207.88542292257773 -223.05624896809832 -0.253766 -0.019045 0.35222098 1.0
-128.51801441802655 -146.90280148732398 0.186723 -0.306027 0.19748186 1.0
-128.7006243055708 -147.21345577364596 0.350601 0.329707 0.19818768 1.0
-147.37327997502734 -170.94571788390422 -0.163568 -0.022924 0.24050415 1.0
-120.86929658014206 -145.1440091328602 0.002097 -0.407064 0.19475792 1.0
-143.5298510944502 -187.50325109773846 0.304232 -0.16718 0.27421522 1.0
-174.00772556529415 -197.3023465556949 -999.0 -999.0 0.29694712 1.0
-100.94637869591858 -125.27600725037503 -0.155405 -0.293391 0.16300096 1.0
-165.86034737401098 -204.7592463231082 0.401316 -0.222473 0.31216773 1.0
-135.69539431909826 -167.97836473210666 -0.073564 -0.156962 0.23922098 1.0
-134.84059653716156 -168.33919248714975 -0.033678 -0.196323 0.23967387 1.0
-154.64022708516754 -196.69134970926072 0.137198 0.016125 0.29836363 1.0
-163.19958495054098 -215.15366948315975 0.137514 0.092272 0.33896095 1.0
-188.70103943903345 -211.47700925852794 -999.0 -999.0 0.3368512 1.0
-145.14162681454073 -175.52326534969146 -0.221638 0.107902 0.26015073 1.0
-146.85430795894416 -181.65318207938054 0.002832 -0.1227 0.2767502 1.0
-130.19050579488956 -172.03349676595286 0.109825 -0.108938 0.25619477 1.0
-160.6909143660552 -213.43572247052504 -0.098299 -0.006055 0.34977314 1.0
-131.6192887346089 -180.06213670850713 0.08387 -0.095206 0.2712339 1.0
-119.74280966746386 -126.27165767258664 -999.0 -999.0 0.17563729 1.0
-172.52470021352795 -184.53590216258763 -999.0 -999.0 0.2872494 1.0
-139.50946010932418 -150.95865600886768 -0.245604 0.161239 0.21928452 1.0
-146.69714125359374 -162.05135872524897 -999.0 -999.0 0.24080454 1.0
-140.97513739028096 -159.24990480378298 0.041935 0.147536 0.23469551 1.0
-158.01131965910943 -194.4362230788504 0.301211 0.0194 0.3139567 1.0
-98.14176152114726 -121.3171646520236 -0.294315 -0.007667 0.16839853 1.0
-209.0109792435491 -215.04919730381636 0.083539 0.073598 0.3400047 1.0
-204.5021656400203 -216.77438675665164 -0.034028 0.05276 0.341684 1.0
-156.07973114885823 -168.13876690709944 0.013667 -0.154883 0.24258459 1.0
-155.96170811310625 -169.42487666649785 -999.0 -999.0 0.24446738 1.0
-118.87894754034215 -147.02404146642994 -0.596854 -0.267956 0.20451616 1.0
-168.1735087134989 -206.99752138860956 0.070133 -0.573166 0.32621846 1.0
-134.3378329918718 -182.4974498099899 -0.078184 -0.278669 0.2731148 1.0
-166.4016482389326 -169.4494298723787 -0.381086 0.406534 0.25007832 1.0
-158.18018380753287 -166.5616942521195 0.188311 -0.286164 0.24500829 1.0
-147.58894584216736 -163.11288248374044 -0.04969 0.161247 0.23969352 1.0
-157.43448562345424 -176.2780366917376 -0.126267 0.394877 0.26431695 1.0
-124.08442138901225 -149.04707521161257 0.027839 0.327743 0.21326606 1.0
-103.8470725594902 -126.16325548166273 -999.0 -999.0 0.17319171 1.0
-97.39840301490854 -125.66284119813842 -0.205579 0.005639 0.17337564 1.0
-108.03267644624849 -141.0616125377896 -0.007322 -0.2342 0.2015507 1.0
-123.61250030481538 -164.0167738076058 -0.254 0.303373 0.24308302 1.0
-112.64871493758343 -123.07166326556208 0.283348 -0.303897 0.17155196 1.0
-145.79401763799433 -186.71622425550507 -0.227043 -0.108529 0.2997262 1.0
-124.9035998679699 -246.175310839605 0.141945 -0.09516 0.30632776 1.0
-114.86117463210077 -233.08929104432855 0.025874 0.046516 0.28457007 1.0
-109.80528702450373 -230.21930970695678 -999.0 -999.0 0.27821207 1.0
-108.98959918238904 -229.84309201793388 -0.077888 0.031962 0.27874845 1.0
-155.09421919661492 -183.69376083687987 -0.057307 -0.225658 0.20910805 1.0
-158.5269570607364 -256.4415409270937 0.048932 -0.191044 0.33197024 1.0
-140.8237479345529 -245.82570104489255 0.008755 -0.108494 0.3152266 1.0
-126.14599030049605 -229.88842391823303 0.016829 -0.153148 0.2854455 1.0
-126.00250964494484 -241.5629092689949 -0.051903 0.019733 0.305788 1.0
-118.17287547897925 -233.8089518384863 0.286498 -0.258347 0.29113084 1.0
-130.92167320317665 -258.70373316030214 -999.0 -999.0 0.3384072 1.0
-216.89480013949233 -239.96217040093333 -0.135789 0.08868 0.3070088 1.0
-201.72866631441158 -231.7348706202125 -0.142184 -0.007379 0.29043794 1.0
-169.48905799159928 -248.32845339582065 -0.094136 0.422897 0.32710034 1.0
-134.92235350654428 -212.98550646342292 -0.12598 -0.12386 0.26292554 1.0
-157.85088845169338 -258.76835694729056 0.363429 0.386837 0.34883037 1.0
-140.0622749161214 -238.45735664964153 -0.304869 0.035983 0.30666453 1.0
-130.58660400741738 -228.81713368526897 0.280562 0.069886 0.29252318 1.0
-140.1987722020306 -251.3390293071007 0.516727 0.157561 0.33482122 1.0
-108.84485351252404 -213.80180228881864 -0.299904 -0.258182 0.26423374 1.0
-115.07685212686762 -246.97999728318538 -0.046728 0.163413 0.32852814 1.0
-168.64490249767002 -185.29693924543741 -0.234399 0.123918 0.22062577 1.0
-209.93893783596053 -254.48156994532283 0.060427 0.003909 0.34576446 1.0
-175.76777684377393 -238.1889200649176 0.136589 -0.019883 0.3177033 1.0
-163.85858423100706 -242.54706930057304 -0.04191 0.177497 0.32634515 1.0
-146.64701372489628 -226.97098659520302 -0.001298 0.435161 0.29388443 1.0
-146.0108695046061 -248.59428298668294 -0.032513 -0.200758 0.33624855 1.0
-111.73200903539833 -226.64575441173972 -0.078297 0.050146 0.29846314 1.0
