X Y e1 e2 Z WEIGHT_SEEING
-341.54891081889144 -121.04298013430353 -0.009002 0.01968 0.26217416 1.0
-417.70808234398186 -150.14889128736522 -0.026152 -0.016197 0.35939646 1.0
-379.90386404957485 -131.75595456422732 -0.030914 -0.052603 0.30992833 1.0
-336.7671816802806 -124.92632964700407 -999.0 -999.0 0.30735937 1.0
-358.9308264766308 -115.96417020915044 0.048752 0.289563 0.25766882 1.0
-455.3665264849686 -138.62985607175705 -0.167496 0.35466 0.34272283 1.0
-285.2882808087436 -88.66727421866607 0.045527 0.276639 0.19525665 1.0
-309.42889642135907 -131.13510138640598 -0.495016 0.111515 0.253615 1.0
-342.3151525463276 -148.05093430030178 -0.044944 -0.15886 0.3047633 1.0
-302.93677505451495 -118.30505626290442 0.553126 0.262974 0.24268885 1.0
-407.6998471500122 -144.47146485401984 -0.035187 -0.009862 0.31315798 1.0
-402.6320900226584 -149.15869432257549 0.038559 0.469205 0.34535486 1.0
-338.66799019222236 -129.10721140019217 -0.140159 -0.241196 0.2928429 1.0
-331.39976680467277 -130.77304354147256 0.393627 0.562284 0.3099272 1.0
-420.9005421629483 -145.03016652487136 -0.379827 0.121634 0.33137754 1.0
-349.404211088797 -121.24743820288512 -999.0 -999.0 0.25963566 1.0
-347.4818443991294 -120.90339679503337 -0.107831 0.041989 0.259157 1.0
-363.9279430831641 -130.5326244111224 -0.010842 0.482485 0.30122057 1.0
-334.059765234358 -123.29209617132919 -999.0 -999.0 0.29568383 1.0
-322.7919216958883 -120.77202466785451 0.057958 0.197554 0.28628942 1.0
-309.294528506825 -118.53968844928649 -0.240926 -0.089465 0.2813171 1.0
-366.7139037284919 -121.96197020568718 0.307414 0.271941 0.27257544 1.0
-333.23109270521536 -137.2194891368133 -0.159571 0.363263 0.24985833 1.0
-420.96373186634617 -174.88308533473017 -0.074507 0.336274 0.35248026 1.0
-421.959580339592 -171.0796722093571 0.26537 -0.073792 0.3541992 1.0
-375.12275914715644 -143.81945110803136 0.044636 -0.130531 0.28949192 1.0
-317.9664355429753 -126.65353088160357 0.443003 0.452457 0.2485264 1.0
-380.493272935965 -139.35656549291843 -0.282799 0.061512 0.28661484 1.0
-405.4130999199674 -149.5534754541871 0.176107 -0.056277 0.31932023 1.0
-361.0732480674195 -134.66809296637146 -0.003632 0.371595 0.27627122 1.0
-335.34644354570577 -128.3705206743684 -0.098493 0.15828 0.26344478 1.0
-373.357451123491 -145.57227641058535 -0.108946 0.094501 0.31824332 1.0
-361.7734853347598 -145.7530107994665 -0.145448 0.018409 0.27621078 1.0
-338.18321041509165 -138.31007617039646 -0.091198 -0.063683 0.29842335 1.0
-340.1854720019133 -134.67028437000576 -0.050196 -0.089102 0.29794064 1.0
-363.4671332579946 -104.58460289140241 -0.137547 0.05734 0.24115121 1.0
-347.03837123537386 -103.44810470059595 0.018829 -0.012465 0.2493144 1.0
-345.57928783310774 -102.98965683989742 -0.216248 0.380637 0.24811544 1.0
-406.33173648849635 -120.63948365895754 -0.020202 -0.067801 0.28617275 1.0
-410.6254724364207 -121.61116704684305 0.15084 0.118603 0.29068798 1.0
-407.28696223719186 -120.2444603479095 -0.008101 0.01002 0.28895718 1.0
-349.6897515494917 -105.39880941955931 0.455644 -0.223673 0.24603857 1.0
-371.78910852553986 -105.59122796641039 0.359708 0.167419 0.24744165 1.0
-376.3624872416778 -106.63394584195659 0.039077 -0.115644 0.25814405 1.0
-375.67711735676465 -140.14683090298374 0.224711 -0.074942 0.30325982 1.0
-384.2252234918908 -142.55133447760042 -0.303918 0.227194 0.31658295 1.0
-379.9932165745066 -142.03822152176892 0.324941 -0.028222 0.31758046 1.0
-358.95291294025225 -138.11766952383718 -0.171198 -0.290101 0.3063437 1.0
-295.57309147116075 -115.89366764567691 -999.0 -999.0 0.24832883 1.0
-328.1511001150046 -132.11817742116625 -0.439186 -0.397816 0.3101938 1.0
-316.7692926918921 -110.95719655873167 -0.003193 -0.153093 0.22254515 1.0
-372.16038529334145 -135.32308345151125 0.257093 -0.072279 0.3085054 1.0
-303.0273179543845 -111.61482994882248 -0.332582 -0.018278 0.24237442 1.0
-267.33350307970744 -99.89841870133313 -0.272989 -0.209397 0.2097112 1.0
-345.82806152668076 -128.6521999618148 -0.313675 0.086808 0.2981603 1.0
-291.1092352544742 -110.61322852623788 -0.057231 -0.191202 0.24261479 1.0
-346.3881359772648 -132.29394942448016 -0.104283 0.091449 0.3242476 1.0
-350.9526345502412 -117.4013439485016 -0.494344 0.116871 0.25761905 1.0
-331.3237811418719 -111.00851028005114 -0.154784 -0.111573 0.24006829 1.0
-346.16559957055307 -117.4067420599221 0.2049 0.085857 0.26085544 1.0
-318.2205796210318 -111.19322179336086 0.507213 0.060012 0.25340885 1.0
-311.28246710086285 -110.14693260257371 -999.0 -999.0 0.25027886 1.0
-357.83239537020563 -132.33140914919971 0.102584 -0.049013 0.33238018 1.0
-385.9364762808471 -127.36398858035521 0.22891 0.103588 0.30459613 1.0
-355.34414702065493 -107.97634802921691 0.302358 0.107734 0.24142039 1.0
-350.65778360081913 -108.71785764003927 0.352296 -0.083414 0.24643588 1.0
-291.3148130559111 -124.28626290485296 0.232507 -0.113085 0.23971197 1.0
-234.13502022882312 -96.96191970421086 0.271703 0.272489 0.18124196 1.0
-368.7662578554203 -156.0897032940284 0.421318 0.06589 0.34778067 1.0
-214.20811394742358 -93.99668910806591 0.582291 -0.358133 0.17639817 1.0
-212.7126927939753 -93.03375981540316 -0.156547 0.062776 0.17799036 1.0
-277.5011302372915 -122.80332093525949 0.232368 0.19204 0.2516196 1.0
-243.5136275510254 -108.07234961606135 0.330056 0.248943 0.21402682 1.0
-352.4440085617969 -147.16366897605658 0.021264 -0.427572 0.34317687 1.0
-328.4671257017457 -137.58363173783982 0.174347 0.264999 0.31157643 1.0
-342.5621182326886 -147.27368376864752 -0.144995 0.385923 0.35131738 1.0
-368.11471702847217 -144.3930777908049 -0.044052 -0.222186 0.3221363 1.0
-222.786149445678 -88.4099619069463 0.257551 0.013272 0.16902524 1.0
-344.32934156749866 -124.88640244456765 -0.241459 0.023945 0.25917482 1.0
-344.0393948206928 -124.84357988688845 -0.04972 0.171198 0.25921595 1.0
-344.6524569980399 -124.70129786896801 -999.0 -999.0 0.2596615 1.0
-342.3635656915962 -122.87872473827387 -999.0 -999.0 0.26005432 1.0
-343.74004154235485 -123.63941315682487 -999.0 -999.0 0.26163408 1.0
-305.56733124918736 -111.9152464083116 -999.0 -999.0 0.23505218 1.0
-389.90769941608727 -145.7663139481473 -0.071307 -0.160115 0.33424523 1.0
-278.02452669171345 -103.51693484974412 -0.117588 0.084568 0.21062155 1.0
-275.8864692704481 -102.02453189804076 0.076855 0.040148 0.2110185 1.0
-343.29904894184864 -130.13590787196756 0.111693 0.090138 0.29881817 1.0
-349.29641195774144 -140.73326685032546 0.436858 0.047269 0.3511046 1.0
-350.1586737812588 -120.0918670674102 0.33425 -0.126358 0.25929007 1.0
-367.247220280878 -128.82534015284145 -999.0 -999.0 0.2888077 1.0
-291.53592240619105 -102.3884840254755 0.219573 0.078965 0.2171025 1.0
-288.55302599219283 -107.52035423463745 0.073114 -0.06351 0.24112543 1.0
-285.4322811300586 -107.48503487365566 0.1535 0.133012 0.24037011 1.0
-343.4553907814392 -131.01545409684593 -0.333828 0.337627 0.32609046 1.0
-352.91599433850547 -112.85620725468942 0.135057 -0.266384 0.2414395 1.0
-366.8593967366191 -120.82083848160445 -0.147899 -0.215514 0.27638784 1.0
-355.7360123341892 -120.50606100320658 0.290724 -0.17644 0.27485585 1.0
-382.75435216737964 -118.35430360978694 -0.059593 0.256703 0.27008507 1.0
-374.6849659193347 -118.11757256391142 -0.049285 -0.048204 0.2766731 1.0
-285.7887998184066 -90.8853161377636 0.109917 0.299237 0.1980409 1.0
-311.1097245407883 -124.1829136247094 -0.100588 -0.096083 0.22463806 1.0
-332.75466793586946 -133.6422421653407 0.163151 -0.213307 0.24686438 1.0
-300.04558268722235 -121.12685379123737 0.111827 0.263167 0.21989128 1.0
-325.71688466697157 -133.29398268805443 -0.112273 -0.233162 0.2500871 1.0
-314.78538327935854 -115.40722678673588 -0.216141 0.238322 0.21891135 1.0
-380.03187588261767 -139.6841098277067 -0.361312 0.289179 0.2860492 1.0
-421.27003152351415 -156.85057169788337 -0.196902 0.178994 0.34522155 1.0
-363.2492833996174 -135.88853393369467 -0.058382 -0.39194 0.27930686 1.0
-374.5409848532517 -145.1210202535269 0.688062 -0.062855 0.317462 1.0
-427.8350613942611 -173.66997532031633 -0.048676 -0.087887 0.35405597 1.0
-421.3208888319927 -172.68088566367243 -0.099139 -0.009976 0.35375574 1.0
-317.0524113716328 -133.99683193996103 -0.378455 0.090044 0.25124598 1.0
-353.2598709767444 -136.60879606766997 0.313762 0.16234 0.26191476 1.0
-417.842198166144 -165.62304925036125 0.048316 -0.155486 0.35258847 1.0
-319.59312436984936 -130.41815135774578 0.265621 -0.142838 0.25235882 1.0
-308.47182032722475 -128.91569816386314 0.29669 -0.030066 0.25086957 1.0
-296.49172876502774 -124.50975748496106 -0.015255 -0.318056 0.24167933 1.0
-321.12698334958026 -134.65737069930907 0.001634 -0.355638 0.26921427 1.0
-317.67796552171444 -134.33548294062618 -0.115987 0.268948 0.26826125 1.0
-317.5676509969466 -134.78262117347074 -0.482627 -0.040127 0.26842925 1.0
-344.42271698540395 -145.36789692879944 -999.0 -999.0 0.3016113 1.0
-314.6331316712598 -134.54940188145264 -0.147339 0.123785 0.26934946 1.0
-269.6465569196471 -116.8727465084131 0.211288 0.231185 0.23068708 1.0
-221.67185853196764 -98.18043715767261 -0.094132 0.20376 0.18394974 1.0
-433.7137221859155 -164.11939150172557 0.526795 0.232127 0.35129118 1.0
-352.9026527483664 -132.87295676373083 0.195095 0.317966 0.2619213 1.0
-361.24137853625575 -137.14832604829104 0.114178 0.579316 0.27384222 1.0
-279.7871453462363 -107.34779293863946 0.243962 0.057507 0.19937977 1.0
-333.07517281452334 -128.38292829225927 -0.004082 -0.057581 0.2520245 1.0
-347.8559368132397 -132.7917434814671 0.020852 0.176388 0.26680347 1.0
-251.26650928581742 -97.69653158922343 0.130307 0.135299 0.17727344 1.0
-417.2563934555469 -161.92927783637356 0.151538 -0.365861 0.35456902 1.0
-358.24124035290373 -141.38050664798143 -0.1067 0.026499 0.29243702 1.0
-224.04944804931498 -89.99285492467891 0.306961 0.366006 0.16546462 1.0
-212.9065804903882 -92.82369603856544 -0.005256 0.226079 0.17835526 1.0
-221.92011032895732 -87.34061045910308 -0.251945 -0.132733 0.16782178 1.0
-299.0736567665151 -118.44986001302406 -0.211095 -0.39028 0.24739447 1.0
-365.9775584820259 -144.30958412854056 0.239326 -0.02471 0.32983354 1.0
-417.67956566191486 -138.81874084583623 0.175986 0.247838 0.35896862 1.0
-344.0976901493255 -108.50667976017756 0.433878 0.618794 0.25906175 1.0
-310.9198076195959 -105.12761828555053 -999.0 -999.0 0.2480985 1.0
-314.8503504673083 -121.0838565667184 -0.029241 0.009209 0.29217723 1.0
-302.10354760684027 -121.08250274094185 -0.054351 0.206434 0.29383627 1.0
-429.4775349513669 -118.31666448037336 0.178058 0.243156 0.30126175 1.0
-404.5151387842602 -123.59496978799349 -0.255994 -0.176865 0.32156056 1.0
-335.01408282690113 -135.75214135449042 -0.055621 0.184687 0.34329364 1.0
-393.21335971744713 -115.61761288384885 -0.041205 -0.18314 0.30139184 1.0
-286.7878669595578 -85.21364866448738 -0.014817 0.087259 0.19673517 1.0
-435.5075926792294 -122.03133351412106 -0.096091 0.11485 0.31659266 1.0
-392.73511986752527 -119.7006924977087 -0.573088 -0.190731 0.30497938 1.0
-447.2078851781448 -121.837018809267 -999.0 -999.0 0.3181587 1.0
-372.7022974874869 -131.98430481567775 -0.033682 0.20232 0.32819986 1.0
-371.42020776725144 -131.53507925513563 0.007454 0.169353 0.32648802 1.0
-346.1201287565061 -125.28282228487458 0.009057 -0.068127 0.29952827 1.0
-345.0047546457873 -124.33539374890803 0.011642 0.058947 0.30094153 1.0
-382.2515517451853 -129.24223620406218 -0.20349 -0.366472 0.32815233 1.0
-338.21599994653417 -118.16235534720354 -0.215597 0.039382 0.30414078 1.0
-390.66269388973495 -121.79212535480045 0.052829 0.014116 0.3054281 1.0
-345.88887062610655 -109.0011069908142 -0.187318 -0.195867 0.2607973 1.0
-383.8994931680283 -125.04439190000168 0.011466 0.079531 0.32656562 1.0
-293.92410120028404 -112.08328263166565 0.338189 0.434526 0.2612737 1.0
-374.14578254709215 -131.10843164270668 0.136353 0.140988 0.32645535 1.0
-287.9679189869937 -103.33376168376259 -0.154192 -0.068265 0.24219337 1.0
-386.79341740866624 -124.19478675059149 0.063976 -0.697641 0.30400828 1.0
-372.96972359882506 -128.27303008535796 0.076646 -0.110074 0.35112152 1.0
-377.1839636454794 -129.0621203895933 -0.263131 0.236854 0.3593568 1.0
-359.40579197614767 -83.9881027374025 0.17355 -0.227163 0.25396907 1.0
-444.4497243388052 -100.58367842382617 -999.0 -999.0 0.3207275 1.0
-458.29676997497126 -96.15824147746336 -0.074734 -0.036737 0.34054118 1.0
-421.7054467206339 -89.0214977540719 -0.049875 0.173997 0.30587977 1.0
-428.2618281224191 -89.42235158909695 0.13071 -0.228067 0.312739 1.0
-299.0914063595151 -62.65442260916463 -999.0 -999.0 0.19482982 1.0
-450.5651224368343 -94.325502162999 -0.234523 0.534986 0.34136894 1.0
-408.17172091941035 -85.29717017908317 -999.0 -999.0 0.31335855 1.0
-242.91693904152868 -51.94230762336388 0.04057 -0.046111 0.16011477 1.0
-378.2002424598094 -79.28751846109613 -999.0 -999.0 0.29489216 1.0
-282.93330578991896 -56.08420074266685 0.140161 -0.019193 0.18748933 1.0
-437.71960030486497 -82.63406943774291 0.567547 0.081621 0.314682 1.0
-470.32355080803507 -106.89289461872482 -0.297647 -0.03523 0.3492125 1.0
-425.6210353645639 -96.84512140823688 -0.076982 0.017411 0.30499431 1.0
-378.3897572188303 -86.27486881803961 -0.002454 -0.09814 0.27387363 1.0
-380.5732143758785 -87.59768032541997 0.294349 -0.190881 0.28008142 1.0
-356.6256228240122 -81.25297404821059 -0.120449 0.314907 0.2557716 1.0
-439.100054012268 -94.95068830673843 0.115352 0.342192 0.31868052 1.0
-439.8198005688755 -95.13418431951202 -0.050649 0.341819 0.31961626 1.0
-425.5060145883728 -93.69237905351241 0.43229 0.527902 0.3094001 1.0
-431.8603316191714 -89.34626752802188 0.232067 0.430271 0.31400332 1.0
-345.69446067024114 -63.17859090188866 -0.26351 -0.058658 0.23598728 1.0
-379.4874277608884 -87.14638485452348 0.261103 0.515143 0.30435893 1.0
-399.8803561656074 -117.53038196415767 0.024145 -0.588556 0.2926342 1.0
-397.65615076927895 -119.18532044253146 -999.0 -999.0 0.32512653 1.0
-351.1551182612227 -108.58613590595434 -0.118874 0.336621 0.29234862 1.0
-352.41075329016564 -109.91549095675322 0.192287 0.606189 0.31188598 1.0
-251.06460347851743 -80.20290654711437 -0.135663 0.110518 0.20939973 1.0
-446.21809691055955 -124.98267954798953 -0.030444 -0.197681 0.3443507 1.0
-325.31046991541837 -95.02254054515032 0.263132 0.040292 0.25195542 1.0
-363.6060423044879 -106.30020752255979 -999.0 -999.0 0.30917737 1.0
-398.06246850667 -108.31823811496972 0.024236 -0.231878 0.30676237 1.0
-387.60722598728137 -105.5588712136551 -0.172664 -0.04655 0.29582685 1.0
-262.8460456300589 -73.10442759123696 0.106734 -0.150991 0.19842567 1.0
-398.4395205369445 -102.53623979005667 0.163363 0.281032 0.3087451 1.0
-388.45839668286675 -101.78819685735083 0.070379 -0.392686 0.3109932 1.0
-475.0375108673563 -116.15874013772455 -0.18307 -0.206847 0.35652113 1.0
-431.54908025524674 -104.42106463465525 -999.0 -999.0 0.31425905 1.0
-372.39945400648975 -92.21209258469418 0.097667 -0.087463 0.28431764 1.0
-353.9296684632349 -87.7860208799899 -0.065077 -0.053814 0.2863944 1.0
-318.0494748661816 -79.01800126361987 0.297761 -0.085662 0.24867351 1.0
-373.20391309522716 -94.26745314001548 0.255985 -0.145317 0.33647054 1.0
-375.3490582158814 -109.64798509139132 0.180302 0.440793 0.2861524 1.0
-401.09613134075147 -110.94684130109054 -0.212708 -0.02266 0.30474895 1.0
-364.46701378960904 -107.47087240587634 -0.308666 -0.038634 0.3278794 1.0
-437.6389850832587 -109.62520648026671 0.33334 0.024477 0.35990235 1.0
-358.4772136420023 -89.9997726730046 0.383526 -0.087729 0.3261929 1.0
-384.2890356682741 -123.14386994163272 -0.065171 0.001079 0.3178697 1.0
-350.8014583592977 -118.31266578482285 0.190306 0.722323 0.3057013 1.0
-322.46945658716527 -102.01968781858946 0.116068 -0.378116 0.2516755 1.0
-433.73979320207354 -101.76053572716323 -0.156524 -0.112693 0.30889195 1.0
-419.26984054358195 -98.34851236912922 -0.412658 -0.14689 0.29719943 1.0
-419.1183722244054 -99.18951575134784 -0.123916 0.260797 0.2978497 1.0
-421.69389737912627 -99.1662311016898 0.239833 -0.08563 0.3002268 1.0
-447.77942228027854 -105.40181595908507 0.17938 0.054171 0.32849205 1.0
-364.7749027754272 -85.23338396362446 0.141849 0.03574 0.24793804 1.0
-409.88037979201 -97.66851675270891 0.078362 -0.318729 0.29226148 1.0
-267.65535755210965 -63.312764397194506 -0.19193 -0.365369 0.16747703 1.0
-359.6661845672345 -85.21515994180164 -0.140506 -0.213048 0.2550697 1.0
-354.062670574653 -83.96460606585025 -0.1841 -0.110607 0.2501166 1.0
-284.5724527692884 -68.24347060206082 -0.427782 0.053724 0.20771612 1.0
-400.28793599379276 -95.36084661012009 -0.171775 -0.042515 0.33897898 1.0
-233.40543551955392 -56.446249012181106 0.08727 -0.200046 0.1663635 1.0
-251.16407576649542 -60.56437205184783 -0.003935 -0.000484 0.18367606 1.0
-276.5154237624268 -65.81556841993905 -0.069996 0.078452 0.21288767 1.0
-258.321640673752 -63.076786652274826 0.149093 0.179893 0.20229249 1.0
-241.86621668901122 -58.32073214313964 0.462745 0.239379 0.18829559 1.0
-467.08465409525746 -103.78463805714964 0.112092 0.18404 0.34138268 1.0
-430.8807513707632 -95.84796103871395 0.114356 0.038022 0.32051075 1.0
-325.4757898993246 -72.93788711691433 -0.469578 -0.077138 0.21965145 1.0
-378.74938394098047 -84.26649087802319 -0.325892 0.085023 0.27201235 1.0
-408.953575490451 -92.256418954608 -999.0 -999.0 0.3141381 1.0
-401.6239508295874 -90.10792583439545 -0.077464 0.276797 0.3143555 1.0
-397.6735557728092 -89.43806563217333 -0.215021 0.052254 0.31435457 1.0
-428.936357663398 -96.30880660068476 0.172742 -0.112415 0.35824087 1.0
-295.08309415954676 -66.03414993787571 -0.381011 -0.181632 0.21243607 1.0
-287.935925787851 -64.91527671985286 0.011267 0.006617 0.23450455 1.0
-466.35408869143225 -99.16082431937319 -0.038048 0.35542 0.342781 1.0
-464.93113247141474 -98.0361004819461 0.086971 0.12808 0.34173003 1.0
-467.86156652091273 -97.85557784304396 0.247501 -0.123633 0.34643003 1.0
-331.4146954265314 -69.95024139460494 -0.039735 -0.148208 0.21615796 1.0
-458.0923119856999 -96.41916365370956 0.078261 0.106038 0.3385009 1.0
-431.9032643943839 -90.36481690998589 0.168106 0.169021 0.31600702 1.0
-430.1101669342028 -91.05879540031655 0.04349 -0.104862 0.3147027 1.0
-428.02836352174785 -90.4066402362531 -0.14204 0.195782 0.31243062 1.0
-422.6966325265035 -89.32531500686817 0.053414 -0.34517 0.30701402 1.0
-294.06506657742455 -62.85220409004858 0.145308 0.24469 0.18975943 1.0
-294.6877206539329 -62.761464653843525 0.341832 -0.148313 0.19033556 1.0
-301.71868808112004 -63.592923779612356 0.032515 0.022416 0.19706447 1.0
-300.7388844219401 -64.30902080968987 -0.141598 -0.48525 0.1967614 1.0
-421.5110436476072 -88.48217805617857 -999.0 -999.0 0.30934525 1.0
-461.3750037774741 -96.69093712901336 -0.065341 -0.031785 0.35959944 1.0
-446.80361359009925 -93.12839545552191 -0.068081 0.328169 0.34284022 1.0
-443.8952729345636 -93.96613278770461 0.211695 0.14956 0.3576318 1.0
-271.9367732327261 -56.58557939425718 -0.333139 0.021917 0.18868671 1.0
-265.2313342039978 -56.516795587823836 0.057119 -0.112171 0.18738319 1.0
-265.18702072511024 -55.81877034165932 0.155737 0.30211 0.18719995 1.0
-447.5862298949709 -88.81918201876877 -0.439205 -0.070682 0.32608247 1.0
-432.2465327048148 -84.8393895842015 0.198793 0.102543 0.31267112 1.0
-302.1714340732089 -59.977625255231494 -0.055149 0.324657 0.19424523 1.0
-374.0885656393689 -73.39343839779274 0.146843 -0.191728 0.2574064 1.0
-286.1478705369384 -56.71711651045951 -0.094883 -0.439979 0.19019538 1.0
-372.43640891701824 -69.15036706854079 0.163378 -0.064241 0.2505099 1.0
-431.46896535205434 -81.54206084059692 0.386202 -0.210238 0.31096545 1.0
-424.9829455725609 -80.50707105180999 0.046246 0.503611 0.3075938 1.0
-334.5380375778768 -76.01433845381024 -0.129953 0.042905 0.21586742 1.0
-444.88823483618773 -101.31716565449062 0.600972 0.271699 0.3200371 1.0
-326.4370169873257 -74.2817038034862 0.111792 -0.040008 0.2109695 1.0
-397.4059227996863 -91.04053220441277 0.14548 -0.096761 0.27714428 1.0
-431.7367526920623 -97.99415712121287 -0.043757 0.323011 0.31352037 1.0
-439.88890376038984 -95.55125404423556 -0.105269 0.103962 0.32046822 1.0
-457.39856974434963 -100.79834987453384 -0.158197 0.276344 0.34138963 1.0
-427.64416817415173 -93.40234815410068 -0.300271 0.078568 0.30854484 1.0
-432.488822005949 -94.14717229551927 -0.301896 -0.110301 0.31358466 1.0
-426.02894886680315 -92.73690145917801 -0.113968 0.182223 0.30811867 1.0
-364.10751043230397 -79.85657602221916 0.106873 0.074054 0.2542555 1.0
-332.62230258978593 -68.89617243518454 0.141272 -0.020839 0.21365269 1.0
-327.36384505935195 -67.7550753668103 -0.187823 0.075532 0.20977323 1.0
-447.0883502664037 -90.85679140380269 0.013759 0.201086 0.3377365 1.0
-374.638904118854 -72.12808366156439 -0.034656 0.171115 0.25895977 1.0
-373.38946810345624 -72.68627160529958 0.253594 -0.19158 0.25745773 1.0
-442.68783317501044 -84.95169287900602 0.005211 0.094929 0.33405998 1.0
-290.071216031772 -56.12772236837355 -0.147916 0.119029 0.18956673 1.0
-286.6721529920189 -55.86718769386504 0.625662 -0.045492 0.18782012 1.0
-289.8744625370771 -55.00830364867711 0.145335 -0.118667 0.19020052 1.0
-348.13408369149795 -66.70788322999152 0.117623 0.24782 0.24173667 1.0
-438.83830955943944 -79.60218840136565 0.067958 0.160497 0.31508288 1.0
-291.9475349181962 -52.96654981226117 0.3819 0.108668 0.19019741 1.0
-431.58723824961504 -98.54228911404701 -0.272874 -0.012227 0.35939273 1.0
-304.0525599390494 -71.48622621324903 0.315303 -0.058116 0.2417523 1.0
-260.55809267390885 -61.17068521883838 -0.3241 0.0054 0.20775118 1.0
-362.7886866145147 -84.42886854433361 -0.294782 0.076961 0.3279912 1.0
-306.132960621223 -72.06004070014436 0.02926 0.292893 0.2629937 1.0
-403.33151018466543 -88.12161293414307 -0.015637 0.037263 0.31698135 1.0
-269.3824886776365 -59.52085962428621 0.104725 0.202513 0.1874021 1.0
-323.5180110247637 -70.5062830960538 -0.17166 -0.169778 0.2428646 1.0
-408.03522414859 -84.26803047028936 -999.0 -999.0 0.3263344 1.0
-324.01678460636447 -67.21298131901236 -999.0 -999.0 0.24244764 1.0
-371.3491558082318 -114.20171269558568 -0.0978 -0.118497 0.3085228 1.0
-366.18997314260616 -112.6582052393892 -0.074029 -0.27444 0.30796638 1.0
-372.60964637997273 -118.06157457941391 0.052886 0.062834 0.34609443 1.0
-199.25100236019935 -64.9488093936212 -999.0 -999.0 0.16188814 1.0
-399.1338793187391 -111.09461710668835 0.096518 0.217175 0.28650448 1.0
-401.11491779730596 -113.81697975013897 0.164943 -0.32093 0.29867405 1.0
-409.66074918524953 -114.67717351829747 -0.098364 -0.012571 0.31426498 1.0
-399.27907519554986 -112.99931195235736 -0.424724 0.207372 0.3047428 1.0
-302.0116690680527 -85.77847414087377 -0.121121 -0.397137 0.21066138 1.0
-374.22237917546346 -106.30044653346717 -0.185683 -0.207025 0.29155484 1.0
-326.17604314173343 -95.27812270231348 0.045145 -0.508403 0.25017807 1.0
-323.35733439776106 -94.56112536285767 -0.256449 -0.402933 0.2500252 1.0
-391.0846702475317 -112.33164119539306 0.114282 -0.269515 0.3290424 1.0
-313.6710241353731 -91.56651470894613 0.114084 0.264922 0.24804069 1.0
-380.2898483450905 -110.56289589194328 -0.017424 0.187979 0.32914147 1.0
-364.5636719127614 -107.61247854406355 0.016885 -0.038075 0.32819012 1.0
-210.74733681802206 -64.57653551082728 -0.361436 -0.000257 0.1672807 1.0
-212.92718794955218 -65.3136248726509 -999.0 -999.0 0.169503 1.0
-340.3841953915958 -102.99076992485324 -0.195677 -0.59501 0.3154041 1.0
-352.2219391286464 -107.84901492374425 0.193921 0.064138 0.33640063 1.0
-407.4959793800089 -108.19437909830837 0.291594 -0.102826 0.29388937 1.0
-259.7958943661677 -69.03698737349228 -0.339648 -0.14812 0.16515829 1.0
-419.95002018269355 -111.68029294823708 0.194358 -0.271058 0.31217995 1.0
-418.4572572730611 -111.28912628199085 0.122509 0.120499 0.31242725 1.0
-256.79056539091704 -68.83500067658882 0.389373 -0.051261 0.16520534 1.0
-407.83679760044856 -110.63050951965555 0.002551 -0.03723 0.30915666 1.0
-407.95469299557584 -110.11426032369506 -0.014881 0.099244 0.3090562 1.0
-404.7167113433751 -108.80360391773856 -0.053131 -0.246323 0.30569294 1.0
-406.1757669623417 -110.43380567169538 0.413623 -0.030807 0.30845004 1.0
-334.51527150788297 -91.76337351670341 -0.413111 -0.183188 0.24728931 1.0
-415.8067071454711 -114.96074216830179 -999.0 -999.0 0.34929678 1.0
-259.6033047733383 -72.23385453470391 0.116132 -0.150199 0.20012164 1.0
-265.3649651175196 -67.61721143209748 -0.115093 -0.150495 0.16075124 1.0
-266.0971286040558 -67.41968684822967 -0.089254 0.361653 0.16221571 1.0
-306.40129090644314 -77.484985002255 -999.0 -999.0 0.1981743 1.0
-297.2725350607209 -75.31209642715996 -0.015338 -0.133997 0.19579631 1.0
-326.5069154933119 -84.19668221646076 -0.247506 0.160322 0.22153309 1.0
-333.60360832755765 -86.35700200523772 -0.003872 0.09617 0.22969767 1.0
-403.96889820832496 -102.82404950223382 -0.043557 -0.354337 0.3060614 1.0
-399.95190854669255 -102.61480852494911 0.58424 -0.085629 0.30208337 1.0
-344.19083841122955 -88.34037421370147 0.326193 0.103027 0.25146192 1.0
-391.9498258571259 -100.92893653441077 -0.198162 0.077898 0.31243315 1.0
-227.55907094318542 -60.979371310670004 -0.209575 -0.143101 0.16732602 1.0
-310.4321063920862 -85.1348962796671 0.159264 0.223196 0.26649556 1.0
-312.32703780640355 -75.2511224497955 0.211087 0.315818 0.20045468 1.0
-437.9339835345546 -105.79318874132512 0.088286 0.319462 0.3158371 1.0
-421.46715817388775 -101.78268677240777 0.257596 -0.051608 0.30098796 1.0
-471.4130818662917 -113.77695499174115 -0.437682 0.142988 0.35985148 1.0
-294.85094442265944 -72.1910803864467 -0.015816 -0.066751 0.19548194 1.0
-294.37783660586126 -71.98295290601716 0.047911 -0.206959 0.195252 1.0
-410.9782372508032 -99.54199597737646 -0.012115 -0.392316 0.3080466 1.0
-428.99753103255784 -104.15778782598288 -999.0 -999.0 0.34417766 1.0
-269.54504676157455 -66.63277778697739 0.022243 0.245916 0.20055631 1.0
-286.26236685883 -73.83819199527933 0.017092 0.237939 0.23662297 1.0
-325.6688256671677 -99.9326908245509 -0.320763 0.16415 0.24727456 1.0
-315.6628551688944 -99.8659332881989 -0.028123 -0.035927 0.24852209 1.0
-341.8227756643799 -110.55758963949688 0.15031 -0.196514 0.3068226 1.0
-377.5560961740276 -122.70225420759766 -0.351508 -0.161297 0.35696036 1.0
-205.91944600483632 -67.51222175510445 -0.134595 0.202639 0.16744381 1.0
-456.8955483678006 -130.53785176183618 0.184285 0.167086 0.35377157 1.0
-447.9738796625319 -129.51058906508936 -0.031521 0.207712 0.35564137 1.0
-415.0443072730911 -119.65490493736115 0.098277 -0.077193 0.3182285 1.0
-416.0402064133105 -122.47987368164641 -999.0 -999.0 0.3471767 1.0
-267.5992490082876 -79.17113415032438 -0.027129 0.211347 0.19094871 1.0
-271.9500810734115 -80.9253553818983 -0.286653 0.10818 0.19938785 1.0
-316.9515273019145 -94.93716441750728 -0.034588 -0.035798 0.24935682 1.0
-384.0010855916302 -114.21912770989441 -0.287507 0.04253 0.3253465 1.0
-400.63758576349846 -119.3390948584559 -0.106054 0.390562 0.35002288 1.0
-245.92117346103356 -73.61404833537917 0.008024 -0.003319 0.18303406 1.0
-211.114595712951 -65.1479716188073 -0.342842 -0.429426 0.16722217 1.0
-415.0234202550927 -113.52988766253556 -0.16016 -0.019481 0.30735973 1.0
-284.455065141666 -78.28787557493439 0.077732 0.245383 0.18910843 1.0
-405.3440930135623 -113.06810365660056 -0.31588 0.356202 0.3141114 1.0
-356.3781841333117 -99.24999317087284 0.033364 -0.024941 0.2777199 1.0
-330.3722139189595 -94.15557036719544 -0.218245 -0.077627 0.2527526 1.0
-246.137134060613 -71.05533368323398 -999.0 -999.0 0.18283375 1.0
-284.51963797845247 -84.77655335078214 -999.0 -999.0 0.24086596 1.0
-467.6571232796476 -122.1500541406375 -999.0 -999.0 0.3523623 1.0
-296.6197203893273 -76.39304801657687 -0.018172 -0.130502 0.18844134 1.0
-355.3373646957363 -92.63885704007892 -0.012904 -0.269453 0.24011137 1.0
-325.2949753512737 -85.09340579567979 0.039623 0.077076 0.21854351 1.0
-416.07732542053327 -110.17909607538398 0.295479 0.047901 0.3091342 1.0
-417.86657817715064 -110.91692813591717 0.22817 0.053978 0.31315014 1.0
-286.0015321763286 -75.55282442011476 0.249894 0.095316 0.19778877 1.0
-387.03262255755124 -103.16006618438865 -0.242747 -0.298115 0.31102508 1.0
-301.8590146225612 -83.14291203263511 -0.1554 -0.035335 0.2435869 1.0
-371.8577982306698 -103.409326079422 -999.0 -999.0 0.3397585 1.0
-280.4884679606439 -79.82766499274935 0.351586 -0.061582 0.23831137 1.0
-474.4375062604837 -117.32996723981607 -0.027717 -0.023716 0.35585317 1.0
-433.65896290397086 -108.08843219201432 -0.004257 0.123048 0.32156125 1.0
-369.8787189541842 -91.70500445434415 0.015404 -0.016546 0.2649254 1.0
-405.97724038450417 -101.27525247368132 0.130756 -0.102442 0.3020311 1.0
-401.9656520381763 -101.97481646928497 -0.337177 0.275604 0.3015902 1.0
-400.0025717156373 -101.48203746556219 -0.15315 0.15905 0.30268648 1.0
-292.1428092053108 -73.42348064193548 0.169019 0.063874 0.2102272 1.0
-311.71308661146935 -79.10718512252524 0.155225 0.093478 0.22943251 1.0
-388.95024355149013 -98.9196909286172 0.095472 0.125913 0.3156062 1.0
-285.78011859746056 -72.52722478213445 -0.091702 -0.274431 0.20902248 1.0
-272.93128693880993 -70.52139886719736 0.04761 0.106455 0.20580813 1.0
-366.99033711613055 -87.72051294646728 0.111767 -0.129486 0.24789514 1.0
-314.64975357908264 -78.79843373543271 0.161332 -0.201488 0.26924577 1.0
-365.57163305335297 -91.3538547118218 0.013518 -0.205535 0.33628738 1.0
-220.27030063624346 -79.85167650052028 0.004523 -0.259082 0.18340038 1.0
-384.0003114038434 -122.93247120483674 -0.401208 0.617919 0.317365 1.0
-413.11008395225997 -131.82657029596191 0.24411 -0.37264 0.35509837 1.0
-299.9426512589932 -99.91105516890285 -0.006566 0.640163 0.24669771 1.0
-350.49665436186456 -116.87688479870357 -0.160649 -0.28137 0.3204559 1.0
-273.1978958232349 -92.46605824448747 -999.0 -999.0 0.232015 1.0
-325.84057764663993 -127.73631520316513 -0.278113 -0.131682 0.32042232 1.0
-223.71205827872458 -87.83396526138827 0.036712 -0.337828 0.19534959 1.0
-335.0305747994197 -108.68392040613158 0.361787 -0.045419 0.256837 1.0
-394.8761627740433 -126.91172237265125 -0.177569 -0.068647 0.3248838 1.0
-293.8510614330458 -99.71429377031093 0.344974 0.50595 0.23841022 1.0
-349.7334906481875 -118.1800956641435 0.029892 0.246944 0.30287102 1.0
-341.6927134353396 -122.52090136736734 0.053264 -0.20238 0.3398905 1.0
-387.9336913706012 -121.88829827198356 -0.258822 -0.541806 0.31645837 1.0
-232.5381849586509 -74.76026927419443 0.019986 -0.392422 0.17538033 1.0
-240.93707061005145 -78.64999542204005 -0.876763 0.162407 0.18569827 1.0
-243.39266503491712 -78.80455943240958 -0.054033 0.027096 0.1885639 1.0
-351.69475452482556 -114.3764100452303 0.078379 -0.201944 0.31264707 1.0
-234.5290002629878 -76.2250815604164 0.111281 0.097373 0.1822 1.0
-297.4551582480931 -96.86183635020997 -0.233524 0.071247 0.24913101 1.0
-222.85096020404814 -75.49841949346354 -0.413751 0.239821 0.18671517 1.0
-388.83037036685226 -86.86522748100803 0.035546 0.208442 0.33466765 1.0
-388.11514043055365 -79.63212205760249 -999.0 -999.0 0.31939423 1.0
-377.9051083667822 -77.72220217499367 0.094799 -0.135723 0.31841025 1.0
-360.3755621633591 -79.93325952372473 -0.462614 0.334215 0.3250212 1.0
-386.8230152251466 -70.42649053081891 -0.016299 -0.111258 0.29292 1.0
-436.0201628905873 -80.9198690458339 0.211024 -0.22316 0.35332322 1.0
-414.51925997083345 -77.58269323644136 0.215341 -0.169711 0.31003743 1.0
-389.0170414436168 -90.48369633102577 0.343939 0.323402 0.33692834 1.0
-360.8768313068996 -79.90330152706017 0.376029 -0.410242 0.32455984 1.0
-441.7764674437374 -85.11347143473003 -0.478417 -0.011857 0.354662 1.0
-303.5489202549397 -51.45301430724819 0.306147 0.186321 0.18920776 1.0
-377.36300403669327 -79.71108605589475 -0.09381 -0.136101 0.3217493 1.0
-249.42636846903275 -53.46561569353438 -999.0 -999.0 0.1864185 1.0
-294.5973503970954 -63.176466160500205 -999.0 -999.0 0.23367865 1.0
-327.0923293142613 -64.78276274812649 -0.12843 0.1087 0.24194606 1.0
-301.4113423818873 -58.88580024510906 -0.197349 0.277329 0.21783254 1.0
-303.07011213576004 -59.70236392251714 -0.131915 -0.419232 0.21991648 1.0
-287.01060145124666 -52.77789760019925 -0.079962 0.047019 0.19281693 1.0
-414.66603323851047 -76.66687007521116 -0.007633 0.11066 0.3199709 1.0
-416.6833310077113 -76.49531729240849 -0.120568 -0.05543 0.3201092 1.0
-329.6046359229267 -60.587307395230226 0.13624 -0.661136 0.23242694 1.0
-420.5143937205281 -76.96525667746921 0.248247 0.171519 0.32670638 1.0
-410.40263436793356 -77.07345286365444 -999.0 -999.0 0.32187736 1.0
-389.76568484844665 -72.03087039891318 -0.139714 0.12144 0.3198902 1.0
-452.73338300266636 -78.76853932361335 0.263931 -0.140995 0.33790207 1.0
-447.94183659168743 -78.29853287553634 0.015062 0.051205 0.33709446 1.0
-450.5853144804941 -79.82569612999168 -0.5008 0.496486 0.3398794 1.0
-397.1467889388608 -87.9366258652396 -0.224256 0.228901 0.3374321 1.0
-410.8905910462003 -83.03421900355472 -0.071424 -0.02859 0.3213257 1.0
-364.1484445218983 -76.38500341468139 -999.0 -999.0 0.3289207 1.0
-337.9947348403217 -65.53303816783848 -0.024013 0.098623 0.2436987 1.0
-403.6289012330422 -78.01938661688702 -999.0 -999.0 0.32237148 1.0
-401.1773288590827 -77.57100601548535 -999.0 -999.0 0.32054168 1.0
-370.81443562403433 -70.50361531507191 0.092614 0.19815 0.29379675 1.0
-284.4581070997362 -53.903098355131995 0.100769 -0.011519 0.20752384 1.0
-419.57630281363805 -76.41902812790534 0.183889 0.25745 0.31796232 1.0
-354.73319289208973 -63.90961122357189 0.043142 -0.142226 0.25889146 1.0
-411.7881073757978 -68.94015580234999 0.306962 -0.156063 0.323446 1.0
-426.7720436939383 -72.39319249245587 -0.099844 -0.510007 0.30991748 1.0
-345.6154393127352 -63.43037370012529 -0.131061 0.042957 0.25538138 1.0
-251.2153868337015 -46.61084599199032 -999.0 -999.0 0.19246146 1.0
-379.2009383823404 -63.549430651929825 -0.275211 0.157631 0.3213361 1.0
-365.165850420841 -74.66919046697024 0.165693 0.252665 0.32812512 1.0
-369.89903485969353 -64.34654168481052 -0.323413 -0.264459 0.2997296 1.0
-331.22827511999105 -58.041208620713675 0.083156 0.4042 0.27126023 1.0
-379.22704925315793 -62.2649639655646 0.081719 -0.095942 0.32046443 1.0
-456.8086481095738 -73.64670556086936 -0.094315 0.472451 0.3364941 1.0
-280.48361661481385 -45.59090139384213 0.25228 -0.082951 0.18759762 1.0
-308.48384944132954 -60.10372068090304 -0.269486 0.011485 0.24613547 1.0
-267.1380457810025 -53.45696909261009 -0.119149 0.003797 0.21095055 1.0
-387.62896650104034 -70.9312490029206 -0.088098 0.046287 0.32048532 1.0
-384.77199694575387 -69.96863274456402 -0.152265 -0.145118 0.31960145 1.0
-275.02698585921263 -50.34265084614294 -0.29597 -0.181816 0.20832871 1.0
-382.27234525447074 -69.60781516665789 0.084761 -0.116653 0.32971302 1.0
-245.6194012528043 -42.51415159600828 0.019925 0.048559 0.16203308 1.0
-338.83035247611014 -57.43685324025693 -0.152812 0.056147 0.24352933 1.0
-320.72975856292186 -53.87968899585728 -0.125192 0.1421 0.23719537 1.0
-406.08296386228307 -69.17818525987775 0.028435 -0.303132 0.3324838 1.0
-369.28384188163324 -63.924618049783184 -0.226593 -0.035257 0.3004325 1.0
-300.9104683663141 -62.5226003266972 -999.0 -999.0 0.23680794 1.0
-374.820327114974 -71.97531321088455 -999.0 -999.0 0.32204363 1.0
-367.19184683011724 -70.93451610672433 -0.255754 0.026307 0.32872668 1.0
-324.0709208472679 -56.57041002054621 0.353345 -0.2404 0.24044691 1.0
-392.82746424836097 -69.54392324517467 0.063515 0.031964 0.32535666 1.0
-377.12665467793283 -67.42853042859349 0.009765 0.242595 0.32041 1.0
-304.07269461132825 -54.802799609668504 0.245103 0.09891 0.24670567 1.0
-293.1616958540537 -50.82774156504288 -0.100243 0.149418 0.2348724 1.0
