X Y e1 e2 Z WEIGHT_SEEING
736.9473846636346 -123.91449099538104 0.246475 0.215501 0.29714838 1.0
795.8186519423084 -150.94837711241547 0.368143 0.046744 0.31391445 1.0
806.5147880261843 -122.41579980325888 -0.326874 0.254552 0.34574336 1.0
745.1263609514833 -117.06571421749528 -0.17156 -0.062467 0.30311832 1.0
516.373265707878 -88.26451652214945 -0.039074 -0.341934 0.17967261 1.0
740.124935436816 -130.38860537571338 -0.200994 0.131121 0.2864855 1.0
656.3610320103793 -115.07235356932301 -0.017726 -0.156998 0.24197315 1.0
535.0277018661959 -98.60431688315087 0.431378 0.397631 0.18352103 1.0
761.9207002870339 -138.41063636411343 0.058839 0.184332 0.29264447 1.0
642.230310367975 -116.82487753094443 -0.163521 0.007415 0.2315682 1.0
593.9450303919033 -102.8156636138038 0.086675 0.331187 0.20919932 1.0
711.2060000078172 -99.41229359929277 0.17767 -0.203989 0.28149202 1.0
574.642839852635 -81.55093382628444 -0.264727 0.042446 0.21001606 1.0
830.6161446422175 -120.29498173802435 -0.203087 -0.557113 0.3488291 1.0
788.0949359911973 -114.16906847157875 -0.057495 0.019002 0.32043552 1.0
531.5086709984295 -73.85887355868256 0.355674 0.460035 0.18836783 1.0
683.4966970077429 -105.24673482721853 -0.254097 0.377641 0.29961348 1.0
686.6840115787536 -132.52749494071927 -0.08819 -0.375842 0.2619141 1.0
519.3849003593375 -104.3143604246316 -0.034247 -0.234343 0.17832512 1.0
670.685532541919 -129.41253581535145 -0.020494 0.182534 0.24651645 1.0
797.5862776933402 -148.5878051839693 -0.056675 -0.059354 0.3121255 1.0
828.3475674917934 -121.54905991020007 -0.647301 -0.023482 0.3493432 1.0
738.672862271157 -110.91937266171593 0.162493 0.054075 0.29231656 1.0
774.6699783866826 -117.05145975045072 0.258854 -0.438432 0.31324142 1.0
786.6550971098133 -128.83674533251462 -0.231717 0.126027 0.33305234 1.0
832.8489546000146 -137.13842304200315 0.206636 -0.339033 0.3525884 1.0
690.572114549161 -117.11745990093769 -0.20414 0.109691 0.26515645 1.0
819.9547788103827 -148.0837556768932 -0.078395 -0.035881 0.33264455 1.0
750.9096816933024 -111.86613773028856 0.179121 0.022512 0.30854422 1.0
759.5840470740059 -138.84482775671174 -0.28951 0.116165 0.3220274 1.0
814.5097281533353 -153.03398671267166 -0.013362 0.113557 0.35460812 1.0
757.7377367305883 -116.9775520105683 -0.301084 -0.501699 0.34333447 1.0
606.1765388269918 -101.20914633701537 -0.011362 0.128504 0.23911092 1.0
816.8011435616311 -160.9321412396294 -0.126657 0.536129 0.32428372 1.0
571.3621385458912 -92.40956418345779 -0.03122 0.411387 0.21402432 1.0
774.9945425251909 -113.00965929692597 -0.038468 0.267555 0.3320678 1.0
646.0238166715981 -117.19060562615577 -0.403576 -0.123491 0.2657989 1.0
684.1901782099155 -128.71466167159252 0.06257 -0.008348 0.2944022 1.0
727.172907145276 -127.63712050249336 0.123314 0.141279 0.32399604 1.0
759.3622977196208 -157.81188497563517 0.167684 0.288442 0.3177312 1.0
757.6724759283824 -152.12346044528755 -0.177308 0.378954 0.31382638 1.0
803.8434966696996 -139.84060285838805 0.369261 0.047078 0.3555531 1.0
766.8909506443376 -136.09237702572383 0.153991 0.029253 0.32665187 1.0
575.6689465564182 -95.94998882812831 -0.126149 -0.027232 0.21978955 1.0
645.6047350614133 -144.27460554157628 -0.051025 -0.088627 0.2659008 1.0
623.1294912361412 -151.2952179689578 0.008486 -0.086323 0.23531961 1.0
730.1198720808014 -142.13773317049697 0.043855 0.0652 0.33399832 1.0
728.5098575691857 -136.5712659130392 0.062758 -0.287363 0.33450198 1.0
759.1847279690176 -143.29424359366087 0.085897 -0.182666 0.3537987 1.0
501.07663928201106 -94.90466806423912 0.123334 0.150239 0.19667912 1.0
694.9327931751549 -132.82218606398322 -0.235703 -0.091637 0.3037655 1.0
765.8672539758427 -140.3693713169796 0.505682 -0.439396 0.35187903 1.0
648.9929933392581 -124.61770870530793 -0.208894 0.349352 0.26700205 1.0
775.145934356483 -185.11745830655133 0.015513 -0.07673 0.32846323 1.0
736.9145107121566 -164.29994534264992 -0.241819 -0.0045 0.3044066 1.0
700.7096826712806 -131.69172875978316 -0.264878 -0.128598 0.31960425 1.0
693.8264230535883 -135.56207591869173 0.131256 0.051102 0.3029663 1.0
723.75737237032 -147.75271911323196 -0.146187 -0.080829 0.31329304 1.0
777.970970571809 -170.10504177962574 -0.160785 -0.251778 0.32131755 1.0
797.5978764817637 -159.1570896220432 0.163053 0.060861 0.35304996 1.0
733.9881702885476 -175.54109751514045 -0.011962 -0.273725 0.3465796 1.0
672.8330932717324 -164.4552931763791 -0.160787 -0.189179 0.29260907 1.0
661.2102909556311 -166.78719581235444 -0.055643 0.121098 0.26227117 1.0
784.57998167683 -199.6109731532229 0.350667 -0.037414 0.32777175 1.0
662.3849427642812 -148.32654492042246 0.11275 -0.435087 0.2972429 1.0
773.8089924883079 -180.81277087285457 0.412047 0.239925 0.35154843 1.0
740.6073517746426 -159.17470134588044 -0.314131 -0.205863 0.3485505 1.0
694.2997401786234 -149.463129173291 0.148552 -0.323513 0.31589702 1.0
692.149625566061 -149.81938326523016 -0.149142 -0.255361 0.3146131 1.0
728.2481394237577 -164.7999301563791 -0.451831 0.423517 0.3178815 1.0
694.194332294195 -159.5926679701038 0.056728 0.257227 0.2881793 1.0
780.2057589757068 -187.10828441297588 0.096965 -0.057341 0.32475492 1.0
757.4718961272648 -156.10879722850106 -0.452563 0.10004 0.35572824 1.0
671.021683855392 -143.46582683817402 0.151247 -0.317193 0.28950378 1.0
775.2458847745835 -167.71696441765673 -0.054587 0.331683 0.35285962 1.0
696.8816385795768 -151.58739422960858 -0.466071 0.358913 0.28123903 1.0
816.4046456171001 -181.9405270362546 -0.038876 -0.014927 0.34509176 1.0
807.2060168539015 -181.6326978968694 -0.438721 0.337055 0.33955073 1.0
533.6584758557852 -121.19918101011001 0.139484 0.02374 0.18835881 1.0
753.7787502405314 -135.72500818174242 -0.44233 -0.191741 0.35425928 1.0
651.3604794170209 -118.34806094500375 0.475841 0.184458 0.28356272 1.0
722.726276257776 -132.34773717663532 -0.006019 -0.040273 0.32600665 1.0
733.9501704107574 -144.8195911958536 0.021989 -0.106851 0.32039735 1.0
702.8185406081352 -138.48257282762196 0.368752 -0.09308 0.29641828 1.0
827.5771570512089 -168.64733338683675 -0.159543 -0.363241 0.35952488 1.0
830.1888421273708 -175.56090173030273 0.138044 0.022238 0.35223305 1.0
651.503764608084 -138.48580838615928 -0.137762 0.1522 0.24672285 1.0
778.9525368044118 -135.22758108911233 -0.284047 0.554907 0.35275173 1.0
613.5036804403111 -111.27476908447704 0.080418 -0.064018 0.24620102 1.0
616.4828707935762 -112.83876588471095 -0.616585 -0.168745 0.24463533 1.0
693.5168528232963 -136.83256214609563 0.244999 0.002244 0.27442554 1.0
733.6482594315734 -145.1061611111632 -0.019903 -0.03277 0.2969684 1.0
697.1837708361057 -138.5651760979439 -0.326367 -0.01515 0.27647552 1.0
799.8433588141453 -141.3530056408465 0.345203 -0.464074 0.35184383 1.0
728.1074870384997 -133.9082774118933 0.179591 -0.054986 0.29013634 1.0
682.2096623761663 -129.2553595910386 0.123642 -0.02632 0.2604318 1.0
751.8916904536129 -120.58599621285595 -0.28046 0.265808 0.3179722 1.0
834.0926572117434 -145.76276048361754 0.117258 -0.368754 0.352525 1.0
716.5299929106696 -134.4867815360723 0.014594 0.186157 0.27305672 1.0
772.1293126939762 -182.27918478052155 -0.056595 -0.105836 0.34991834 1.0
779.8653466898173 -187.9328771837665 0.03339 -0.014943 0.3467059 1.0
769.7919416391342 -185.33353920165894 -0.336938 0.118641 0.33389446 1.0
675.120394546293 -148.11720956778603 0.299908 -0.175474 0.29866615 1.0
797.2662014819794 -185.35394958946395 -0.224307 0.073812 0.35211426 1.0
750.6296701902662 -160.8448929991759 -0.021119 0.109165 0.3434811 1.0
674.0190131238669 -145.58633938270208 0.162953 -0.274456 0.29079512 1.0
684.8463293781482 -186.67715401578687 0.04228 0.350325 0.2912982 1.0
631.4678535438077 -160.91277329114249 -0.179853 0.194955 0.28855672 1.0
636.1518685764349 -162.86436652779403 -0.297937 0.289133 0.29057732 1.0
730.6313524565284 -189.29204146055616 -0.337458 0.200128 0.35329744 1.0
732.3909625915476 -189.17049869516606 0.045142 -0.02776 0.35437828 1.0
777.967537846299 -206.32138224988003 -0.410975 -0.149812 0.35961303 1.0
744.6412336009158 -197.94173715889812 0.043068 -0.023916 0.3363683 1.0
745.0594861586075 -186.75735332184067 -0.132251 -0.339577 0.35377115 1.0
751.7328569124296 -191.52927494829427 0.140643 -0.231021 0.35218596 1.0
558.4117725520214 -141.76386917495503 -0.300222 -0.398148 0.23050827 1.0
676.9561612576241 -172.48083389898886 0.369829 0.429326 0.29853868 1.0
775.395902177844 -206.3138148904384 -0.438626 -0.426209 0.32518798 1.0
834.4202303995377 -222.79370803862162 0.098362 -0.671782 0.35932046 1.0
673.0510767966321 -164.15091692727174 -0.05439 -0.345678 0.30618206 1.0
660.5861257742599 -162.3284494495516 -0.168742 -0.132996 0.2921904 1.0
731.0408793995622 -172.64932315357865 0.050144 0.071881 0.34099275 1.0
731.7834753279299 -172.67210078810822 0.277105 0.126757 0.34009326 1.0
643.6260944402159 -155.27664840285198 -0.009804 -0.02696 0.2684705 1.0
649.0953078390266 -143.38111309163142 -0.153223 0.013342 0.29613975 1.0
621.3061528523152 -141.40908337865005 -0.072325 0.337956 0.26611966 1.0
773.7433943263648 -181.63997993925366 -0.312254 0.465761 0.35114944 1.0
814.9310536495461 -196.46292974437148 0.246742 0.119522 0.35232687 1.0
832.071784774222 -204.32219325956157 -0.520839 -0.199011 0.35837933 1.0
804.9711892059353 -198.07739772745114 0.26516 0.076848 0.3386697 1.0
623.5456303938056 -153.73940886511522 0.001224 0.166743 0.23365678 1.0
628.5236745682944 -155.22404331444224 0.484266 -0.582567 0.23612382 1.0
633.3871442414006 -155.80497625207897 -0.233972 0.244045 0.23806494 1.0
624.1269787019377 -153.39185621776315 0.036592 0.254139 0.23347916 1.0
722.8507006390163 -177.94159585844176 -0.020586 -0.02103 0.28489915 1.0
498.147400967407 -140.3692628486685 -0.047039 -0.147724 0.18747763 1.0
722.3085804419874 -202.19818542556865 -0.38283 0.374823 0.30592966 1.0
590.1541697673397 -165.2300171166787 -0.01183 0.249657 0.23130874 1.0
684.9874209337603 -183.04772931975276 -0.333886 0.121977 0.3050106 1.0
685.0091556113075 -185.64582847228127 0.580748 -0.63701 0.29452765 1.0
567.2136243104748 -154.84138992138574 -0.013875 0.035656 0.21933031 1.0
734.0913225023803 -179.3051032661657 -0.376137 -0.076275 0.35808498 1.0
671.6604578751451 -163.94615932604262 0.008922 0.469828 0.30612686 1.0
724.3238967875968 -184.3948405747048 -0.245953 0.106243 0.31124604 1.0
706.4572978028732 -173.8567547555789 -0.094896 -0.450261 0.30669725 1.0
525.2754969468267 -129.9640271505888 -0.692776 0.311807 0.19963373 1.0
614.2990456785817 -155.43768309215753 -0.016615 0.045795 0.23950642 1.0
568.1261251797744 -157.33601227896327 -0.368751 -0.119815 0.22146375 1.0
673.2270498096954 -176.6070672947214 0.61596 -0.680963 0.31151444 1.0
734.3468684756009 -186.96681791773855 -0.055054 -0.329972 0.3534633 1.0
627.4507729241241 -150.261675201245 0.128367 0.035547 0.23518187 1.0
624.2422387594448 -149.29856139349434 0.159296 -0.098788 0.23301286 1.0
713.3074560446678 -153.74689645063515 -0.223961 -0.438717 0.2817499 1.0
644.8331719165969 -133.27363219204608 0.108118 -0.274356 0.24691668 1.0
725.3154379838523 -150.05122438426775 0.26817 -0.074772 0.28925973 1.0
821.7702563959238 -169.7926388639009 0.180367 -0.011783 0.34683824 1.0
646.9988807067449 -134.51866582492204 -0.109179 -0.329729 0.24652115 1.0
562.3945573354436 -119.70935172607884 0.124974 -0.179803 0.19926389 1.0
819.5260722760742 -130.3108792324791 0.018032 -0.097899 0.35673982 1.0
835.5370568109518 -143.33841306495168 0.093471 0.052811 0.35376266 1.0
587.0642903463332 -101.13229041291338 0.059404 0.078473 0.21583973 1.0
838.0877576037436 -145.04996896381053 -0.058755 -0.000301 0.35502473 1.0
829.9430608609719 -143.31361855629686 -0.282943 0.032011 0.34918857 1.0
633.1511810218199 -110.58996988221632 0.140095 0.310687 0.23738097 1.0
778.4980780662712 -112.84694931453333 -0.013002 -0.113182 0.33174998 1.0
740.0951886202315 -110.31402083662358 -0.053526 0.128556 0.30449587 1.0
781.7524230725259 -126.13281164071431 0.196925 0.244078 0.320339 1.0
790.4547520814152 -130.27749241766546 0.272745 -0.005846 0.3242397 1.0
724.8163543341238 -120.03125008557605 0.09687 -0.303585 0.28449836 1.0
854.0530377059232 -144.49649217517756 0.245107 0.229975 0.35957623 1.0
757.6601953791753 -115.0160810748188 -0.032648 0.121816 0.34803012 1.0
823.0016966438498 -132.5711777124061 -0.124224 -0.005474 0.3598362 1.0
638.3429666419928 -103.3401832310081 0.206877 0.293388 0.24403875 1.0
786.8853476573929 -130.36393709761194 -0.009465 -0.045557 0.3230246 1.0
778.7091009930564 -130.68207192205222 -0.00561 -0.146785 0.31562504 1.0
687.6623831119122 -116.56254119481348 -0.134055 0.13306 0.26349226 1.0
769.5294682744958 -129.8282159859118 0.136519 -0.284492 0.34649512 1.0
616.2625478363042 -110.2362997958481 -0.100236 0.418254 0.24479988 1.0
733.8135958483406 -141.3617421740602 0.012553 -0.019324 0.29851618 1.0
514.2031051431679 -100.50696434127458 0.345956 0.153106 0.18367071 1.0
557.5687336562319 -85.26250062189001 -0.10054 0.255735 0.22389416 1.0
698.5491703117762 -111.06565048341989 -0.098058 -0.108928 0.29862443 1.0
640.2816546104815 -103.10180928543366 -0.120349 0.231091 0.2552836 1.0
701.1289636791182 -117.26512358614305 0.098499 0.276951 0.28378835 1.0
645.9473909814086 -109.78856521794634 -0.163231 0.202197 0.25328022 1.0
820.4072464397636 -141.30467976009763 -0.194947 -0.258552 0.3508455 1.0
642.6512387488547 -115.48774483176649 -0.121006 -0.120749 0.24315959 1.0
769.2793764813434 -116.82947490093325 0.393673 -0.096725 0.3325061 1.0
455.81959199455395 -65.53868037553761 -0.220143 -0.216893 0.16509618 1.0
609.4759338787297 -92.72265848384795 0.073171 0.127136 0.23390754 1.0
743.2514259370917 -117.21058467011488 -0.147627 0.186787 0.30234724 1.0
541.0352399116398 -101.57469673436644 0.17852 0.2037 0.2067415 1.0
459.0293970631884 -67.94672133709544 -0.225615 -0.248671 0.16517769 1.0
604.778941215844 -110.518380449587 0.019755 -0.354883 0.24133822 1.0
616.1967774093392 -101.26816399606071 -0.043156 -0.336173 0.24501646 1.0
456.5017178574261 -73.17767143581231 0.065973 0.278921 0.16680662 1.0
754.6588375967185 -145.36744875695229 -0.077997 0.172724 0.33396342 1.0
774.5342654124842 -141.1507421501951 -0.412077 -0.101333 0.34495562 1.0
524.8261741910759 -87.19703506929693 0.16547 0.14194 0.20036009 1.0
576.5159913053975 -105.61173153407816 0.289467 0.204677 0.23502864 1.0
526.1577651054434 -82.58841388469064 0.020026 -0.062609 0.20623094 1.0
521.8226838410353 -107.03731912100892 -0.753415 0.066718 0.19136332 1.0
763.2132484132128 -157.2470714789451 -0.104783 0.124456 0.31850854 1.0
764.2642421524323 -157.26565159524066 -0.087067 0.161349 0.31881577 1.0
696.9453289282498 -144.43388431685065 -0.077404 -0.134333 0.27913105 1.0
777.0788246941078 -147.05310360135925 -0.255925 0.470212 0.33817118 1.0
756.0924357192024 -143.91391971288263 0.051819 0.051305 0.32163844 1.0
705.5991964102133 -140.14334204847336 0.262136 0.157605 0.28594056 1.0
749.8990976223921 -148.40116294591405 -0.025805 0.007929 0.31145412 1.0
549.5585848043432 -89.37004048321323 0.090282 -0.003313 0.22396901 1.0
762.4289060838132 -130.59541949270758 -0.229864 0.162221 0.3412373 1.0
587.9905593313512 -96.37446383175471 0.067942 0.054151 0.23372097 1.0
652.3672974483021 -116.01958053280119 -0.036141 -0.210309 0.25859475 1.0
761.1840763037062 -134.883327876493 -0.083007 0.157883 0.32229578 1.0
576.2730528568931 -96.85310336661254 0.120253 0.160566 0.22026184 1.0
781.9743243540257 -172.59934663346775 0.359251 0.244668 0.3539813 1.0
713.2664030873776 -159.360383969869 0.364873 0.034327 0.30605134 1.0
556.8131694837843 -112.64147044747202 -0.36905 0.388487 0.23363437 1.0
600.0755584851063 -121.4443582733173 -0.087147 0.205697 0.25492516 1.0
708.2131516744839 -143.83224366186002 0.102942 -0.182513 0.31987515 1.0
503.94245035138334 -104.28579843084856 -0.277254 -0.278151 0.20066254 1.0
735.6901871068809 -152.13438962947322 -0.427536 -0.057618 0.33590657 1.0
745.0209618999705 -156.14813156645675 0.05875 0.11994 0.33673465 1.0
525.5934877068487 -113.50962650793579 0.161496 -0.495661 0.20085084 1.0
750.4155698569577 -144.63837544994868 0.038764 0.303759 0.35255656 1.0
676.1375075716115 -135.5214840092204 0.225523 0.172476 0.2929896 1.0
488.94136357972314 -111.0471447218846 -0.270278 0.02814 0.17193477 1.0
555.6792198602329 -101.67596484337018 -0.015181 -0.083638 0.23016277 1.0
756.4092885550868 -141.0918307530429 0.118369 -0.01629 0.3571115 1.0
561.8275632769157 -105.86575006610431 -0.11523 0.005575 0.23044279 1.0
680.8107994968713 -130.6565048581643 -0.075267 -0.120749 0.29409507 1.0
730.1820017748757 -143.47556066684047 -0.352685 0.1713 0.31924376 1.0
755.084547180933 -158.96398172494648 -0.244367 0.359912 0.31770265 1.0
529.6707678081885 -93.11058700018033 0.333862 -0.091217 0.21711817 1.0
488.1843747992761 -97.34988877005577 0.285321 -0.351125 0.17923392 1.0
749.4698582863065 -131.42276656588405 0.044311 0.425972 0.34113777 1.0
772.1047422844441 -137.36570971173484 0.179138 -0.45605 0.3481683 1.0
710.7858988743175 -156.82915026059212 -0.163706 0.122396 0.30608663 1.0
790.1323551662571 -176.0878921328707 -0.057755 0.255677 0.3514573 1.0
794.5616569233913 -181.67745889197323 -0.216994 0.185174 0.34177577 1.0
645.2876659841293 -149.79028837290818 -0.133949 -0.17294 0.25292614 1.0
625.2581019675571 -144.37524032871102 -0.26131 -0.115267 0.24147157 1.0
568.4949201348894 -131.72261280925065 0.025207 0.010537 0.21242765 1.0
718.4184270149698 -148.61003880592656 -0.250904 -0.049582 0.31824124 1.0
748.0999807691303 -155.01823634566486 -0.142662 -0.024181 0.33663914 1.0
611.8500127363716 -128.1761494932358 -0.109148 -0.114324 0.2511905 1.0
786.3998842997137 -168.06409719621968 -0.096589 0.191284 0.35166162 1.0
471.09469579358085 -103.43834005677112 0.067176 0.13379 0.17092806 1.0
686.0598390907307 -150.24402962168767 0.16829 -0.1327 0.27895164 1.0
832.7049996568811 -188.4824130166714 0.036066 -0.065024 0.35893485 1.0
531.5398495682671 -123.09050240354308 0.139366 -0.302879 0.18862477 1.0
598.3199141185618 -112.99583821789282 -0.145585 0.020633 0.25723568 1.0
431.58423568573966 -84.49980684677057 0.140584 -0.123478 0.16304383 1.0
684.5888388173958 -134.54628904423078 -0.260483 -0.087462 0.29755083 1.0
688.4713566817776 -134.59829018941025 0.352792 -0.112575 0.29963928 1.0
743.8559434174526 -152.53930885784726 0.259565 -0.139525 0.32538128 1.0
503.03530411036684 -101.6409351778586 -0.019914 -0.238243 0.19062777 1.0
743.2663871952999 -151.154519984502 -0.072031 -0.536404 0.3232196 1.0
772.4700385701622 -159.43383785701732 0.40196 0.0234 0.34008658 1.0
734.6805161569588 -152.4676988714765 -0.281483 0.176988 0.31135035 1.0
746.3724365249973 -155.73021178237033 0.013827 0.08058 0.3156054 1.0
654.4760256786419 -140.0874351134935 0.316872 0.230507 0.25791302 1.0
644.155378193812 -125.63276749815111 -0.348448 -0.080622 0.26292273 1.0
745.5873637699825 -146.3765501214695 -0.134366 -0.915039 0.32092485 1.0
604.9059770149848 -119.44337921053764 -0.155754 0.513363 0.23887353 1.0
715.3475610777199 -169.0379283677664 0.277183 0.018405 0.34010956 1.0
690.9363912044677 -171.23213360130336 -0.147153 0.497693 0.29408482 1.0
671.3605292672905 -152.5349885096918 0.174506 0.299507 0.3141029 1.0
447.18013394612984 -104.42445174330263 -0.124444 0.081634 0.17453365 1.0
517.3143356035382 -123.07144987074497 -0.066754 0.040438 0.20200114 1.0
772.0046062477576 -183.8430973059417 0.092326 -0.151104 0.3498895 1.0
787.4292441037447 -189.9490614246857 0.320169 0.090198 0.35385486 1.0
773.6925329747504 -188.7512172623951 0.235129 -0.383238 0.3376963 1.0
526.4626539797194 -131.23842988835125 -0.238661 0.197872 0.19751151 1.0
671.5771716066528 -168.81726328377394 0.167418 0.046569 0.26818693 1.0
740.6718761070337 -166.14806432683085 -0.092156 -0.451337 0.3472411 1.0
688.8460412919225 -156.147496250033 -0.107933 0.174225 0.30578285 1.0
687.0514684069907 -155.6785526779165 0.161245 0.11883 0.30484954 1.0
691.4201013823123 -160.9304316471031 0.149697 -0.005517 0.2983068 1.0
555.212656706869 -118.04701676850095 0.469227 0.378126 0.2361961 1.0
747.8950141414355 -159.0120133350107 0.161456 0.012838 0.35875311 1.0
596.1995247941763 -128.19825871202596 -0.20204 -0.001577 0.2561846 1.0
469.8494632058858 -104.85272235990456 -0.089147 -0.178966 0.17803468 1.0
725.593324284449 -161.9234152598097 0.241701 0.310607 0.31585047 1.0
710.4387265707151 -160.9879454198708 0.332084 -0.135079 0.30643737 1.0
657.8020122913478 -150.17881431752014 -0.1609 0.105429 0.27069414 1.0
714.168619367352 -162.12880394975684 0.078087 -0.214267 0.30402824 1.0
673.8427110599122 -154.69226036199458 -0.002746 0.155933 0.27413753 1.0
518.0087308357812 -121.46812478943956 0.008824 0.052765 0.18861456 1.0
805.3859339887746 -191.69340132349157 0.014544 0.069032 0.33767155 1.0
655.2364304077771 -133.4430304645582 -0.011328 0.16285 0.29465964 1.0
754.6968958793775 -157.01098950676817 -0.195135 -0.108271 0.3555895 1.0
589.7683958398935 -122.58687376110979 -0.209548 -0.014714 0.24900176 1.0
749.0148891598838 -159.69311475853846 -0.575561 0.097634 0.3408135 1.0
738.4213308318529 -155.48135341092586 -0.490318 -0.02947 0.33222127 1.0
720.047824718553 -155.77145527608988 0.138272 -0.134723 0.31076306 1.0
782.8851942650564 -171.42224408929553 0.214925 0.1052 0.35300112 1.0
792.3016564421887 -172.5907244890008 -0.382972 0.254989 0.35566837 1.0
598.1677496590826 -135.77444158990184 -0.142981 -0.570239 0.23059407 1.0
709.0960915832684 -160.35627565218925 -0.169878 -0.028626 0.29087794 1.0
523.9933798609436 -122.75587814708707 -0.152865 0.028746 0.18696655 1.0
493.56844007536455 -115.94143341769309 -0.088785 0.100676 0.1730701 1.0
759.1604081448922 -149.63307708318843 -0.157106 0.146914 0.35996214 1.0
455.13351541079385 -93.85631432962836 -0.194007 -0.333721 0.17291428 1.0
713.7712781316031 -145.8648457129841 -0.370473 0.266669 0.31362388 1.0
776.217440645586 -159.39790403507672 -0.064179 -0.357806 0.35495836 1.0
641.9512284495792 -131.79865072565266 -0.005734 0.207744 0.266612 1.0
790.1203815463034 -166.8641563090669 -0.129529 0.084738 0.35257807 1.0
740.3191674471079 -158.03156243828397 -0.367523 0.612403 0.3148559 1.0
609.9335385281569 -130.67105657518994 0.606295 -0.349431 0.2404416 1.0
773.7466474331035 -165.23941015813543 -0.278682 0.205467 0.33590338 1.0
742.3780839377729 -159.5801597214793 -0.038055 -0.067617 0.31514418 1.0
517.2442756629633 -113.18394748890917 -0.132298 -0.180765 0.189469 1.0
716.6468627845587 -157.84009415347396 -0.220816 0.183106 0.2922253 1.0
645.1283528720098 -141.03276706463618 -0.003755 -0.061555 0.25160536 1.0
527.5719589043249 -120.57641302378194 -0.236562 0.349384 0.18687633 1.0
519.0877139295181 -117.88064871940162 0.144708 0.09461 0.18193832 1.0
740.0452502883695 -131.38335875996668 0.118344 -0.040172 0.34683987 1.0
537.2258440916607 -95.79286605926589 -0.025824 -0.020129 0.22026457 1.0
531.1255346763816 -94.84664188368299 -0.17204 -0.121969 0.2172047 1.0
558.1150965765705 -100.71202263509142 0.06168 0.18595 0.2304591 1.0
538.5871332422394 -97.20841697339611 -0.027736 0.175676 0.21897267 1.0
759.3733384958347 -138.66664863466713 0.047589 0.215342 0.35490215 1.0
724.7799771784236 -133.54517379558817 0.464321 -0.062409 0.32841957 1.0
765.1997010372014 -141.96265206328627 0.357703 -0.195513 0.3516476 1.0
649.1068409255512 -126.74295394379422 0.052172 -0.015579 0.26783666 1.0
748.0785499225104 -146.39440432676054 -0.087727 0.0958 0.32632077 1.0
535.1524387987974 -106.35415314545936 -0.027299 0.042231 0.20582055 1.0
693.2965246579149 -120.38276211888642 -0.11344 0.100097 0.30656797 1.0
559.137556338568 -97.93131980411195 0.11157 0.09368 0.2278199 1.0
697.635557337859 -123.57739684592366 0.10637 -0.278003 0.3066505 1.0
751.6444308546381 -134.53426099798992 -0.065757 -0.416935 0.34114432 1.0
688.6435515505107 -124.34416807569698 -0.143721 -0.217129 0.29743758 1.0
766.3779811984923 -140.4366268018481 0.029418 0.170441 0.34542897 1.0
756.6205652579796 -150.3856073205533 0.066456 0.031368 0.32062972 1.0
829.0597111591285 -168.87086231862367 -0.093905 0.165908 0.35899365 1.0
561.8207126847992 -94.17534399343461 -0.704827 -0.229006 0.22923632 1.0
616.4391242042386 -104.3076146721179 0.417144 0.086811 0.25877163 1.0
676.6070574061491 -114.12659968420692 0.12286 -0.036622 0.2934809 1.0
530.1208633824075 -93.08707443454684 -0.181605 -0.14302 0.20552333 1.0
605.8175176727073 -110.47146633831301 0.479589 -0.288872 0.24215768 1.0
776.3933210475928 -142.02314080361768 -0.17922 -0.105216 0.34002632 1.0
779.3095553762316 -145.673334873522 0.075901 -0.228208 0.3379652 1.0
499.9600371172197 -97.19632133584389 -0.243429 0.012658 0.18068849 1.0
499.9378622737866 -97.18121719549373 0.431811 0.094257 0.18065795 1.0
739.9186326001816 -146.4766403970966 -0.033567 -0.386155 0.3006975 1.0
692.9556168711699 -136.69343085124473 0.512935 -0.219913 0.2738884 1.0
498.9003047141669 -80.45369369626573 0.196314 -0.172707 0.1945018 1.0
576.7699611363092 -94.79521589138919 0.102323 -0.277855 0.23155063 1.0
770.0616737852956 -131.7024461088275 0.153594 -0.200366 0.34160516 1.0
514.1381778618552 -97.84239343163084 0.004153 0.100112 0.18326086 1.0
610.257057166264 -99.4437852772088 0.032702 0.211765 0.23561394 1.0
625.5515841497325 -106.84764237186093 -0.294836 -0.347329 0.23917407 1.0
631.2434535646048 -109.21349757822826 0.236832 0.324728 0.2406229 1.0
825.4996372872796 -143.3936379297988 -0.124731 -0.090793 0.35133478 1.0
833.6847271750802 -145.7609479809583 0.121583 -0.155314 0.3522574 1.0
772.9652454622635 -137.49923406001403 -0.081931 0.008186 0.31508937 1.0
836.966739841208 -149.2137404560672 -0.637681 -0.303425 0.35372388 1.0
837.6394360076284 -149.17365914921945 -0.249197 -0.217576 0.35375565 1.0
515.2648413901281 -124.5414939276428 -0.155475 0.134405 0.19337004 1.0
582.6146459055266 -141.12138376399466 0.014069 -0.00636 0.22637847 1.0
490.54288111465434 -107.06168095856003 -0.29822 0.047599 0.19814453 1.0
693.7048511464562 -150.90557503878628 0.203989 0.178931 0.31645954 1.0
738.7671493147918 -162.19399878354812 0.010461 -0.128243 0.3458727 1.0
733.5768609856271 -162.20994512660278 0.419682 0.03401 0.34230402 1.0
511.9104226471947 -113.21840953436863 -0.635385 -0.139845 0.20398372 1.0
456.81009432333843 -103.13074526638468 -0.211255 0.311731 0.17464812 1.0
470.91335040404095 -107.77973765610777 0.048623 0.082885 0.17787589 1.0
730.8847659969349 -166.87986579087678 0.407982 -0.671505 0.31906793 1.0
730.6907836568256 -166.72240561689335 -0.164785 -0.200087 0.3189485 1.0
725.3460403926949 -166.30352763645064 0.176629 -0.40303 0.31541878 1.0
732.9101494075003 -168.68718010049028 0.083163 0.064906 0.31800875 1.0
590.0234413529223 -138.74853567455335 0.227224 0.429468 0.22914279 1.0
586.5436688827932 -137.9382105506258 0.114466 0.296792 0.227385 1.0
691.8672046860362 -161.80901200766655 0.110988 -0.028005 0.2832167 1.0
588.7387641087399 -123.28264888029021 -0.129981 -0.002299 0.25395772 1.0
447.0428281533095 -93.6242944699226 -0.204659 0.064886 0.17623335 1.0
753.3131972672538 -158.71805397440266 -0.113326 -0.108579 0.3542715 1.0
755.9367141072869 -159.01931969055002 0.064424 0.2839 0.35622707 1.0
478.1236571096265 -102.37655093652648 0.223032 0.01851 0.18846616 1.0
504.73391375477166 -107.06923286713406 0.400376 0.050983 0.20148541 1.0
763.2409916730643 -162.33144801811594 -0.022051 0.016507 0.35571346 1.0
748.9796680022022 -161.42363450848848 -0.309086 0.096145 0.34455463 1.0
744.7274698261394 -159.97107139620934 -0.120992 -0.579169 0.34062767 1.0
673.3939493510521 -145.5062424219584 -0.004628 -0.106325 0.29039934 1.0
675.0025396918676 -146.2557738374373 -0.207757 -0.168216 0.28991973 1.0
770.7480668141937 -208.31236778224698 0.014831 0.18224 0.35996088 1.0
706.1792522882364 -178.82239336747782 -0.116213 0.005541 0.34194437 1.0
635.5712771497359 -162.5166435219173 -0.649784 0.119331 0.29042527 1.0
625.3611809474842 -159.1241755868735 -0.004438 0.076308 0.28262794 1.0
742.2757979623595 -189.84130268894052 -0.187454 0.105083 0.35953233 1.0
568.6627100726039 -147.92932980711907 -0.05082 0.160625 0.24063936 1.0
524.0320503927439 -137.6998563115958 -0.156137 -0.092465 0.21305169 1.0
494.1946870891109 -128.406618803479 0.020604 -0.031583 0.19681327 1.0
546.7753166009776 -142.2258262440348 0.329074 -0.320634 0.22300144 1.0
620.613990877239 -169.2934247490748 0.3758 0.157137 0.24091287 1.0
437.4768768120484 -107.67568604717019 -0.150217 -0.353519 0.17853366 1.0
639.4207167485687 -157.85156475267868 0.234778 0.07404 0.2954504 1.0
742.4370867172173 -187.4871256744547 -0.332706 -0.158245 0.3539497 1.0
748.3299573700177 -189.38683880413973 0.037691 0.152375 0.35632706 1.0
762.9055853245922 -193.83907202014154 0.304766 -0.033519 0.35862905 1.0
496.48063336479964 -125.43100383964502 0.166627 0.205917 0.19749923 1.0
678.1013175033631 -172.39114111618932 0.145262 -0.38388 0.29919198 1.0
514.478910740851 -131.32379429760027 -0.169179 0.121715 0.2033343 1.0
535.8440529811857 -140.93693425974737 0.247564 -0.109049 0.20469707 1.0
586.0201519585963 -153.61804703686616 -0.132442 -0.196828 0.22723153 1.0
594.2020580486038 -156.89124188450194 -0.223333 -0.373513 0.23093489 1.0
789.7907193391512 -209.0765443022872 -0.155013 0.10855 0.34431002 1.0
787.4078419574932 -206.8154744690672 0.233638 0.144981 0.34215903 1.0
735.8059843426965 -178.3481793790828 0.16078 0.141477 0.35106182 1.0
673.7402812175325 -163.8187279206239 0.035758 0.357336 0.3072912 1.0
502.5624349253747 -122.26596053892659 0.301293 -0.072862 0.20331125 1.0
554.4234567304712 -135.5140346021828 0.094923 0.113352 0.22902712 1.0
518.022762960192 -128.88535160076304 -0.201884 0.279971 0.20263447 1.0
518.4758227409234 -128.7278489857538 -0.077392 0.11654 0.20256072 1.0
549.6233116157234 -139.78698943292565 -0.178111 0.059645 0.21282364 1.0
751.3283042587769 -191.63517394380727 -0.341391 -0.034468 0.3229461 1.0
732.9922554065985 -186.42721310721754 0.199881 -0.287425 0.3076452 1.0
629.8365696285103 -160.00870323295064 -0.206795 -0.135003 0.2483381 1.0
731.9122051042916 -186.4124853806927 -0.407444 0.47198 0.30697045 1.0
776.2516530777095 -202.0559323775223 -0.041521 -0.089272 0.32399997 1.0
699.044759798907 -159.45407868787143 -0.038374 0.102833 0.3350922 1.0
699.1733933382736 -160.6147789067127 -0.096421 -0.238455 0.33501422 1.0
677.2535415657579 -158.23253075077457 -0.338555 0.01348 0.30534074 1.0
627.8426290970945 -151.84053163071937 0.258853 -0.082606 0.26130557 1.0
720.7176995881615 -174.8079003446264 0.148123 -0.170129 0.31820428 1.0
773.0913411362575 -185.98994232927603 -0.035486 -0.031439 0.3515577 1.0
642.3679122554481 -155.2338729310592 0.027069 -0.126853 0.2677026 1.0
744.5777420490796 -180.37699549331228 0.121161 -0.151773 0.3289282 1.0
511.7104876115845 -124.13715907647165 0.064835 -0.089707 0.19683756 1.0
772.0563009482421 -187.70307495415193 0.057875 -0.319541 0.34389928 1.0
514.3436827565667 -126.31851369469099 0.263529 -0.021642 0.19365652 1.0
567.0304837874795 -141.00791473548497 0.147123 0.194552 0.21481505 1.0
675.3743986735986 -169.12156695978575 0.203 0.029787 0.27007562 1.0
580.8083240065127 -144.64562132959367 0.138104 0.310677 0.21888085 1.0
738.9738163636172 -165.3363303820272 0.010156 -0.440027 0.3526588 1.0
513.8936299929429 -118.07779962002678 0.323783 0.014023 0.20558992 1.0
753.9116579588 -173.88987422450055 -0.006862 -0.047438 0.34951994 1.0
690.1426325269654 -160.56223517801487 0.072793 -0.174545 0.30045962 1.0
468.627142324916 -111.12072106786567 0.020047 0.41178 0.17521879 1.0
701.394351577068 -166.61843893333636 -0.251565 -0.527108 0.29580748 1.0
481.59440179414037 -116.66497958251726 0.13373 -0.270956 0.17498045 1.0
694.8076698565261 -170.3012254938518 0.488905 0.188724 0.276617 1.0
652.8227588621312 -182.58168368203073 -0.105968 0.094194 0.27143145 1.0
518.1330881669909 -137.19840612828924 0.173042 -0.092043 0.21240142 1.0
567.9748393644795 -151.6361384456463 -0.062172 0.318741 0.2373657 1.0
492.2183229628478 -131.27331879288013 -0.20485 -0.029908 0.1966229 1.0
690.5108684550203 -187.77893892592783 0.26255 -0.336288 0.2956054 1.0
447.3319922105505 -115.20182033906583 0.032819 0.212076 0.17497602 1.0
671.6522222146104 -172.66652575790062 0.14223 0.033814 0.29886806 1.0
679.0229758534801 -174.16383892667423 -0.336856 0.015973 0.29873556 1.0
679.8613525700366 -175.9503352949866 -0.212229 -0.116349 0.29497325 1.0
486.85211564044835 -128.0340920060699 0.328003 -0.122381 0.18325065 1.0
706.2018193292115 -188.2565944079164 -0.371686 0.38879 0.2885906 1.0
590.759063281643 -159.46538755967177 -0.372117 0.092174 0.22600974 1.0
438.6998674737729 -106.94280925707689 0.010927 -0.370016 0.17840454 1.0
532.5036435876194 -130.5134141187418 -0.318218 0.036938 0.22427776 1.0
672.1855580015862 -165.26243489348087 -0.179023 0.036818 0.30974174 1.0
721.2036385202833 -176.04022076920864 0.249025 0.090609 0.34021494 1.0
550.4007854655249 -136.88341614267753 0.249741 -0.155921 0.22860815 1.0
732.6347675137582 -182.94953087188873 -0.012974 -0.097445 0.3301099 1.0
608.0166973991539 -157.6719699212358 -0.110055 -0.229666 0.23840512 1.0
811.5089709248313 -212.86409104091922 0.150876 0.216068 0.35245818 1.0
520.552954307273 -124.6475031508764 -0.011054 0.022078 0.2108218 1.0
728.475112212439 -179.94010617571934 0.019747 0.16579 0.3176544 1.0
565.3273589128263 -142.02400321704312 -0.3726 -0.299657 0.21646139 1.0
587.1550677180846 -149.4035248726442 -0.012172 -0.190481 0.22490607 1.0
811.1590510730223 -206.94760647850967 0.153289 0.283609 0.35286608 1.0
516.169535350149 -131.81732775700533 0.400793 -0.003853 0.18862689 1.0
693.5041649519032 -177.17083914276836 -0.07816 0.020686 0.27767733 1.0
769.6608521846667 -187.09650353823395 -0.195391 0.01031 0.32854092 1.0
483.19591236201757 -118.43791134008391 -0.250669 0.364619 0.17582376 1.0
507.3865281983946 -136.84678939251086 -0.299877 -0.185932 0.20537771 1.0
751.1384324204431 -205.1164622851115 -0.066506 0.038386 0.33615783 1.0
729.147322150859 -190.44161924356837 -0.110181 0.088088 0.35396686 1.0
677.7352278419694 -177.83951361545576 0.263445 0.212849 0.3145546 1.0
520.1909255133522 -136.84315663229972 -0.24718 -0.005057 0.21177146 1.0
529.0541084466234 -140.42729592218072 0.018852 -0.111015 0.2155211 1.0
480.04807270292497 -128.56227010218325 0.014715 0.132194 0.18309066 1.0
707.9938534015896 -178.6940180447622 -0.098882 0.310539 0.34268978 1.0
736.9593739718979 -186.55405367320077 -0.204047 0.110782 0.35322776 1.0
734.6697819452014 -185.04194078951647 0.015736 -0.049788 0.3517695 1.0
726.9360200028052 -154.498206485875 0.281965 0.026557 0.29426172 1.0
723.3329768948158 -153.48605818790128 -0.060211 -0.080213 0.292051 1.0
724.7881485128102 -155.96558675488293 -0.1094 -0.035206 0.29299846 1.0
733.8616092760989 -160.71270012701856 0.00067 0.009604 0.2897337 1.0
839.4931294091904 -183.29462859722335 -0.449728 -0.279499 0.35252687 1.0
725.6926869699929 -149.976787437088 -0.24331 -0.16095 0.29182467 1.0
822.3828929711989 -170.24968611638928 0.070417 -0.08098 0.35094583 1.0
834.6167415008237 -164.43076426124338 -0.326162 -0.193721 0.3589466 1.0
737.5100221431799 -147.9052834715677 0.114563 -0.285316 0.2981273 1.0
727.5295620642014 -144.60100075419064 0.178578 -0.463038 0.29183212 1.0
624.2494814842747 -178.2720401264593 0.192334 0.267481 0.26851708 1.0
556.3970542740959 -154.68486368489482 -0.055251 0.350619 0.23396309 1.0
