X Y e1 e2 Z WEIGHT_SEEING
172.7440497462596 146.95987899125083 -0.247675 -0.179513 0.32893044 1.0
235.29479040710726 139.96998608452077 0.415596 0.112201 0.3268523 1.0
140.74490468021312 129.39162110581236 -0.245279 -0.166935 0.26165766 1.0
144.34136585186133 159.6022146847957 -0.189738 -0.170737 0.33438113 1.0
145.65009231975463 159.005881603751 -0.424472 -0.071344 0.33118775 1.0
124.86289586277817 129.15309483700406 0.031496 -0.063143 0.2506124 1.0
161.0620069867629 162.44432865294698 0.287377 0.30193 0.32898173 1.0
165.08539918300804 161.20877421692006 0.224553 0.175492 0.3287002 1.0
147.95578367661057 139.74006542556555 0.073554 0.098177 0.26652265 1.0
170.17348941509948 166.00058393660441 0.11885 0.248002 0.32895562 1.0
146.36735024841332 151.93797871062168 -0.079588 0.054966 0.27488768 1.0
111.0927791819949 135.60066347679225 -0.202117 0.091977 0.28058505 1.0
155.45151638464148 156.6793791790657 0.171925 -0.077372 0.3493186 1.0
208.28039762899442 138.92231578880927 -0.119459 0.055305 0.31335902 1.0
241.0346355533749 144.6603139090191 -0.269985 -0.265911 0.3368239 1.0
184.53708313919998 102.56532037642476 0.039492 0.027453 0.21162899 1.0
131.5687520193983 138.16995951540872 -999.0 -999.0 0.27901885 1.0
167.51301958236854 150.8019485313023 -999.0 -999.0 0.3205556 1.0
140.9236167661351 89.07860635471572 -999.0 -999.0 0.16712722 1.0
226.38592806246783 143.84682025381372 -0.232856 -0.287853 0.31404197 1.0
201.72528791587504 121.69057830836671 0.291409 -0.185894 0.2509258 1.0
227.3961421307832 134.93908638454104 0.524809 -0.299028 0.29507026 1.0
265.6995681691317 142.39581957066173 -0.058758 0.399495 0.31212902 1.0
158.9643439688248 162.57378221942898 -999.0 -999.0 0.32494265 1.0
285.6961965306297 139.8123837502816 -0.10651 -0.069997 0.29842764 1.0
191.95002482143673 137.6499227150199 0.029375 -0.025948 0.3577835 1.0
201.24448949625764 136.1143519058058 -999.0 -999.0 0.35463902 1.0
140.69544677339283 126.0742114944975 0.000561 -0.172684 0.27901384 1.0
210.13416025864825 137.74032703468725 -0.272621 0.13571 0.33033645 1.0
251.91282714193787 118.62483103323449 -0.197413 0.671835 0.27436912 1.0
266.23110466023786 139.7379990081777 0.142786 0.173218 0.29544005 1.0
223.74228834203217 114.3442563657171 -0.033059 -0.088975 0.22831361 1.0
205.60248663511942 113.46774800359852 -0.224689 0.292078 0.2625389 1.0
242.53697850516556 139.97440416045214 0.38947 -0.311588 0.33341736 1.0
245.79035982275616 140.93357320653524 0.094692 -0.429069 0.33707753 1.0
246.0046929141758 124.4084153345218 -0.011438 0.15831 0.29329884 1.0
256.95344496875947 119.7676588379142 -0.213541 0.117807 0.28446716 1.0
150.73688781166987 154.4818054553882 -0.106514 -0.114749 0.3516835 1.0
162.8555006871551 153.93237961945354 0.062299 -0.016603 0.34867916 1.0
162.39849273643534 152.7680378178609 0.20964 -0.041645 0.34839192 1.0
161.2683602676702 151.36816475659785 0.358547 -0.16587 0.34162885 1.0
145.75649019882763 131.0195560660923 0.284575 0.305936 0.27943456 1.0
146.5568577866077 131.50226723341902 -0.070418 0.374644 0.28035718 1.0
147.36350823896834 131.23761710532955 -0.277765 -0.053557 0.2781082 1.0
178.69868870483575 145.2416879323396 0.417095 0.227952 0.32706672 1.0
205.66513567780578 140.26723340452375 -0.064603 0.077789 0.31758407 1.0
234.77427366245448 141.26140754277222 0.29907 0.291767 0.3328218 1.0
121.71754983628463 149.29807877327423 -0.274054 -0.296116 0.31614026 1.0
130.03181654931834 136.50940512928685 -0.509635 0.399006 0.27646625 1.0
158.17605971252473 153.37573605270944 -999.0 -999.0 0.33172572 1.0
166.54020218424395 148.35101812485811 0.191311 0.042358 0.31725246 1.0
147.7991544345497 130.8492145781727 0.434228 -0.289713 0.26602587 1.0
154.07737354434008 130.18022276090113 -0.283242 0.001972 0.2698478 1.0
156.8946058180199 131.94243759692918 -999.0 -999.0 0.2744489 1.0
151.14145577328898 101.58602231015809 -999.0 -999.0 0.19857635 1.0
224.4554334545724 147.89862691461173 0.277824 -0.02055 0.33246058 1.0
173.63536631339693 111.25917855252183 0.120942 0.13792 0.22549155 1.0
151.43310086554342 94.292208052158 0.071155 0.006459 0.18346405 1.0
222.86956119338626 138.59793982961313 -0.010306 -0.042886 0.30847472 1.0
201.76304920180232 119.54006450212805 -0.249461 0.124226 0.2512253 1.0
153.09594855790567 156.70625610410025 0.391694 -0.314216 0.32989204 1.0
156.26274492027784 156.26897267370035 0.020548 -0.268876 0.32472485 1.0
160.46414007956878 159.5804839919787 -0.07262 0.163167 0.33964065 1.0
160.52768256080972 158.68296546915906 -0.121362 0.139215 0.33660468 1.0
150.6802720723465 97.44836315068888 -0.153452 0.0737 0.18452041 1.0
141.87817159927187 89.71458864211269 0.444282 -0.02949 0.16552491 1.0
179.897346196854 115.51666174415033 -999.0 -999.0 0.22566296 1.0
241.5012393809287 154.0767877009622 0.142464 -0.047014 0.34034535 1.0
242.47679050505403 154.52805399511365 0.091254 -0.027622 0.33929443 1.0
182.83915082977845 114.97627788606754 -0.124047 0.38136 0.22762129 1.0
255.6240505296474 159.39522103916764 -0.185626 0.161831 0.3592457 1.0
119.4370001107018 133.56046458083085 -0.022365 -0.398129 0.24862695 1.0
160.3665489615381 162.6724301790402 -0.043141 -0.113216 0.32943994 1.0
160.83646048216934 162.23936763092735 0.19612 -0.159958 0.32884765 1.0
164.89321424481938 159.8909957549511 -0.340574 -0.277171 0.32681853 1.0
139.2722495596823 130.73885178836514 -0.095491 -0.014697 0.24652554 1.0
148.67622013524766 140.33804741484917 0.253158 -0.032948 0.26710707 1.0
164.82428304436556 167.41929367291058 0.091387 0.415526 0.32972577 1.0
116.65110268266864 119.95272989020434 -0.014132 -0.20564 0.20203811 1.0
150.40920577714564 152.09711202292624 -0.131307 0.450872 0.27718866 1.0
131.70159233673934 154.15501986376663 -999.0 -999.0 0.3356904 1.0
125.55973681317585 134.04411699318794 -0.283047 0.097514 0.27594298 1.0
157.5041494174166 152.15640584265867 0.452136 -0.051633 0.33527678 1.0
147.30211752662862 128.2853181516428 -999.0 -999.0 0.26551682 1.0
153.76827988899487 129.0845204108895 -999.0 -999.0 0.26962557 1.0
156.90767939815015 129.06049580899855 -0.110474 0.058426 0.27131093 1.0
202.56357646773156 139.95850180804104 0.140016 0.210318 0.31527713 1.0
209.25462827565818 139.8115391175368 0.039549 -0.064071 0.3160802 1.0
152.42627657552163 93.78100811896127 -0.233843 0.178227 0.18495922 1.0
226.0399187806362 108.1498534927098 -999.0 -999.0 0.23709622 1.0
233.27249071202868 106.24129036774461 -0.143059 -0.279761 0.2345699 1.0
261.71695706385094 118.9216960747795 -0.077859 0.154194 0.27230003 1.0
96.9297149471676 127.62775807385205 -0.273317 -0.031105 0.24734628 1.0
250.96878523250106 155.8970759724619 -999.0 -999.0 0.35805276 1.0
186.09272757025744 98.76203424525077 -0.099664 0.088227 0.19821632 1.0
233.26352721183514 116.27289709803006 0.256902 -0.306085 0.24743791 1.0
111.10612955983483 140.15916465284428 -0.014683 0.184461 0.26786873 1.0
140.83647557970394 162.09006608009622 -0.277093 -0.220015 0.33033502 1.0
121.87848042752562 131.92083481818725 -0.095624 0.02819 0.24864708 1.0
150.54329014466796 160.5980382553946 0.281192 0.110085 0.33018133 1.0
252.14271022753053 162.83846515417525 -0.005417 0.159809 0.3584164 1.0
234.99927543642153 148.52079764056816 0.090268 -0.261974 0.31979203 1.0
267.72812796946477 145.34970082573713 -0.400416 -0.15655 0.32055694 1.0
272.2026257242899 142.4832804701255 -0.02781 -0.305984 0.3134147 1.0
229.35393874752666 117.49579144076075 0.090553 0.060643 0.23802279 1.0
282.27440054292805 148.02230514149463 0.33719 -0.132045 0.31709674 1.0
219.43009398079724 113.22828815978069 0.199909 -0.145755 0.21971065 1.0
307.6552925852806 158.27970738526554 -0.059956 -0.11913 0.3505661 1.0
231.143363328595 117.33082123972365 -0.046278 -0.119695 0.23118217 1.0
158.94953508902225 169.5014217096088 0.337475 0.074271 0.3296497 1.0
179.13636135250565 126.68699171111422 0.216202 0.057169 0.31580147 1.0
190.55470172524028 138.22954556067987 0.170924 0.085389 0.34444717 1.0
94.72436939327099 111.84933368889521 0.493258 -0.284261 0.22933224 1.0
83.369969665254 97.42487633654788 -0.073859 -0.054308 0.1922233 1.0
107.66133162698277 127.11725938268088 -0.084584 -0.166458 0.2715993 1.0
141.79323623491018 131.56354120072507 -0.213373 0.029362 0.29569662 1.0
139.92066822211189 127.49977546170194 0.266183 -0.207521 0.27744177 1.0
147.05269275731632 121.254533278289 0.201839 0.476947 0.26441035 1.0
210.80814140579307 104.81593716031934 -0.256573 0.151333 0.24038108 1.0
214.780854068633 100.47398354723035 0.231062 0.035171 0.22819634 1.0
268.4939694135436 121.93798642851564 -0.439008 0.149532 0.30423355 1.0
235.22720294656162 104.46969844376301 -0.125793 -0.269529 0.24234809 1.0
198.15223369509653 101.64102528925385 -0.005498 -0.214033 0.21803743 1.0
246.26532451124422 126.41700729417605 -0.067934 0.297323 0.29457828 1.0
246.44755656764397 126.09606811271665 0.170593 0.028897 0.2930978 1.0
199.19546295673928 93.13872788645874 0.008398 0.236217 0.2015988 1.0
256.7670827624072 119.96795622513265 0.002953 0.131311 0.28343868 1.0
258.275218043953 119.61139446763491 -0.215792 0.121224 0.28253296 1.0
204.80705478097718 114.8214575689138 -0.207086 -0.095169 0.24016279 1.0
220.16106355727 112.14210568405292 0.432749 -0.264231 0.2305205 1.0
206.69729400296612 103.75503552042275 -0.052175 -0.286893 0.2080161 1.0
229.23769957287047 117.40639195509736 -0.394887 0.020927 0.23703912 1.0
230.78743984445092 118.13745147944684 -0.145117 -0.190578 0.23809248 1.0
230.95671765620693 116.95193365574579 -0.207061 0.22403 0.23295707 1.0
276.9837494984618 136.902538432029 0.019146 -0.097987 0.2936228 1.0
274.76706765617826 136.03118921527889 -0.017174 -0.373573 0.28944522 1.0
194.29749974201567 136.5808604779924 0.052605 -0.150385 0.34841982 1.0
94.92779783723567 110.08792711596848 0.669227 0.358939 0.22876216 1.0
198.33042974649467 105.64313431603671 -0.048396 0.003881 0.24091998 1.0
243.10891539447752 117.4686791066421 0.039168 -0.205175 0.28458732 1.0
146.9620077380114 129.85878056159456 0.305933 -0.136038 0.28105706 1.0
178.62684125095734 124.53089077251877 0.212613 -0.160416 0.27286267 1.0
213.5708854388537 142.35709835905666 -0.035264 0.307774 0.33673742 1.0
208.22245678359562 124.23405355441425 -0.12398 -0.052807 0.28442103 1.0
154.7809135983879 91.1851573358638 -0.024709 0.007804 0.18622008 1.0
239.9359461307001 117.23404901125869 0.025878 0.072178 0.27426735 1.0
224.05685385860258 109.54069197465866 -0.061842 0.062815 0.24884842 1.0
210.39374836203814 99.05973922355328 0.055573 -0.298466 0.2198227 1.0
253.5735568336777 119.04671382332627 0.103086 -0.261775 0.28335595 1.0
263.7602967815771 125.02263443781787 -0.02185 -0.161291 0.30166522 1.0
119.66513532557195 132.69647948594798 0.443502 0.11377 0.22985956 1.0
177.28914780715826 137.49768527816403 0.110963 -0.198509 0.29138252 1.0
180.85425685426424 127.92579092528614 -0.002205 -0.039158 0.27060765 1.0
187.60428737906545 172.678945139809 -999.0 -999.0 0.34006456 1.0
156.22703597301597 153.11472800082623 0.501301 -0.238841 0.27809745 1.0
196.11717669090933 120.11989380145613 -0.379358 0.12833 0.22779332 1.0
171.2512416387558 136.0062984528626 -999.0 -999.0 0.28685728 1.0
199.8027099944026 141.9348366244852 -0.065475 0.10896 0.31210622 1.0
173.42805472685217 160.68020147659257 -0.083159 0.243357 0.33084688 1.0
208.99798112799036 139.07071010018183 -0.179336 0.275717 0.26643637 1.0
155.69719474139163 95.14753132545175 0.106314 -0.051041 0.16828333 1.0
180.09991827638103 150.38170450927467 -0.310321 -0.328583 0.3203644 1.0
136.0468016766901 107.30108926197637 0.227314 -0.257662 0.19733821 1.0
151.2528666806008 91.68959850434291 0.539212 0.19559 0.16887951 1.0
206.81605841351805 124.78868519988677 0.142112 0.023582 0.25049564 1.0
226.58505719826792 135.27603078961258 0.025107 0.063778 0.26816636 1.0
280.5667029928498 137.4606218106271 0.034447 0.080977 0.2873297 1.0
167.51026483836722 143.78522612667786 0.013038 -0.198613 0.2927204 1.0
145.0140543377504 125.05455711842963 0.282426 -0.076093 0.24114852 1.0
143.9891975981147 106.02337683529223 -0.006824 -0.27736 0.19859186 1.0
144.08860530843728 130.44191628681736 -0.117857 0.275636 0.24567129 1.0
222.43859509693704 152.33584399415776 -0.308263 -0.182569 0.31905422 1.0
178.0280855924201 111.45082068571784 0.076136 -0.242896 0.20921852 1.0
192.27896908372287 117.93419025694836 0.080796 -0.162658 0.2276544 1.0
192.59816577706852 117.68195177438159 -0.252821 -0.022773 0.22747898 1.0
249.55057685804576 147.9513127168306 0.500127 0.506304 0.31373453 1.0
149.2352356583942 166.85279902568956 0.186986 0.065936 0.32437113 1.0
153.71735722070093 166.69740944492113 0.551435 -0.007257 0.32360744 1.0
151.76744980245203 143.82654614855284 -0.230437 -0.072816 0.26799858 1.0
151.71842397746835 143.8998775642488 0.269225 -0.138404 0.2673275 1.0
151.70444026200673 134.11380089926516 -0.015543 0.139296 0.24518648 1.0
153.54333275354074 135.6273415120859 -0.08343 -0.082971 0.246663 1.0
157.1895756756186 103.27975511889767 0.537885 -0.094301 0.1827596 1.0
244.06431137074347 150.08247599955735 -0.294966 0.274878 0.30622208 1.0
157.36433279307016 97.01221474279365 -0.116418 -0.32102 0.17092688 1.0
157.36787040396194 94.64661960529988 -0.483734 0.368383 0.16763116 1.0
153.5229081295096 147.09751947319 0.099979 0.151811 0.2670164 1.0
164.23946937690167 134.46084804637826 -0.186136 0.090308 0.28392166 1.0
178.67040696806774 134.80605800676136 -0.028331 0.001488 0.2944255 1.0
176.55280053427794 152.7062290146497 -999.0 -999.0 0.32900313 1.0
182.6757411848813 151.61944659680233 -0.280287 -0.093342 0.3238214 1.0
142.1645425815927 127.01886715313778 -999.0 -999.0 0.24147783 1.0
137.0203942836835 122.19654902314468 -999.0 -999.0 0.22772144 1.0
243.6295423904475 144.61464076856964 0.040466 -0.268741 0.30823946 1.0
210.96586338923163 115.57352987475562 -999.0 -999.0 0.23023611 1.0
183.46979763863962 165.83807088689923 -999.0 -999.0 0.3351039 1.0
194.06493324897707 118.67451770296637 -0.145227 -0.109893 0.22349049 1.0
195.889812486677 119.323004343344 -0.056807 -0.681305 0.22480752 1.0
170.4626786293201 99.28667478428288 -999.0 -999.0 0.17931423 1.0
152.4529316271502 169.05341902821286 0.076555 -0.122832 0.32332635 1.0
190.862051946468 124.2499838422673 0.069076 -0.242998 0.22793728 1.0
200.95070230245707 127.90569433268135 0.34048 0.054525 0.23655118 1.0
202.06329486840892 127.9210855787928 -0.016874 -0.060435 0.23728271 1.0
261.7404920295535 136.0327659847631 -0.26276 -0.017531 0.27058738 1.0
218.2655213618809 120.77143514635799 0.036879 -0.014 0.24699613 1.0
224.99142822959783 131.78305948044226 0.371207 -0.133017 0.2643723 1.0
174.92508841079623 97.82817495353028 0.066638 -0.193827 0.17571683 1.0
218.1085087412879 121.66057920981999 -0.105045 -0.308078 0.23315829 1.0
263.235180579999 145.2234431447561 0.260089 -0.089868 0.2974437 1.0
280.96025236277603 241.23090057150023 -999.0 -999.0 0.3407878 1.0
196.81047457261073 199.2269491402938 0.137463 0.37746 0.31450492 1.0
226.59768368065812 203.22086627976213 -999.0 -999.0 0.32902864 1.0
218.0463993926905 178.2583108809687 -999.0 -999.0 0.27614298 1.0
194.64171070910695 215.1021652930528 -999.0 -999.0 0.34109586 1.0
232.72502687398082 193.13309440230194 -999.0 -999.0 0.29929236 1.0
328.243000117796 202.84379897414212 0.237836 -0.137151 0.339971 1.0
331.93365056558997 193.69558849986976 -0.1811 -0.143588 0.32261595 1.0
344.34877878762546 200.9532163232916 -0.234616 -0.425545 0.34240088 1.0
350.4297041725042 199.42382980711852 -0.110339 0.116964 0.3418378 1.0
168.71376905017823 197.04338324118905 -999.0 -999.0 0.28577682 1.0
151.53128601906542 167.51690295083674 0.249575 -0.129965 0.23166372 1.0
186.37519449519817 185.45827535646927 -0.356566 -0.153124 0.26682535 1.0
169.88107989265092 174.30614268084176 0.417756 -0.430571 0.23888667 1.0
289.69603369406235 209.04104661971192 0.30773 -0.189307 0.3222341 1.0
293.29054832210795 210.09787878452727 -0.030313 0.076489 0.3254498 1.0
289.2323743481672 219.2315600380873 0.476195 0.288227 0.33428654 1.0
264.8254989498883 230.49545520195176 -0.341588 -0.244396 0.341037 1.0
140.34820158965695 176.92486791598049 -999.0 -999.0 0.25795388 1.0
196.78071369277356 220.07625889661827 0.254455 -0.088091 0.35456124 1.0
323.47005848827877 188.36672153668593 -999.0 -999.0 0.31603327 1.0
325.7272175943545 188.73315512179093 -0.447459 0.130432 0.31813347 1.0
166.49726631065155 184.14960473454784 -0.325944 -0.026387 0.2666152 1.0
212.3262602473789 198.75251885072944 0.018919 -0.250281 0.30123633 1.0
229.52456083982574 185.35609540510947 0.320568 0.106613 0.27079108 1.0
240.81881692687924 186.54417297592616 0.087853 -0.043559 0.27398118 1.0
213.05595143512065 212.27344602696732 -999.0 -999.0 0.3090868 1.0
280.88776026062504 224.39183244025634 -0.02932 0.025533 0.34371698 1.0
320.81864003909544 217.4802704621037 -0.335342 0.039517 0.33902788 1.0
231.12087916259165 215.8718612904336 0.025766 0.053946 0.3079744 1.0
246.92458345019799 199.26471525995277 0.162774 -0.088076 0.27365652 1.0
153.6113891135687 171.64901120109988 -0.250318 0.04925 0.30847892 1.0
148.0687192949474 148.83378760022168 -0.061708 0.357974 0.2544185 1.0
222.5451768837256 155.23816538136614 -0.029046 -0.195117 0.2820225 1.0
253.45340705984418 167.2467761277614 -999.0 -999.0 0.31918183 1.0
285.7546809884776 175.85680638443847 -0.228567 0.023516 0.35132635 1.0
248.17197078332737 128.2013244547828 -0.270553 0.400039 0.23347671 1.0
121.56934642637934 161.19079855447305 -999.0 -999.0 0.26817897 1.0
121.68069711825791 160.71695774360617 -0.190381 -0.535658 0.26867953 1.0
235.1328364255992 172.50637155946092 -0.118408 -0.114258 0.31552258 1.0
230.29995516167457 151.6341081601764 -999.0 -999.0 0.26816183 1.0
297.90760503509404 162.30779259832443 -0.154215 0.037564 0.3058289 1.0
256.1426409137236 137.4850729792467 -0.172276 -0.026907 0.24669717 1.0
178.32648074599157 104.53855757923091 0.042953 -0.007344 0.1642528 1.0
139.21770065280006 199.26797622653712 -0.0231 0.077708 0.33827022 1.0
317.434459860386 193.05369281128176 -0.094452 -0.507433 0.35778302 1.0
292.31131102801817 176.06293951113602 0.039615 0.418153 0.31240046 1.0
283.5237102748797 163.56775165618754 0.004967 0.046393 0.28767145 1.0
148.31985478480414 189.20523903578584 0.02968 -0.312549 0.30250627 1.0
144.79218945854558 125.8518299753392 -0.281811 0.504892 0.18150304 1.0
243.48126082610096 185.555244941846 -0.311204 0.172512 0.31212392 1.0
98.29139719629342 126.4041324396669 0.119031 -0.042494 0.17072402 1.0
153.5120939386459 196.72963585396093 -0.03005 -0.132737 0.30675185 1.0
139.0192701401807 160.3478852569165 0.132942 -0.099947 0.2359825 1.0
337.2451175976303 201.70982542412958 0.229377 -0.043704 0.35615626 1.0
329.310193548963 181.59189525641906 0.158865 0.114545 0.3152797 1.0
105.15764978495447 132.37963903939686 0.049183 0.040463 0.21903114 1.0
129.38289844051252 154.14300123227306 0.087211 -0.391966 0.26991358 1.0
232.9770494831749 170.16583375553884 -0.067427 0.025381 0.32372683 1.0
294.6990282612869 157.54677424279043 0.147109 -0.261751 0.3137137 1.0
281.0234673856368 148.34645890501633 -0.080445 -0.112108 0.28870845 1.0
253.77387665555372 133.2761011550082 0.293906 0.256191 0.24931338 1.0
232.21370217905883 169.95550355167805 -0.217681 0.157845 0.31492746 1.0
179.82384314031324 109.22766132407693 -0.324962 0.090351 0.17948717 1.0
113.91382043557014 165.55910551187392 0.493153 0.081673 0.27068058 1.0
147.0091572982337 153.9602395662413 -999.0 -999.0 0.25142297 1.0
205.8628364842299 186.59042739578823 0.249062 0.053603 0.3383199 1.0
214.03736862158948 158.8381180026582 0.569432 0.02625 0.27568936 1.0
125.78508385453925 179.31416702110795 -0.254929 -0.094768 0.29350355 1.0
238.21890472032973 179.64196853605472 -999.0 -999.0 0.31385154 1.0
147.37461172096076 193.74138488354345 0.393172 0.07682 0.31530243 1.0
335.5068339203221 193.7861504894905 0.1613 0.450017 0.3592303 1.0
341.6854652157274 186.44827863914688 -0.214072 0.360369 0.343593 1.0
126.50822649165282 182.49817951164678 -999.0 -999.0 0.2797251 1.0
126.20724143203638 176.47358256393056 -0.149131 0.130458 0.2685149 1.0
147.68726262053767 131.14591152778814 0.012123 -0.239364 0.18913022 1.0
158.34745853656867 138.99414826560192 -0.290613 -0.02683 0.20191926 1.0
224.68192350704496 171.18761597956285 -0.259762 0.004905 0.27441624 1.0
261.2284664940129 188.28881495256724 0.130681 -0.052395 0.31579435 1.0
298.69606856753586 182.59903498634026 0.497871 0.031156 0.30992082 1.0
185.59928061380185 138.30496574742057 -0.456945 -0.049867 0.27097204 1.0
119.7701797073046 167.19555684229337 -0.123645 0.080651 0.3059659 1.0
110.98208970736681 143.64585938364132 -0.047328 -0.185764 0.24952501 1.0
244.0496372483449 156.07669812961706 0.146393 -0.4284 0.30723667 1.0
194.13888870295358 141.4306440678234 -0.302017 0.400749 0.28645557 1.0
170.10993863405284 148.15444312248204 0.100724 0.309362 0.27664325 1.0
268.9678398536762 151.9358353631506 0.010569 -0.375176 0.3108699 1.0
162.30662371863275 184.69903750727886 -0.369631 0.014665 0.35615796 1.0
205.87620545786424 168.23589253900053 -0.487884 -0.000595 0.320694 1.0
242.98394456343394 131.21616864585877 0.445221 0.277935 0.2461086 1.0
259.9603159015804 135.03331031818792 -0.41038 0.268212 0.26271415 1.0
207.2497311188437 184.32584119332728 -0.030701 -0.028987 0.23554137 1.0
264.1381215273049 232.8811809425897 0.176505 0.089552 0.33331335 1.0
277.7257416660302 222.90469996748266 -999.0 -999.0 0.31564784 1.0
279.6362160941488 222.4508766584769 -999.0 -999.0 0.31710437 1.0
106.6112134107367 145.85895875725637 -999.0 -999.0 0.20211913 1.0
98.32699739413282 121.15187307801047 -999.0 -999.0 0.16180666 1.0
132.04830713575362 163.16849317256725 -999.0 -999.0 0.23650748 1.0
139.9087321356877 160.7035875734102 -999.0 -999.0 0.23108186 1.0
142.89458270023582 163.92040516238347 -999.0 -999.0 0.23695858 1.0
175.9496765412492 201.05956319527115 -999.0 -999.0 0.31452125 1.0
122.07510891775222 133.0446740829373 -999.0 -999.0 0.18280421 1.0
181.79196302394135 199.79875404686967 -999.0 -999.0 0.31543872 1.0
189.97992591163634 203.80009499665633 -999.0 -999.0 0.32241744 1.0
124.0168934259733 131.88616408815892 -999.0 -999.0 0.18067643 1.0
129.85786893569244 133.4502497659484 0.122413 0.262696 0.18387409 1.0
229.13996248995815 201.2399955548691 0.095652 -0.092581 0.32806748 1.0
153.97221698211183 131.28576671406796 -999.0 -999.0 0.184705 1.0
187.17606984772974 156.29896208221194 0.109812 0.370311 0.23010617 1.0
249.40110723953444 197.19410355578088 -999.0 -999.0 0.32079157 1.0
288.12470655733455 195.16000745608468 -0.006434 0.009026 0.32695743 1.0
119.3178322061011 155.3653047933613 -999.0 -999.0 0.21417779 1.0
182.12020486534004 190.28272877242324 -0.063429 -0.064565 0.2858592 1.0
132.8209856737121 135.2224477847319 -0.135201 -0.026084 0.18234582 1.0
159.19184005523067 161.51453152414007 -999.0 -999.0 0.23034516 1.0
231.2834597639806 221.71586224810667 -0.120164 -0.134362 0.35785195 1.0
244.08378751749433 204.64364263143347 -0.045178 0.036322 0.32531524 1.0
234.88526998259405 191.54193703878693 -999.0 -999.0 0.29754743 1.0
189.2696569076082 148.36601639448514 0.165617 0.033716 0.21279706 1.0
179.83910980094333 134.09578897550114 -0.083494 0.113013 0.18676879 1.0
225.04455922349393 165.50855878776983 -999.0 -999.0 0.24746405 1.0
290.1884297499442 197.33103107392583 -0.359439 -0.179192 0.31842563 1.0
276.57146524099585 179.27181616787786 0.027998 0.127584 0.28374213 1.0
275.0875161929375 164.79090527729068 0.227829 -0.028354 0.2546153 1.0
343.3480637469522 200.74589018065353 0.307571 -0.001664 0.34170255 1.0
352.7470247636713 198.71057425557046 -0.001274 -0.322351 0.34104842 1.0
156.6570367599389 188.1216793274111 -0.130484 0.136046 0.27018154 1.0
192.98649678085584 226.32144902895263 -999.0 -999.0 0.35239598 1.0
144.6129746940746 160.12182335455773 0.155998 -0.120743 0.21835865 1.0
148.23619815994002 163.07956050501684 -999.0 -999.0 0.22408542 1.0
149.4062918940109 163.29066321955418 -0.086559 0.203462 0.22523265 1.0
144.0206535727829 137.9360164453271 0.044053 0.065458 0.18388548 1.0
146.29544339760798 136.68204721360894 0.181965 0.01847 0.18124683 1.0
230.804781853568 214.65245737296024 -0.000121 0.496069 0.33450428 1.0
153.5142705317866 136.11759362889933 -999.0 -999.0 0.18025658 1.0
187.78503365322433 135.25790696409723 0.147364 0.196931 0.18626341 1.0
298.55596312146116 198.72387856807975 0.27519 0.328939 0.31639847 1.0
186.59675502043706 118.51404213805509 -0.404001 -0.025898 0.1613301 1.0
313.3854575702587 196.70912511219888 0.164877 -0.061548 0.31729245 1.0
335.31302162150337 207.38487223498555 -0.109581 -0.008857 0.3430985 1.0
210.8649321105555 193.8656538690911 -0.09715 -0.012863 0.27898452 1.0
271.4856072483112 214.89443021081186 0.068089 -0.406057 0.33148572 1.0
281.76902749619035 217.24750658737184 -0.51652 -0.024129 0.3359666 1.0
191.37112724324558 136.76331721457248 -0.075289 -0.301341 0.1823315 1.0
170.12602283884942 170.189511439221 0.200695 0.080022 0.22515093 1.0
202.72495255263823 201.92533082668285 -0.045088 0.051772 0.28174376 1.0
196.0163842398843 192.09586961668782 -0.000584 -0.056851 0.2645518 1.0
289.8198339410346 219.91317154931787 0.103304 0.22569 0.334122 1.0
293.48187620617483 218.58077369769765 0.020042 -0.115907 0.33400646 1.0
200.03236092430615 189.74829700628752 -0.233588 -0.113925 0.25445527 1.0
279.8458605772166 234.60438947425106 -999.0 -999.0 0.34862807 1.0
283.62836744826785 234.39642359498689 -999.0 -999.0 0.34858412 1.0
293.4648691480931 237.40292480273374 -999.0 -999.0 0.3583032 1.0
294.41279766972684 236.8063284534548 0.319934 -0.275515 0.358836 1.0
265.76544877002954 210.900928652555 -0.052151 -0.088015 0.3026304 1.0
148.0844125202598 213.84215131969844 -0.206144 -0.295774 0.3335692 1.0
124.63529937003786 164.82756027633494 -0.084199 0.048986 0.23249811 1.0
177.78227877707133 216.5422832692963 -0.107007 -0.366762 0.3445356 1.0
130.82087564284498 154.38953257302077 -999.0 -999.0 0.2178893 1.0
189.6981001128042 215.94957693183326 -999.0 -999.0 0.34387204 1.0
195.71769752235264 218.235979652683 -0.378081 0.032265 0.3510202 1.0
197.11341154937702 217.40918509305507 0.040558 -0.043096 0.34929374 1.0
163.87413583755287 179.4521069484169 -0.3453 -0.28344 0.26749128 1.0
169.12455812184888 180.31135781933907 0.019424 0.100041 0.2680896 1.0
163.3443261569273 157.92959875857167 0.340994 0.187485 0.2276522 1.0
227.00584892767466 205.61679721822375 -999.0 -999.0 0.32898304 1.0
237.53208738842724 211.83113024472394 -999.0 -999.0 0.34543768 1.0
156.55723434803707 132.71955674264086 -0.094031 0.040674 0.1855212 1.0
207.18515998780896 154.56978151592395 -0.073276 -0.159764 0.22707114 1.0
162.72062716357703 116.88524818640958 0.200831 0.229188 0.1615079 1.0
255.10285408653064 160.91839006628192 0.004097 -0.136625 0.24897513 1.0
256.7302300044866 161.85615325646074 0.124083 -0.275066 0.2511339 1.0
256.1792637995415 160.92018289511603 0.035253 -0.231718 0.25019577 1.0
166.84989421941577 221.9558723244156 -0.193625 -0.466833 0.3471976 1.0
176.13830594944693 224.64873894615982 0.175393 -0.24917 0.34898692 1.0
121.84249931862571 152.85315465550084 0.338982 -0.287267 0.20551962 1.0
185.62455952185243 220.2969759195091 0.079983 0.020123 0.34267756 1.0
147.86517921094062 170.47831799620656 0.027612 0.012322 0.24066004 1.0
133.80737104674773 152.0192811249757 -0.229858 -0.248542 0.20549616 1.0
150.57978030229458 166.31721437815796 -0.20621 0.005924 0.23098905 1.0
151.30193507850547 163.379888522813 -0.035784 0.199793 0.22698869 1.0
164.3494204595416 173.24078245936803 -0.088774 -0.025348 0.24808548 1.0
184.66052474342598 194.10049080330296 -0.283605 0.445893 0.28674415 1.0
160.4850974531144 162.36772811933704 0.592911 -0.126429 0.22855757 1.0
161.18226812326057 163.48383976525267 0.247394 -0.015843 0.22899196 1.0
162.08759715241004 163.7299493031396 -0.416224 -0.282543 0.23052278 1.0
138.22469450776205 138.74172635898506 0.105413 -0.061175 0.18482862 1.0
136.76548148710725 136.71795784206432 -0.308259 0.110566 0.1837555 1.0
140.53517855524714 135.04109213688255 -0.01487 0.198166 0.17969729 1.0
175.00476500131649 153.03698429707887 0.134377 -0.072836 0.21308137 1.0
251.10121406695515 207.8205338378103 -0.039387 -0.378609 0.32741487 1.0
261.395946168135 180.0482565285522 -0.1475 -0.015887 0.276659 1.0
219.71627384172194 149.76076826747595 -0.017493 -0.216923 0.21662903 1.0
292.1673349769524 198.08775884464657 -0.014711 -0.046052 0.31961626 1.0
302.0030816001286 198.04349641004245 0.005457 -0.273222 0.31923446 1.0
314.13475240250676 196.5384369481397 0.433305 -0.139575 0.31763136 1.0
350.0978194406299 201.91948421189113 0.093856 -0.186164 0.34365407 1.0
166.11920278837857 198.33545358299148 0.000688 0.054158 0.28631878 1.0
194.24454223971776 229.8146129897321 -0.051724 -0.175876 0.3525402 1.0
169.6545497633313 170.17678233177645 -0.405883 0.190513 0.23428623 1.0
187.55853235812424 168.97337376945185 -0.290879 0.015732 0.23536351 1.0
263.90843719188274 222.81263458652816 -0.080296 0.152729 0.34879363 1.0
280.62741125074007 226.11013577790192 -999.0 -999.0 0.35937393 1.0
183.88966527769753 141.339268643789 -0.001115 -0.51891 0.19081648 1.0
187.16700792215204 135.70098264225678 -0.053463 0.352266 0.1834651 1.0
299.879300262906 205.52055128482172 0.200151 -0.195932 0.3240589 1.0
169.9709117593736 170.00291009945525 -999.0 -999.0 0.22820374 1.0
269.4218484456272 227.6502367577028 0.072183 -0.167551 0.33694556 1.0
298.5276948292609 217.00494607637222 -0.094396 0.281855 0.32671177 1.0
288.4497066301082 236.56971715047015 0.304234 -0.112772 0.3529814 1.0
145.68455001561168 179.6817352114469 -0.039248 0.520584 0.32771188 1.0
91.96368987921052 111.77349844569343 -999.0 -999.0 0.1745546 1.0
94.80218946903327 112.44247815978626 -0.118344 0.033182 0.17626241 1.0
95.85281755269608 113.10686368700463 -0.248778 -0.079979 0.17687128 1.0
160.54644346734378 179.72578302628375 0.237498 0.245728 0.33083478 1.0
201.45719237214297 178.0440520564685 0.173695 -0.179926 0.3328554 1.0
149.26480776260743 118.76897948960875 0.11745 0.299835 0.19481066 1.0
223.287773897181 168.419142634041 -0.249093 0.175787 0.31180513 1.0
212.64670634372004 156.97282492570812 0.069926 0.228222 0.28585812 1.0
218.91738532879467 155.15358998628756 -0.063133 0.116092 0.28110886 1.0
176.85249003529387 99.94276087248814 -0.42827 0.422663 0.16599387 1.0
128.66074829021787 169.01115883962603 -999.0 -999.0 0.28708315 1.0
109.24531924399534 145.00524736041095 -0.273633 -0.104381 0.23280542 1.0
111.17971094555314 147.580861245955 0.112671 -0.074909 0.23769 1.0
130.04880979925858 145.24954296743894 0.51874 -0.043128 0.23469208 1.0
130.21533981502452 145.10538389479527 0.100179 -0.014837 0.23380491 1.0
128.79969381118264 127.80481269121627 0.228191 -0.179419 0.20256191 1.0
218.6129708215505 175.70374469757368 -999.0 -999.0 0.31745878 1.0
234.83100923202133 173.7850163822228 -0.259473 0.083161 0.31556535 1.0
237.65207614523118 173.87350344341147 -0.12787 0.243923 0.31604245 1.0
241.15713064652113 174.06824964273568 0.446188 0.206259 0.31667107 1.0
228.95023671401373 156.65239666930248 -999.0 -999.0 0.2755293 1.0
293.700008640049 161.54229932830668 0.130702 -0.090836 0.30398548 1.0
301.879429735079 159.7167052923829 -999.0 -999.0 0.30495495 1.0
135.35637375060537 177.30326962229142 -999.0 -999.0 0.29788005 1.0
118.8541727316004 150.68303524521087 0.272092 0.158745 0.2355077 1.0
119.05415541772017 149.01251415201597 -999.0 -999.0 0.23199332 1.0
119.55125039961153 149.5443597216583 -0.584167 -0.035126 0.23331068 1.0
183.2468547790467 194.61213098304447 0.256981 0.088642 0.3411367 1.0
133.72601577374684 134.3903122503529 0.350794 -0.217933 0.20698524 1.0
199.03259737045155 197.57934732770437 0.199036 -0.151919 0.3515021 1.0
203.20455560089846 180.28994869972556 -999.0 -999.0 0.31480634 1.0
209.7190179306168 179.12354094594158 0.30933 0.176187 0.31094468 1.0
249.8746348947076 181.98558567668329 -0.07751 -0.059658 0.32858342 1.0
203.2596174979068 143.23550450489947 0.073943 -0.079448 0.2371614 1.0
321.6675773187893 187.29847179999706 0.342886 -0.363398 0.35953426 1.0
121.21300523404663 150.90883760640065 -0.336052 -0.106062 0.22782452 1.0
142.10194348923082 168.86184695857952 -0.07137 0.123262 0.2662181 1.0
149.5760889113681 151.1399626173516 0.027995 0.007032 0.23237847 1.0
156.45401195196143 130.25038331937589 0.133749 0.07597 0.1981424 1.0
233.0380625443339 181.2023480223988 0.09201 0.259591 0.30872467 1.0
95.10345070023396 132.8431552505197 -0.025213 0.086736 0.18755648 1.0
112.87274755774685 158.60783533810496 0.03936 -0.457052 0.23460694 1.0
145.08600370251224 189.71492900838223 0.030233 0.019403 0.30079505 1.0
100.29050029843324 117.91199816475495 -0.310474 -0.011786 0.1645323 1.0
100.8000540174224 118.47988914809369 0.083164 -0.261452 0.16394623 1.0
135.9909397226691 156.4355157999542 0.066909 0.167997 0.23407756 1.0
174.8518010881462 199.97889170191868 0.096141 0.044184 0.32984352 1.0
141.8287541867642 139.71751210473104 0.085339 0.282503 0.2050681 1.0
130.62643886622183 127.96056381870315 0.11452 -0.399143 0.18382746 1.0
161.65310793109973 153.35309735059943 -0.305701 -0.176568 0.2324771 1.0
167.82048905309418 152.62654029100443 -0.161437 -0.030633 0.232932 1.0
226.2257154177557 189.33238722661065 -0.255083 0.348375 0.3178219 1.0
231.70193336761625 189.36103787186246 -0.12656 0.036001 0.31760457 1.0
194.26385841331236 157.53070401322526 0.234066 -0.110082 0.2433158 1.0
180.09708700224212 140.81790380732843 0.115739 0.629686 0.21367873 1.0
182.11779813683717 141.4253918892999 -0.012382 -0.313215 0.21312422 1.0
228.48734371627103 178.42283245702018 0.242059 0.387671 0.29196858 1.0
223.81631114722742 170.09841812847623 -0.148179 0.115654 0.27382028 1.0
143.60122145349803 213.0034607464634 -999.0 -999.0 0.34736702 1.0
106.74603726401867 131.68984306744494 -0.048961 -0.162309 0.18221585 1.0
176.12704613435417 209.0035115340099 -0.385838 -0.240442 0.33981115 1.0
139.92713517963765 161.04572310068727 -999.0 -999.0 0.2357027 1.0
142.55854163195323 155.29630883174272 -0.036624 0.217171 0.22563882 1.0
193.38166502859278 202.06439044215207 -0.405278 -0.233968 0.32822955 1.0
190.28135464272125 196.8773558954206 0.382224 -0.052121 0.31525669 1.0
157.8587196907602 142.63356282893207 -0.015349 0.12899 0.2047135 1.0
155.9748918068874 138.77973737595653 -0.132746 -0.153709 0.19978563 1.0
151.31351150590828 131.48678432420013 0.108814 0.06173 0.18546243 1.0
171.58599195612314 145.6496628157404 0.169306 -0.105573 0.21168007 1.0
183.66638062755604 154.40358761785652 -0.084188 0.110031 0.23011656 1.0
227.34107141837268 188.03895662495538 0.105523 0.406461 0.30246174 1.0
188.99222752993785 155.12808533919693 0.08672 -0.369604 0.23056565 1.0
195.64366771867984 144.5616339395445 -0.164234 -0.287321 0.2146064 1.0
269.69131340391834 189.225739333002 -999.0 -999.0 0.31599107 1.0
80.50234855997336 109.38846561131112 0.577767 0.184128 0.17170882 1.0
132.72235572342206 168.87450135891984 -0.371861 0.21557 0.30488724 1.0
159.47634254433692 177.10551707817476 0.133823 0.239909 0.33043194 1.0
189.31866344269903 180.8382731156636 -0.210004 0.276629 0.34254327 1.0
205.16492385119605 180.10709930499021 -0.244345 -0.156618 0.34264004 1.0
185.00343029498003 154.32277571252138 0.154281 -0.07125 0.27810156 1.0
215.80048892992343 169.372094246455 -0.045444 0.065481 0.32001036 1.0
214.13549642065266 167.91801774814397 -0.092644 0.06156 0.31752974 1.0
150.7607308384749 109.81392483401774 -0.097116 -0.104617 0.18131056 1.0
199.85736973487562 129.08056301045625 0.042914 0.06231 0.22800715 1.0
259.84900970600677 165.70915810470464 -0.019179 0.462362 0.32611257 1.0
261.74913126032425 156.9556833662693 -0.123603 0.000524 0.30584708 1.0
258.2085585313204 140.30467913451852 -0.074494 -0.126706 0.26546916 1.0
330.1212909799482 170.31647982756778 -0.231233 0.088008 0.35518262 1.0
134.61231670110695 184.58892275435412 -0.240905 0.183443 0.32800198 1.0
107.64761553642956 144.08417295928896 0.005497 -0.211229 0.23307256 1.0
152.31568785743758 180.55896432240232 0.248814 -0.01895 0.32518077 1.0
133.35539548271507 142.1149342923299 -0.04731 -0.30477 0.23532496 1.0
203.86671084728943 188.8631889682275 0.364471 0.085103 0.35327497 1.0
223.71635752106934 171.37491426451325 -0.440809 -0.141187 0.31796464 1.0
149.7503144221132 113.22250461310583 -0.038992 -0.187822 0.18266824 1.0
270.3579791703565 179.29951591972213 -0.31708 0.139831 0.34728014 1.0
283.4854907172868 152.50065497198523 -999.0 -999.0 0.28843892 1.0
236.77014754318677 127.66339934975247 -0.165554 0.069553 0.22516032 1.0
247.73343841134187 130.36834175039874 0.2384 0.064536 0.2326118 1.0
338.3469429192853 174.16677998663982 -0.090202 0.098129 0.35912302 1.0
138.242176473334 177.40387235739922 0.185043 0.169192 0.29975873 1.0
139.63298688291454 164.59553109319657 -0.069712 0.017893 0.27465048 1.0
164.82311466097448 188.7216619935464 -0.276523 -0.08971 0.33273026 1.0
132.75749171161485 129.94037243017834 -999.0 -999.0 0.20246284 1.0
204.7448029983544 194.4030766639005 -0.266702 0.093883 0.3551583 1.0
205.35223238097964 194.83290015224517 0.289161 -0.066766 0.35505116 1.0
217.56963696126692 178.1898713480309 0.052349 -0.15333 0.3152612 1.0
154.87638827410967 123.94509906358233 0.185412 -0.086978 0.19441041 1.0
179.58669605939994 140.86593237993839 0.166762 -0.04882 0.23155794 1.0
158.13532917078862 123.79473842235831 0.239097 -0.041504 0.19588889 1.0
230.7725142297689 174.29667327663256 -999.0 -999.0 0.30953255 1.0
185.01044052675135 138.70799594833167 0.192106 -0.018505 0.22569036 1.0
286.15670793816315 187.1175333028183 0.281478 0.141718 0.35926148 1.0
166.30937150133568 105.17983368475983 -0.171646 0.080953 0.16514544 1.0
250.42002113520823 156.3521192011572 -999.0 -999.0 0.27837488 1.0
273.1527780969355 160.815233152265 0.090028 -0.525715 0.2898799 1.0
292.0920106232478 156.15737276627863 0.179611 0.107502 0.28922734 1.0
112.33724718103767 153.67423027060374 0.015911 0.017497 0.23648165 1.0
112.86664390475262 154.4784072989584 0.075046 -0.262258 0.2378075 1.0
136.34250730720598 181.6355576348479 0.091249 -0.065356 0.29798242 1.0
97.65757039914334 125.59813249645593 0.107112 -0.263305 0.18378806 1.0
99.52034173662376 127.3237680057552 -0.120134 0.249637 0.18695562 1.0
114.9993162966666 134.92080380265892 -0.048646 -0.079955 0.20161985 1.0
187.05189668992907 197.87580439345595 -0.248537 0.051694 0.3496524 1.0
134.75975241554895 134.95003308214783 -0.241517 0.046219 0.2034627 1.0
174.37287402400702 146.80602443320942 -0.272809 -0.208638 0.23171912 1.0
154.50309384227506 128.6729042173032 0.184903 -0.247702 0.19545433 1.0
136.43963282514164 110.93882003290963 0.206745 -0.224356 0.16359417 1.0
148.8067694904313 188.09812146634772 0.184273 -0.101269 0.30284807 1.0
161.05349226105795 169.9853481206972 -0.002866 0.02135 0.2694653 1.0
135.1670699845766 138.24765474547306 0.194 0.027935 0.20390865 1.0
138.70639929170284 138.29304316555064 0.149604 0.100925 0.20486644 1.0
164.00261279766906 151.51131224095 0.208536 -0.081979 0.2315227 1.0
145.76223796114064 124.36067631805949 -0.179745 0.310074 0.18306418 1.0
186.48397871898206 154.01101752892492 0.017887 0.048027 0.2401696 1.0
139.69232709479496 113.02213739638486 -999.0 -999.0 0.16339782 1.0
223.85441115483985 169.03486638966382 -0.641164 0.017648 0.27569106 1.0
206.07001112435546 143.1511770086762 -0.073127 -0.276746 0.2263458 1.0
199.4620523260589 137.06821386846443 -0.270337 -0.421335 0.21191047 1.0
243.98467345560874 167.05463365588238 6.5e-05 0.205717 0.27705747 1.0
246.40710332202693 165.8711746802446 -0.122813 -0.322443 0.276421 1.0
264.0355224003796 171.76736115692253 -0.03675 -0.043703 0.29282737 1.0
315.80064419663256 175.2852713482633 -0.267288 -0.19291 0.31089243 1.0
142.97122072187793 211.21089995695468 -0.133114 0.228057 0.34378693 1.0
122.57793121097596 176.88983113067277 0.247994 -0.085493 0.26835352 1.0
126.49397725880702 182.88315761519357 -0.608473 -0.418319 0.28079125 1.0
123.70265495823236 177.1628652002867 -0.14934 -0.194265 0.26731437 1.0
145.46841960138718 204.66484710031256 0.094052 -0.020019 0.33155966 1.0
145.13414890271287 204.1145106946449 -0.079778 -0.436576 0.32977626 1.0
158.25193298734848 199.34004727595942 -0.007433 -0.402476 0.32085228 1.0
126.75251355380705 150.72767027465827 -999.0 -999.0 0.2189995 1.0
134.48666254536798 154.07793124363468 0.006267 0.018147 0.22569251 1.0
201.48355924256907 171.08477201512898 -0.146272 -0.140501 0.26609093 1.0
166.2894149329594 123.68491263396226 0.218829 0.106174 0.177914 1.0
331.2079624122167 194.49667461564482 -0.238726 -0.11817 0.3486876 1.0
341.38360957390785 192.05389929420318 0.19545 0.089639 0.3477389 1.0
134.6803617167794 110.17588597580692 0.175569 -0.008095 0.19827136 1.0
154.9847533748786 108.64886552096274 -0.069539 -0.12029 0.1996172 1.0
125.28970976232438 162.97453809624844 0.034316 0.269934 0.30028802 1.0
138.2122005554793 122.7539688147695 -0.341328 -0.150077 0.20931697 1.0
177.95688186605094 157.1493907385477 0.010701 0.213142 0.29351628 1.0
212.12114469792624 169.82196773223538 -0.096342 0.044335 0.32968882 1.0
210.86590043352598 166.6152481189935 -0.006209 0.429611 0.32210973 1.0
226.70529805501965 172.38253496166396 -0.173458 -0.516931 0.3432021 1.0
163.04634526393352 104.90923843453187 -0.263831 0.079532 0.18121023 1.0
223.57607276813806 144.68015440701404 -0.161664 -0.096384 0.2726363 1.0
151.68989435830287 107.1528967428873 0.125277 0.249668 0.19756651 1.0
154.34949065531342 110.30029543893332 0.027031 -0.206972 0.19783974 1.0
159.72750766154908 111.02987672648011 -0.001522 -0.363801 0.20011522 1.0
251.6610909162856 142.63914767706507 0.112393 0.095302 0.29315144 1.0
142.64344064320093 121.49138979186272 -0.104566 -0.105298 0.21003644 1.0
133.99930588315604 106.47582663263111 -0.075732 0.099284 0.17961596 1.0
155.2026110982357 113.93513468391066 -0.056816 -0.101281 0.1991803 1.0
224.32281711298612 160.21340149584464 -0.403303 0.150152 0.3164034 1.0
183.77149728422856 125.58439388427432 -0.150028 -0.106015 0.22700997 1.0
192.52714882130724 129.2733698557457 -0.184857 -0.116018 0.23904727 1.0
212.88425540333813 125.58561420389434 -0.088564 -0.075731 0.23488572 1.0
151.57340666422562 174.48713995679964 -0.117328 -0.061718 0.32827803 1.0
133.35521107336672 120.88843330397657 -999.0 -999.0 0.2014842 1.0
185.86825545814264 152.4938697747091 -0.027119 -0.025924 0.27963325 1.0
218.3735716843865 173.90476853675693 0.224534 -0.036619 0.34130946 1.0
216.96094388331153 167.33497876006584 0.324445 0.195201 0.32123244 1.0
209.9887195710075 130.6920488659207 -0.052243 -0.009668 0.23713733 1.0
221.87307757257608 122.26789356414884 0.258746 -0.38717 0.2227691 1.0
225.23166356110792 121.58913324762494 -0.196325 -0.461192 0.2234009 1.0
324.1035418549216 165.71396290261757 0.254525 0.231101 0.3532611 1.0
