X Y e1 e2 Z WEIGHT_SEEING
-4.699633631141253 -198.13490442124566 -0.133026 -0.125371 0.2532284 1.0
5.1688338467219435 -207.33142663603846 -999.0 -999.0 0.27161035 1.0
-5.547182722557017 -193.29386826095262 0.050119 -0.041484 0.2531915 1.0
8.398256909947552 -219.30033291069682 0.295812 -0.184446 0.3020233 1.0
22.382920720008563 -197.94824169423518 0.436271 -0.255416 0.26210576 1.0
2.56800912982691 -234.13909414463842 -0.21238 -0.192177 0.34405988 1.0
4.5886649448258545 -161.97279482623566 -0.266683 0.133424 0.20664902 1.0
32.782793518496966 -215.2246726315678 -0.301769 0.182225 0.3022477 1.0
-1.811579388614965 -184.42104282353753 0.294914 0.120488 0.25185382 1.0
3.962879136503772 -219.52022653464275 -0.277942 0.183938 0.32455796 1.0
15.86751105234671 -217.44629017527794 -999.0 -999.0 0.32050943 1.0
-25.779585520573622 -218.57033545046306 0.024077 0.074214 0.32966515 1.0
-26.71570349330222 -224.1279996039716 0.311583 0.15153 0.35700244 1.0
-11.813158093458517 -187.71211978440712 -0.314487 0.152105 0.27693108 1.0
27.840074630180478 -193.80265519900038 -0.26238 -0.130541 0.28778833 1.0
-4.248757990273467 -207.61409625006038 0.021215 0.079501 0.33385116 1.0
19.221251792096528 -168.63144690988653 -0.275795 0.036994 0.24583533 1.0
3.638279755589231 -168.47143783692064 -0.060285 -0.031267 0.2554041 1.0
20.49791979961337 -184.32543002735795 0.2335 0.042136 0.29164168 1.0
23.228322581247987 -193.2571054877749 0.180431 0.34202 0.3109571 1.0
33.7287916133277 -157.09027692187726 0.422984 -0.22398 0.23219341 1.0
-4.34582251281645 -160.38246573764675 -0.250294 -0.066587 0.24665107 1.0
2.6999854811283677 -172.45281978186452 0.14779 -0.243132 0.2734595 1.0
39.00409930395893 -186.38049338180366 -0.092012 -0.481544 0.34245548 1.0
38.60814060313165 -185.92271555640113 0.074731 -0.102266 0.3414803 1.0
-28.691888350339216 -204.27893797169452 -0.036719 0.14988 0.31512263 1.0
-19.15653240773082 -180.45484745269613 0.007397 -0.383009 0.26693824 1.0
-9.077097006971771 -143.66910840324752 0.06777 -0.174001 0.24368216 1.0
-1.4225893280966937 -166.06469960167112 -0.072793 0.62391 0.30111712 1.0
15.506643999270121 -148.44767683560454 -0.138388 0.077342 0.25728846 1.0
-5.1498163585467625 -144.75438663727203 -0.068617 0.117946 0.258897 1.0
8.495161428076498 -168.2161577178939 -0.076233 0.074139 0.31848827 1.0
27.437748673400936 -145.35384025895584 -999.0 -999.0 0.25648573 1.0
-2.8576732669329914 -156.23809070136934 0.199551 0.128874 0.29706573 1.0
3.5215826716008265 -162.62789691621097 0.265447 -0.07198 0.31359464 1.0
6.484476684762765 -150.55191271357245 0.088409 0.192609 0.2825257 1.0
7.561999395309877 -150.27925206949743 -0.24933 0.255517 0.2836172 1.0
9.784565883968645 -174.659506368282 -0.184692 0.592054 0.35075206 1.0
29.02488208021321 -155.22102261830386 -0.060736 -0.415522 0.29407436 1.0
-25.937748538197095 -163.48204213961532 -999.0 -999.0 0.35312515 1.0
-22.46312917641557 -152.5660513317896 -0.278877 0.463772 0.31313103 1.0
-6.171920406654477 -165.57236618848125 0.14902 -0.006838 0.3519175 1.0
28.588877661822416 -124.090553206694 -0.093639 -0.181438 0.23415305 1.0
39.18959451773774 -140.79387230413073 -0.154894 0.150697 0.28038943 1.0
39.341637368990206 -141.5380099777762 0.038911 0.162056 0.28018314 1.0
45.85150873723345 -150.4642381970532 0.257102 -0.266409 0.3061214 1.0
-9.460348402372475 -198.39433408315736 -0.050516 -0.020991 0.32212445 1.0
-9.22577382239988 -200.96913675066523 -0.093527 0.058403 0.32680452 1.0
1.1926149365069056 -193.94608422616798 -0.205578 -0.022415 0.30864918 1.0
-12.157424440401076 -195.75355746739777 0.080891 -0.478171 0.3259604 1.0
-7.819687073342278 -202.12877146952408 -0.245077 0.107024 0.3443032 1.0
-8.998567973896503 -202.59896658796822 0.060843 -0.20747 0.34450805 1.0
2.0232464681596753 -197.06621600933565 0.430106 0.150489 0.35361123 1.0
17.81851337880813 -156.5660394524548 0.352617 0.338968 0.25329822 1.0
3.6401589901455655 -191.32471081598385 0.309971 -0.550243 0.3522188 1.0
6.687816651170506 -189.9833610329666 -0.395971 -0.053995 0.3537929 1.0
8.151400034871006 -178.92359712206928 0.125802 -0.008971 0.31746456 1.0
9.180310219003747 -169.11873221059372 0.345328 0.497709 0.2975671 1.0
10.141367517226739 -192.66333599787254 -0.003993 0.107834 0.35844636 1.0
27.802780823662992 -164.81841495094233 -999.0 -999.0 0.2818514 1.0
52.40750275261592 -212.21097684563307 -0.208314 0.027197 0.33845323 1.0
50.11646263256654 -206.56537794910446 -0.018968 0.067618 0.35460055 1.0
70.1646383215766 -197.8960783159172 -0.068452 -0.020712 0.32983333 1.0
64.03829284401941 -186.58407214129159 -0.146204 0.388494 0.32623383 1.0
36.78989944239668 -152.210563816074 -0.101393 0.05819 0.25200146 1.0
66.05387988755018 -194.93822888652747 0.352514 0.114947 0.35977858 1.0
72.4567984639905 -177.57130137905682 0.28555 -0.065963 0.31582177 1.0
66.66047298819385 -196.38500274707235 0.402993 -0.109267 0.30842793 1.0
46.577890291630425 -124.67500348994861 -0.026317 -0.225781 0.16918617 1.0
43.69326048085314 -191.727572279898 -0.386837 -0.282368 0.30944383 1.0
-24.52406494834627 -182.1352332655037 -0.043379 -0.064893 0.29764864 1.0
-24.085433202365955 -199.68935732019213 0.146252 0.463357 0.35672575 1.0
-16.62037218597495 -163.71896192031977 -0.066385 0.056283 0.2647472 1.0
-16.138954702207464 -164.01893907427623 0.333762 -0.092759 0.2652185 1.0
64.19965877998584 -201.27516163046226 -0.676976 -0.084547 0.35491142 1.0
-17.532586623860606 -176.53641988686567 0.195491 -0.000889 0.3082665 1.0
38.87420983706273 -190.48916156982423 -0.141594 0.069147 0.34671998 1.0
6.255522191881598 -148.00970907793845 -0.155364 -0.040102 0.25097287 1.0
16.7730537505754 -150.18331300012977 0.120891 -0.09649 0.25563768 1.0
44.099972567428175 -177.58713246441192 -0.371309 -0.113572 0.32029393 1.0
-5.496505335865556 -248.902799566695 -0.046052 -0.122007 0.34293184 1.0
-6.784360420275295 -199.48888696453236 -0.036238 -0.082861 0.25290823 1.0
-9.876173957581619 -239.22058296489556 -0.011208 0.416182 0.33599222 1.0
17.13531081572088 -233.94905746657238 0.275951 -0.042629 0.324856 1.0
14.004725915385523 -183.3449289010304 0.186727 0.09368 0.23101607 1.0
24.34146002216599 -237.63760904673754 0.028368 -0.313249 0.33620834 1.0
-14.163832845043448 -239.812590918759 -0.251991 -0.060073 0.34866375 1.0
23.880204117094838 -164.42918282356493 -0.663523 0.072098 0.20662887 1.0
40.25405924644739 -221.25155224277316 -0.077497 -0.015465 0.30964437 1.0
43.0503892195209 -214.403177401066 0.346689 0.063125 0.2983004 1.0
45.90425722580176 -220.33620747120298 -999.0 -999.0 0.3090145 1.0
-14.447540432843 -238.80738824918598 -0.335504 0.293655 0.3596386 1.0
6.5462331004481955 -130.83549132226148 -0.082207 -0.171614 0.16090555 1.0
15.275664172313242 -228.2824860526171 -0.134537 0.000118 0.33561015 1.0
29.79793766958273 -172.6095092278837 0.13971 0.149118 0.2288597 1.0
-17.685706802512556 -219.9384512722333 0.262781 -0.068949 0.33129063 1.0
1.0665526199892532 -199.6294346222617 -0.767868 0.136841 0.28688875 1.0
9.776146142070388 -223.53901880286708 -0.153957 0.379985 0.33483517 1.0
28.189219986805345 -208.58362920862032 0.318953 -0.060499 0.3038006 1.0
33.41875233788288 -220.71646611123515 -0.049074 -0.117705 0.3284482 1.0
37.668192329892015 -209.00728819557438 -0.184741 0.012449 0.30325273 1.0
45.26638146556972 -219.34222953299843 -0.675822 -0.303115 0.3274877 1.0
38.628675373349324 -200.75693623264596 0.044921 0.270076 0.29923913 1.0
-9.636748804562439 -186.40701630219192 0.258791 0.483939 0.27798805 1.0
68.7696095683828 -214.2431635915672 -0.031186 0.048604 0.33774707 1.0
79.372854712587 -163.8364502838551 0.217128 0.047573 0.30061677 1.0
-12.012916413436345 -138.84655143610803 0.269115 0.128937 0.2521616 1.0
6.511885153074259 -153.68551688524036 -999.0 -999.0 0.3037976 1.0
11.98912123844133 -158.68616411327784 0.259194 0.008454 0.31660858 1.0
30.863840502471973 -154.4827874867248 0.011627 -0.564908 0.3037602 1.0
41.97540172997882 -133.31415919852623 -0.499058 0.27869 0.24601762 1.0
71.57038008033805 -143.62485967422379 -0.07848 0.303356 0.27058846 1.0
41.76665579198939 -128.0657032167997 -0.191365 0.006888 0.24404581 1.0
68.8389279852091 -141.7614130463225 0.180061 0.381 0.2831812 1.0
12.842494567207272 -159.90897428100513 0.247558 0.335731 0.35412636 1.0
12.334826711714538 -117.24264007291936 0.071669 0.167526 0.23098347 1.0
18.4581453499931 -145.86314531218494 0.279712 0.103239 0.254841 1.0
25.38942675324531 -149.69822375199294 0.171341 -0.04247 0.26500502 1.0
29.518301557572006 -170.82800032042292 0.111583 -0.348441 0.3167062 1.0
13.520086523464006 -154.35514119308056 -0.141576 0.340515 0.28658918 1.0
22.912930706600132 -152.86673137903827 0.204299 -0.420515 0.28212067 1.0
31.595882976970888 -153.50995753588225 -0.468738 0.549215 0.28387097 1.0
-11.13279115188157 -137.9424189649878 0.288829 0.316025 0.2530789 1.0
26.408774738951863 -148.06624806808466 0.106464 0.253787 0.2835475 1.0
56.61862152970157 -160.6308370410566 0.138037 0.400175 0.31444398 1.0
34.552811092095006 -143.1234478848836 -0.010896 0.274589 0.28015402 1.0
59.316605124629014 -144.27771918499067 -999.0 -999.0 0.2825486 1.0
66.74875567858707 -144.47975023437832 -999.0 -999.0 0.28251192 1.0
49.86609662702572 -147.21731744631555 0.207311 0.295811 0.30747226 1.0
43.898755316915214 -154.66151701866917 0.233785 -0.284872 0.35075378 1.0
60.17171701565926 -143.71120064946217 0.170548 0.776969 0.31340313 1.0
31.503177314851463 -128.21743645392925 -0.230776 0.286563 0.27324396 1.0
-28.530497670439534 -223.04248024984315 0.213723 0.263603 0.3383245 1.0
-9.564416804236028 -243.13332677007102 0.016071 0.407812 0.34303126 1.0
-6.678700379494877 -199.02371133235366 0.097472 -0.102263 0.25598454 1.0
-3.238736926005289 -148.00790976269602 -0.103494 0.053522 0.17368561 1.0
4.63904832806408 -176.80056817079415 -999.0 -999.0 0.21765868 1.0
20.80953722313624 -250.4203352357433 0.230976 -0.127401 0.3549136 1.0
-1.1213098166160247 -241.84167854057242 0.167629 -0.105108 0.35186818 1.0
25.63403315882339 -230.06680917055715 0.136962 -0.359913 0.32195002 1.0
27.955541060305872 -242.84357937069777 0.178606 -0.287611 0.35178053 1.0
32.3141809929794 -220.26461955122403 -0.045259 -0.147484 0.3033464 1.0
-4.098760269553477 -172.87032908014885 0.150207 -0.138528 0.22434367 1.0
-0.7607140281788655 -138.75068576593054 -0.251543 0.006473 0.17004207 1.0
16.157123438666243 -223.2952620016146 0.173089 0.003698 0.32161915 1.0
17.84661960757553 -224.45915565810438 0.340732 0.042492 0.32092676 1.0
28.533246631600704 -175.42879540280342 -0.074845 0.493761 0.23055777 1.0
37.3907053606971 -223.62004912515783 -0.366883 -0.565554 0.32004303 1.0
30.074882412932364 -160.42817807432766 -999.0 -999.0 0.20252305 1.0
52.44161799154232 -200.59393292102982 -0.077468 0.041172 0.27514982 1.0
-22.393879555046645 -216.33923937383526 -0.205674 -0.095458 0.31584525 1.0
-7.223840349275455 -225.91662529673255 -0.282588 -0.021518 0.33506513 1.0
-4.238458555856167 -197.85438425053934 0.058279 -0.070313 0.2803159 1.0
3.8297204875282147 -219.3050159383245 -0.430907 -0.246017 0.32406536 1.0
12.539303460945026 -150.30018638795863 -0.3638 -0.103963 0.19432104 1.0
43.13438062760317 -214.83439978173953 0.029812 -0.172581 0.312306 1.0
36.195545621701676 -140.522834727909 -0.262421 -0.093433 0.17628522 1.0
-24.236260822517632 -221.12681377651776 0.368845 -0.078528 0.33681875 1.0
-15.549615718915156 -184.97619544466244 -0.161609 -0.151321 0.26107812 1.0
-17.342240542435864 -217.70723713065462 -0.072353 0.144614 0.3300705 1.0
-11.485440599552915 -196.46377317707706 -0.047881 0.520598 0.28673592 1.0
-7.537945882502303 -166.17389477007228 0.35528 0.176391 0.22550112 1.0
-1.698174933710441 -195.90652329022305 0.424461 0.446345 0.28286874 1.0
11.648977407767243 -221.45896213322 -0.206381 0.269321 0.3358782 1.0
39.3359621786688 -204.47505747362348 0.134212 -0.131521 0.301855 1.0
42.523233200660925 -202.6446172238584 -0.4599 -0.311838 0.29612952 1.0
43.40605611763547 -203.63896345803875 -0.020635 -0.232633 0.29807535 1.0
49.85490947355102 -164.26676040356256 -0.217811 0.390196 0.22083037 1.0
-30.012642473239946 -204.76984108186687 0.065884 -0.32696 0.3141669 1.0
-29.491893863236104 -204.64962631720638 0.122201 -0.270321 0.3133246 1.0
-29.787962315598175 -207.4262406263819 0.307589 0.287778 0.31935865 1.0
-26.07541496412592 -207.16262475334506 -0.096415 0.003726 0.31664073 1.0
-22.41888824495892 -210.16746548329397 0.219303 0.175405 0.32410076 1.0
-19.759626071491162 -189.86196461567877 -999.0 -999.0 0.27805665 1.0
-14.686360975240568 -195.77880929547138 0.055162 -0.185005 0.29070705 1.0
-13.576298967130034 -188.11456832107893 -0.018909 0.05093 0.27730072 1.0
19.10523225679134 -166.5546699396279 -0.152823 0.274004 0.23248085 1.0
27.587370613344618 -220.74768032190386 -0.111065 -0.037152 0.35030866 1.0
22.809692745098452 -160.68716042602324 -0.093255 0.176358 0.22227933 1.0
35.000182608409354 -128.55603433948394 -0.089895 -0.043379 0.16920799 1.0
59.148107479480466 -169.85669932995782 -0.192749 -0.002579 0.23993024 1.0
58.48736018755841 -166.2766679388695 -0.038792 -0.659261 0.23284253 1.0
-4.978332067321075 -180.99583600496257 -0.078024 0.159713 0.27482712 1.0
-4.963173872939287 -207.2931757315323 0.330274 -0.091294 0.32929394 1.0
-3.1424787662799303 -171.2067506200313 0.149835 0.208785 0.25450677 1.0
10.674630454880644 -215.50275633129428 0.121086 -0.049241 0.3523415 1.0
19.597143816881214 -172.11224663951924 0.021754 0.18364 0.2543367 1.0
19.324530541546995 -168.30625530431595 0.156336 -0.592724 0.24543193 1.0
20.889415161993117 -169.0883143338576 -0.082808 0.013372 0.24747784 1.0
49.65934430938193 -218.2164208201682 -999.0 -999.0 0.358108 1.0
49.637738991451116 -217.81885658753825 0.152222 -0.154203 0.3594419 1.0
-2.199118671375792 -167.8567729554939 0.136877 0.083036 0.25369617 1.0
1.0377612547911095 -179.90962333000982 -0.272979 0.147029 0.28118995 1.0
3.1524834356848057 -180.4430754602816 0.158783 -0.192343 0.27989495 1.0
9.46717074984624 -148.2638248363625 -0.000599 -0.276569 0.21601628 1.0
14.426760876825627 -197.3120394503023 -0.188857 -0.303779 0.3212254 1.0
41.7131676057481 -144.85167957321983 0.207975 -0.338058 0.20768757 1.0
41.35326678790456 -127.59871988270169 0.178766 -0.165963 0.17804685 1.0
60.30262910161275 -185.81883184341913 0.303953 -0.477543 0.29297274 1.0
-2.3073888684971817 -160.37240175294576 -0.258903 0.115375 0.24659254 1.0
-1.6924323046566767 -205.14177956242364 0.182881 -0.112198 0.3491398 1.0
-0.49921321518883055 -208.4526205169568 0.016705 -0.365776 0.3589475 1.0
8.194336297648015 -133.97722687969483 -0.361464 -0.015824 0.19544871 1.0
13.488065236215611 -204.14181065444996 0.081066 0.343976 0.35043663 1.0
70.11670661929817 -169.42849725426913 0.181889 0.032748 0.2654029 1.0
27.921812827969497 -147.73929908761244 0.090956 -0.267898 0.23581465 1.0
22.687244307095447 -139.00626029345358 0.060686 0.240841 0.22608885 1.0
23.304907117661323 -115.75143679361503 0.165165 -0.038586 0.17937082 1.0
24.6324717804361 -116.15716908366444 0.019545 0.114128 0.17978431 1.0
-20.954589110367117 -207.25419435018424 -0.123959 0.069466 0.32357135 1.0
-19.347322011399843 -110.83621781974573 0.263689 0.306985 0.17444207 1.0
-23.373775398893184 -162.28765669608663 0.195014 -0.345822 0.2882521 1.0
-21.070114301981892 -152.3501045073085 0.121593 -0.19564 0.26662722 1.0
-2.277403465574085 -166.57566869614828 -0.160343 -0.057146 0.2977183 1.0
0.5131661084492267 -139.1887983933189 -0.139759 -0.020084 0.23241375 1.0
12.263706157348588 -174.76262695606582 -0.021213 0.082566 0.32281834 1.0
33.49344265578676 -149.48468692147986 -0.050763 0.147073 0.2570833 1.0
-27.158724275889092 -168.28772598153344 -999.0 -999.0 0.3165671 1.0
-24.8535452552177 -158.7535659154492 -999.0 -999.0 0.29077694 1.0
-27.35899843326681 -168.40726746127672 -999.0 -999.0 0.31814975 1.0
-19.05714692453565 -167.55325673026678 0.06607 0.12352 0.31678963 1.0
-10.152242157045356 -148.8846246883007 -999.0 -999.0 0.26721248 1.0
3.637537901574908 -131.50498451100358 0.051189 -0.073265 0.22377557 1.0
7.57197885313998 -166.33283104074178 -0.069032 0.379258 0.314335 1.0
7.457311864366147 -113.00426795540649 0.219421 0.070941 0.18659885 1.0
24.128895522447305 -159.28544351524576 -0.133036 0.055038 0.2946495 1.0
24.458350041494608 -159.12185987248566 -0.239718 0.071671 0.2929258 1.0
27.523655599209924 -159.90134169453174 -0.087715 0.241337 0.29508883 1.0
35.09938568061428 -155.99650071082723 -0.045463 -0.191958 0.28506342 1.0
34.38596751680978 -143.83721561948948 0.060554 -0.002965 0.25417912 1.0
-24.19937299217918 -125.76237912600685 0.022453 0.008534 0.22341855 1.0
-32.11552693041937 -168.32407966303327 0.102441 0.326113 0.33245197 1.0
-18.52542688422892 -126.75974750870722 -0.035562 -0.049938 0.22374006 1.0
-17.42669569171551 -123.66981443441757 -0.213612 -0.236503 0.21827008 1.0
-17.690711722399538 -124.27316633252309 0.740485 0.004648 0.2179481 1.0
-15.544054061963807 -134.23979729521432 -0.082757 0.173181 0.242352 1.0
-13.067803049362144 -134.22630828657938 0.062855 -0.031168 0.24347635 1.0
18.31640298853472 -175.04542406401248 -0.010874 0.328162 0.35504732 1.0
19.60510923034732 -151.16622685652882 -0.175655 0.400231 0.285424 1.0
35.55925493543807 -129.69527849519457 0.116322 -0.16085 0.23085892 1.0
-28.930377008976336 -169.70689416830524 -999.0 -999.0 0.35025266 1.0
-23.813593299329128 -138.98170154457057 -999.0 -999.0 0.26494992 1.0
-28.62084254242389 -170.03647064870728 -999.0 -999.0 0.34962723 1.0
-23.618498135342172 -165.77870166813983 -0.187543 0.174138 0.34197503 1.0
-7.857493595460532 -165.69308174910742 -0.218857 -0.151572 0.35347328 1.0
11.753154537469959 -116.49131810236197 -0.308805 -0.178288 0.21855982 1.0
18.81652327831461 -117.77781466739768 -0.05996 -0.282158 0.21985719 1.0
28.600169231729918 -124.08474901717948 -0.134436 -0.01224 0.23400125 1.0
38.315965600867585 -141.8786756100666 0.084961 -0.201426 0.28461158 1.0
-18.06594440212711 -158.328533545905 0.188691 0.101176 0.22643949 1.0
-11.362785817924383 -204.89105942202474 0.050733 0.200396 0.32598656 1.0
-6.777386802133317 -158.78539261479125 0.108084 -0.181183 0.2257444 1.0
-8.996961656450017 -198.44499362656802 0.346569 -0.135746 0.30642304 1.0
-4.524662573659091 -208.84001222056656 -0.174597 -0.060696 0.33007145 1.0
11.217456785068062 -215.99335098564518 -0.15227 0.155977 0.34709334 1.0
28.059411067608295 -188.94576989096072 -999.0 -999.0 0.28660712 1.0
-28.70886041925993 -195.51471602081287 -0.14404 -0.190654 0.31290898 1.0
-27.191313580089318 -214.15396682638917 -0.158432 -0.176438 0.35942903 1.0
-13.56764609105721 -199.30542794891838 -0.067887 -0.08399 0.32148966 1.0
-5.168616631011753 -179.0252459249231 0.554632 0.121813 0.27505568 1.0
-10.203241303467548 -161.15783176310705 0.081589 0.053902 0.24925068 1.0
-8.716969635859506 -165.3497371309788 0.117804 0.41203 0.25385424 1.0
8.62062587163476 -164.8927528083812 -0.050503 0.211497 0.2547917 1.0
17.573288804119485 -206.42426432805695 -999.0 -999.0 0.35078076 1.0
-16.878575234073917 -162.31906514992525 -0.247757 0.092463 0.25961772 1.0
-5.402729371466253 -202.79323458943603 -0.126495 0.01797 0.35944802 1.0
1.9036132252354083 -196.00888858121002 0.077222 -0.17003 0.35043997 1.0
-25.0998376750578 -147.17511336906523 0.500292 0.448164 0.24198756 1.0
-15.976546452151448 -191.42129531008231 0.261548 -0.119879 0.35802287 1.0
-5.579952615077789 -146.42934114651794 -0.00963 0.179108 0.24269159 1.0
-5.268232355703319 -170.12557869918172 0.296311 -0.093886 0.2972737 1.0
16.806999739845175 -164.4871906072729 -0.060248 0.058788 0.28369296 1.0
49.013669788318765 -220.15030624813258 0.207708 -0.263759 0.35886317 1.0
52.237161153312016 -218.60323618082464 0.050288 -0.109453 0.35444587 1.0
38.67217455444916 -127.14515846944107 -0.003156 -0.079824 0.17024793 1.0
68.26896867984861 -170.25263515143635 0.305563 -0.059364 0.26362467 1.0
68.95993255635314 -169.28154682521017 -0.266045 -0.22403 0.2634619 1.0
31.38605208031047 -153.5738026077378 -0.283984 0.381494 0.2412508 1.0
66.58871824744097 -203.64065555606751 -0.235026 -0.212963 0.35660115 1.0
68.797807450132 -203.84566970122788 0.125188 -0.093353 0.3585624 1.0
56.93397882183607 -148.82342005662372 0.266155 0.108363 0.23827827 1.0
82.62902910597649 -185.76745061493995 0.121328 0.068096 0.33303186 1.0
83.45575322415331 -183.14247533011604 0.036733 0.190004 0.32607803 1.0
-22.155010548736435 -198.4675013873757 -0.136448 -0.115228 0.31186718 1.0
-17.67059876324596 -201.58910948047256 -0.310726 0.422977 0.3224589 1.0
-14.462214964629728 -203.0335319267059 -0.32474 0.040831 0.3239624 1.0
15.4605230972707 -150.91210714084386 -999.0 -999.0 0.21592112 1.0
21.141616784694907 -151.9971747650914 0.305493 0.286396 0.2175829 1.0
46.31587933261744 -124.48048808558273 -0.035399 -0.30035 0.16930558 1.0
-24.769677623125574 -184.8632167114024 0.029472 -0.142824 0.2915476 1.0
-12.27907174541082 -160.41723841698845 -0.359073 -0.34726 0.24125579 1.0
6.356564206963888 -165.76219440496894 -0.113336 0.167961 0.25442868 1.0
14.900740640809776 -193.87241787742698 0.496566 0.009857 0.3165714 1.0
14.881192408796933 -192.1725734113519 0.311946 -0.011973 0.31281024 1.0
16.511762472719987 -122.02407766736349 0.040849 -0.26785 0.17115013 1.0
24.313809579150238 -164.02480996021217 0.101328 -0.004039 0.24943765 1.0
32.03853434655036 -173.7503781883709 -0.186586 0.144399 0.27000314 1.0
-18.46428319170849 -189.49538866256046 0.005678 -0.029109 0.31694013 1.0
-7.410038971023884 -158.63246638061145 -0.330749 -0.285142 0.24593776 1.0
-1.1547923278366399 -201.51099405066245 -0.030772 -0.324405 0.3478585 1.0
3.0166818399810564 -188.48982931711723 -0.237022 -0.183388 0.31463572 1.0
5.410764308121057 -151.97822070053198 0.001664 -0.27356 0.23380634 1.0
8.063807640915481 -189.65515248904055 -0.049538 -0.183631 0.3179037 1.0
9.161833707373638 -157.73139551352105 -0.142576 -0.251092 0.2455357 1.0
28.458515123025663 -151.07602751889507 -0.402237 -0.552612 0.2309314 1.0
-27.50336935323578 -187.70853133502663 -0.737885 -0.108806 0.32373634 1.0
-17.00167208873659 -162.97662461209177 0.403876 -0.17179 0.2647296 1.0
-16.78595100981107 -163.2966300771275 -0.0149 0.063496 0.264033 1.0
-18.896277722664543 -178.19452919362735 -0.029089 0.225078 0.29805303 1.0
12.992856558931187 -117.49047997367143 0.144504 -0.065175 0.17182119 1.0
13.22362424920239 -118.75258154337557 0.053934 -0.101458 0.17401862 1.0
34.05342802027212 -196.50717167631 0.235783 0.209108 0.34627324 1.0
55.82040389358804 -187.52254798637355 -999.0 -999.0 0.3197999 1.0
58.21894335686972 -151.35862802223772 0.464481 0.179744 0.23783286 1.0
76.4161475121164 -182.87115350380938 0.065147 -0.108076 0.31146452 1.0
-9.639158818901635 -135.68240959767158 0.216609 -0.182083 0.21626878 1.0
-5.837827353957463 -181.12948333894883 0.032441 0.204319 0.31764632 1.0
3.4669055267628015 -108.26832148086395 0.108201 -0.142087 0.16296233 1.0
27.699678865617308 -165.95711881982314 -0.136747 -0.234084 0.28366202 1.0
34.00549324724091 -182.57342298851654 0.175047 0.106735 0.32451314 1.0
36.79525181004713 -191.31783418663042 0.396201 0.164665 0.3490218 1.0
38.42986239253268 -190.88988192490152 -0.180449 0.146163 0.34824142 1.0
34.23838530115384 -153.3466010686835 -0.277158 -0.006023 0.25150505 1.0
41.41820666622231 -183.6875742181811 0.287294 -0.086396 0.32490483 1.0
42.406161452984584 -182.27862092648303 -0.065303 -0.238227 0.32250106 1.0
44.784918517159 -191.4240869881045 -0.174266 -0.05098 0.3477972 1.0
58.86264815853037 -194.87551783128706 -0.233838 -0.16002 0.35684264 1.0
35.925907452464756 -112.70721544815727 -0.055569 0.539908 0.16932802 1.0
62.951540831202 -181.11653912688703 0.032846 -0.32418 0.31768724 1.0
81.84358194139007 -184.05192679886517 0.256645 -0.228554 0.3257109 1.0
-25.392033727250265 -182.2375184888323 0.397816 0.482721 0.3381599 1.0
-20.356279097608407 -154.34135643332144 -0.181037 0.416763 0.2662371 1.0
-5.272353071448823 -186.49351803627553 -0.11176 -0.390928 0.34835523 1.0
-5.148169051852209 -187.19686861135787 -0.198388 0.055176 0.34852695 1.0
-5.488883572188763 -187.0286771463057 0.38154 -0.214882 0.34864506 1.0
8.625001916166543 -188.86561001125747 0.153938 0.049828 0.3556865 1.0
6.836645310108255 -110.96344558115099 0.062233 -0.564079 0.17311732 1.0
30.077636656577152 -178.31197852512182 -0.255769 -0.173131 0.32304576 1.0
39.98214481318502 -177.0296898461084 0.1864 -0.062643 0.32338426 1.0
57.87153871504089 -190.19204540423286 -0.115251 -0.005467 0.35775316 1.0
-3.897073561760991 -191.52646681775414 0.315478 0.129083 0.23753917 1.0
-0.4621129847494476 -200.57599099933637 -0.193817 -0.329395 0.25318593 1.0
1.0381668300868614 -213.0268150549113 0.142924 -0.281914 0.27287343 1.0
-7.167980606035656 -197.1189554204199 0.064025 0.17079 0.25501058 1.0
3.3903385287496985 -217.3627105527709 -999.0 -999.0 0.29428864 1.0
15.775495132679882 -246.70347656960826 -0.071758 -0.573743 0.3564929 1.0
14.241912467749758 -186.0673638213087 0.329848 -0.027742 0.23567827 1.0
-6.812928515880161 -220.6228257233866 -0.251572 0.452572 0.3097528 1.0
19.58341439747465 -226.43507146299478 -0.311177 -0.07031 0.32158265 1.0
38.80165318582032 -177.74302504721788 -0.459197 -0.016106 0.22989455 1.0
-7.7098773998611545 -186.11867936552025 0.146902 0.208153 0.25365803 1.0
-6.357342544809099 -187.75814471199115 0.123848 -0.053785 0.2533173 1.0
14.897363739504026 -228.0896700144951 0.048707 -0.031349 0.33478758 1.0
15.19941595465546 -227.64079945394425 0.219068 0.250437 0.33441377 1.0
19.507369484653758 -230.4380414873567 0.136087 -0.126811 0.34148782 1.0
20.32465048272393 -213.60126759409255 0.066314 0.039645 0.30482376 1.0
28.539991549847457 -186.7595877535338 0.412509 -0.006841 0.25147724 1.0
28.93904797533215 -176.10270129458925 -0.087979 0.173989 0.23207693 1.0
43.59354232925278 -215.3879455871634 0.07492 -0.26864 0.30785465 1.0
-13.182151438278716 -196.98344459244 0.106935 0.224255 0.28190613 1.0
5.940654702247357 -220.9312884513676 0.087044 -0.016848 0.3344356 1.0
12.367335378144288 -223.24784921149688 0.295652 0.06583 0.33952326 1.0
37.66369967228203 -209.00214211757458 -0.14185 -0.182103 0.3031743 1.0
29.991181028058477 -169.3235724918471 -0.767983 0.383983 0.22851601 1.0
43.05238632959142 -203.93162895910638 -0.022438 0.176051 0.29534778 1.0
45.41608324109873 -141.50286491155137 0.254914 0.005754 0.18218109 1.0
67.58236202921968 -204.79763512678844 -0.021161 0.129109 0.2960698 1.0
-13.578211689229578 -189.88531253294298 -0.211076 -0.151107 0.27665797 1.0
-11.286605251504003 -197.2804497152203 -0.364921 -0.101175 0.2894208 1.0
22.817625238710498 -222.46805929804844 -0.038015 0.262355 0.34973967 1.0
38.997258395092395 -225.74753006645327 0.103114 0.051271 0.35459816 1.0
32.10393748781823 -170.02616359019873 -0.003386 -0.191858 0.23816828 1.0
38.10838991423111 -200.66368953330962 -0.108411 -0.169611 0.29743466 1.0
38.62427284331972 -201.59003221992162 8e-05 -0.251978 0.3007612 1.0
-17.390745001298395 -217.56383499992884 -0.116225 0.122518 0.34513363 1.0
4.419524897190478 -220.5282444459839 -0.526447 -0.628803 0.35385904 1.0
10.780308640848776 -124.7477608518168 0.033027 -0.340517 0.16514555 1.0
31.697191988998835 -198.18303595077228 -0.093274 -0.084511 0.30436647 1.0
59.3888690671554 -177.12931901794246 0.080827 0.132276 0.2567361 1.0
37.984515467347656 -156.71111285317693 -999.0 -999.0 0.2744807 1.0
62.13095498597658 -172.5321371380516 -0.434917 -0.312194 0.31283817 1.0
70.88057392125182 -176.304132850508 0.017945 -0.201669 0.3264261 1.0
81.84888184711043 -182.53392759503166 -0.151334 0.067351 0.33645982 1.0
81.86613588803051 -182.31496786199477 -0.477909 -0.009041 0.33591098 1.0
41.91050642380217 -138.64366856263368 -0.169953 -0.185738 0.25155807 1.0
42.528745535381255 -138.88347501825234 -0.260687 0.621616 0.2522175 1.0
48.565836156549324 -123.6074452225081 0.107293 -0.260462 0.21412127 1.0
54.38799118411555 -135.2240042140246 0.298318 0.207096 0.24423897 1.0
85.27625527328355 -172.12043269654825 -0.347889 0.098525 0.33708444 1.0
82.70797893241286 -161.95280346810665 0.248948 0.157295 0.3117366 1.0
-4.490163595518191 -167.49164605680767 -0.350746 -0.131621 0.3477463 1.0
1.0567119198152368 -117.73683723107769 -0.1203 0.208689 0.21094148 1.0
2.90832689174104 -124.78953388191853 0.40267 0.188351 0.2302446 1.0
14.790085627912163 -153.16879907460273 -0.025384 -0.046195 0.30198255 1.0
21.31500423067358 -127.46853019906702 -0.153061 0.144263 0.23632905 1.0
21.32663054541684 -126.5796288813379 -0.214976 -0.198526 0.23412892 1.0
31.76685654819163 -145.90649225839357 0.234017 -0.381722 0.28343815 1.0
33.407977252637416 -145.1835157301002 -0.104265 -0.105944 0.28197423 1.0
32.14355886403565 -127.87024300300118 -0.027798 -0.141422 0.23412564 1.0
69.63365732113782 -142.89209863795284 -0.096359 0.018211 0.2701283 1.0
55.851326101794776 -162.37310334395576 0.071553 -0.063524 0.34480107 1.0
55.80854509710096 -150.46212745577046 -0.037554 -0.271193 0.30911058 1.0
58.739943780548224 -161.23095829234958 -0.028494 0.155082 0.33643666 1.0
67.57224920653252 -166.29360391324627 -0.102395 -0.113032 0.35834002 1.0
69.20167845657727 -167.34336779276842 -0.273823 0.394839 0.35800266 1.0
3.7310913563312513 -109.43552450184401 0.055691 0.083267 0.20923696 1.0
5.739114209745297 -153.29793063386927 -0.038418 0.03632 0.3359945 1.0
13.118442728737897 -160.34332483899337 -0.121405 0.062195 0.3565694 1.0
16.90294369406307 -145.47936892992874 -0.121206 -0.084778 0.30960277 1.0
17.695367409770306 -146.22702885510614 0.168823 0.817393 0.309009 1.0
33.50520361446077 -153.06254733183505 0.004113 -0.082914 0.33006626 1.0
33.775275296426656 -127.30736491131539 -0.258529 0.446981 0.25331947 1.0
44.288363298773625 -157.65730855522577 -0.284785 0.022523 0.34471136 1.0
46.303707385803875 -135.62155790993307 0.043219 -0.168749 0.27483046 1.0
13.047478369412895 -185.61651965734106 -0.04786 0.308347 0.35863882 1.0
35.88052942535682 -179.4125196598751 0.197557 -0.324226 0.34108242 1.0
69.04364935030966 -179.603766634573 0.226939 -0.157752 0.33875117 1.0
77.93726454023631 -176.6731339859684 0.036068 0.337664 0.32934394 1.0
-27.740867557309965 -155.9766035498176 -0.319333 -0.041333 0.29203755 1.0
-15.773034676413213 -126.24116206727682 -0.14487 -0.102251 0.22004797 1.0
-20.5926322900432 -173.7435638461446 0.119257 -0.12609 0.34322685 1.0
-12.939831202097627 -136.8019357959489 0.271091 -0.241129 0.24310088 1.0
1.7500251845894774 -140.35178360659827 -0.096649 0.13921 0.2513504 1.0
14.275192761408688 -131.18808054678112 -0.294901 0.145504 0.23020574 1.0
21.793840429958586 -156.71919507890541 0.110642 0.006915 0.29097167 1.0
21.86342417833705 -156.48321949647624 -999.0 -999.0 0.29163605 1.0
31.820859951794056 -157.72714986955427 -0.482722 0.074683 0.29437345 1.0
30.573430037619218 -157.59355215099168 0.153484 0.067644 0.29544562 1.0
33.87541984884168 -171.55010153014723 -0.000235 0.075338 0.33095017 1.0
37.59297747462935 -114.9294724073281 0.01039 -0.028274 0.19352567 1.0
59.68359385505324 -148.6602771410429 0.091013 -0.130645 0.27204648 1.0
-19.814828036683327 -132.89447911105847 -999.0 -999.0 0.24136639 1.0
-23.077625210119145 -169.77066862144252 -0.257742 -0.174419 0.3426481 1.0
-22.869358106489894 -169.9437820475823 -0.014856 -0.329299 0.3434984 1.0
-15.79882781706938 -174.91872913659498 -0.085269 0.24467 0.35620317 1.0
7.896511626217655 -171.8681830360248 0.10207 -0.133413 0.35131112 1.0
13.328703711661408 -109.79667168530952 -0.053435 0.236554 0.18971509 1.0
22.55730972688263 -148.66947550912602 0.012311 -0.008729 0.28442922 1.0
30.556577707839438 -129.87535654851496 -999.0 -999.0 0.23374242 1.0
41.493928515744685 -127.5852044926654 -0.199944 0.238517 0.23046644 1.0
-24.343313528825266 -164.08973358328893 -999.0 -999.0 0.3406107 1.0
-16.610969470718533 -118.74593301948077 0.101677 0.186932 0.21617475 1.0
-16.46986856272792 -119.0773845490387 0.047114 0.25235 0.21793349 1.0
-21.441772040629406 -164.27105661150912 0.029938 0.141489 0.34122533 1.0
-19.569528987835902 -154.3516569194855 0.184779 -0.038997 0.3130301 1.0
-1.5378055912369728 -129.55317190579055 -0.28631 0.220569 0.24525589 1.0
32.77472021281823 -145.41309706538698 -0.192316 0.15697 0.28354442 1.0
33.522906630858955 -147.96507291276538 0.084027 -0.287682 0.2925611 1.0
34.98322560149003 -142.71708742765642 -999.0 -999.0 0.2790043 1.0
58.119880487923396 -154.8093557462106 0.00756 -0.161305 0.3128138 1.0
49.850302870275314 -102.32184600827594 0.193924 -0.233188 0.17744268 1.0
-22.560284923168517 -133.74486677020553 -999.0 -999.0 0.26802805 1.0
-0.4533992352869016 -111.03139973024572 -0.209616 -0.17191 0.20984147 1.0
6.689923078265405 -122.90667179470874 -999.0 -999.0 0.23914273 1.0
18.642787513857613 -126.49528242746449 -999.0 -999.0 0.24762373 1.0
42.58632141560591 -138.934760454644 -0.089078 0.129966 0.2814353 1.0
43.7216278776007 -139.27309668209887 0.383977 0.017279 0.28368112 1.0
73.6468265191671 -162.45533401553115 -0.165566 -0.073912 0.35412085 1.0
74.21412432444822 -162.84481590526724 0.030298 -0.057086 0.3555281 1.0
3.849167046274769 -117.15151466142484 -0.020383 0.005281 0.233642 1.0
4.942644154029025 -117.68926426372296 -0.094494 -0.04038 0.23369038 1.0
6.4260677445790035 -134.05479473131746 -0.10206 -0.003953 0.2788629 1.0
6.47361440944168 -117.57920154882028 -999.0 -999.0 0.2326688 1.0
13.47272778395259 -144.56183701583444 -0.031593 -0.030919 0.30984196 1.0
17.7276404737803 -103.49998321704506 0.138759 -0.121523 0.2008353 1.0
31.733842990645105 -157.04622365468035 -0.331286 0.289162 0.35674584 1.0
30.527589128760873 -140.29839397309718 -0.278557 -0.230407 0.2986612 1.0
36.039852812788254 -132.1282770556069 -999.0 -999.0 0.27527332 1.0
45.133448960964834 -138.77939893173817 -0.044624 -0.020631 0.29314882 1.0
50.69962886757135 -135.72701535735698 -0.011752 -0.076353 0.28556886 1.0
48.13454151824517 -123.01347303218097 -0.069258 -0.166137 0.24695693 1.0
53.35068274035799 -134.30999665649847 -0.22795 0.281117 0.28133819 1.0
49.52836621602098 -122.35649041217867 0.088511 -0.278369 0.24366547 1.0
55.76375866610563 -124.93264991329474 -0.354367 -0.090999 0.25521868 1.0
55.906646801439415 -126.31690526729493 0.130789 -0.031316 0.25656906 1.0
6.690863379408508 -101.0959476846492 0.075266 0.293153 0.1970385 1.0
12.390772282225418 -156.28473445058043 -999.0 -999.0 0.35666293 1.0
20.092388028799068 -99.55727931923168 -999.0 -999.0 0.19348566 1.0
49.649627375453 -118.63601673491345 -0.034709 0.08153 0.2412025 1.0
51.92653800402515 -122.14484579493822 0.203562 0.322819 0.2500554 1.0
44.92334607916275 -124.18724561168719 0.12561 0.142565 0.2596518 1.0
39.78565964152222 -128.46575301683157 -0.101878 0.282942 0.29218784 1.0
-21.671039288336267 -126.90557020828334 -0.282403 0.093501 0.26291636 1.0
-19.843922115536806 -136.16905002804185 -0.332593 0.05644 0.2884877 1.0
39.57352629818805 -141.6412988573923 0.256514 0.167606 0.32362473 1.0
46.099728519102435 -114.30799264071753 -0.469938 -0.340475 0.23943081 1.0
46.93202025461378 -122.26393553645856 0.053477 -0.229793 0.25769642 1.0
56.95432855429714 -141.23264049405174 -0.000834 0.370726 0.3125468 1.0
-23.729612990742805 -142.8962863464968 -0.069004 -0.176257 0.3000412 1.0
-15.346310632893637 -155.88351913099598 -0.22678 -0.035726 0.34528294 1.0
-7.813604858754038 -145.21268844413615 -0.262728 0.01137 0.30790338 1.0
-5.490438527155967 -144.68569975852878 0.122495 -0.018498 0.30787182 1.0
-3.6194025975545294 -120.71789363901284 0.107748 0.228535 0.23798399 1.0
-8.139301579874346 -146.76443865146933 0.116919 -0.032698 0.3074669 1.0
-26.199242423623083 -140.2653877296313 0.18444 -0.181436 0.2973788 1.0
-18.779730697969544 -139.7894296157853 0.051939 -0.176786 0.2956497 1.0
-7.196761072352995 -113.09239002816534 -0.375651 -0.096166 0.22217146 1.0
-9.597771450693687 -142.46420329314736 0.024396 0.31345 0.3071664 1.0
-9.521457276642451 -142.84456396350907 -0.051796 0.059292 0.30829558 1.0
17.671606842835708 -142.7427625662687 -0.047257 -0.217119 0.310461 1.0
-25.075196639181204 -139.4599241438275 0.106293 0.085686 0.30132455 1.0
-5.87702886607389 -140.10198688501117 -0.121157 -0.009034 0.30745372 1.0
14.964612490806882 -113.13879481893933 0.054287 -0.309824 0.22995904 1.0
17.39138773150358 -121.14246116719292 0.095021 0.272576 0.2514616 1.0
17.377639819712233 -99.56761652946251 -0.099337 0.155411 0.19456129 1.0
56.670248514097146 -141.6553536220543 0.334216 -0.196838 0.31126186 1.0
20.280864784788143 -117.7210951702347 -0.278683 0.088826 0.2521592 1.0
36.82458803486449 -139.82318247581068 0.099719 0.499416 0.31698272 1.0
60.62681795652358 -138.38971150341214 -0.057385 -0.065429 0.31393346 1.0
60.68613357489818 -137.56598183833208 -0.293288 -0.118172 0.3123759 1.0
32.301665411911685 -135.5301777879449 0.073079 0.049061 0.3186024 1.0
30.862899450771817 -121.12204472123979 -0.08161 0.1882 0.27259442 1.0
5.805613991651642 -99.32669674852555 0.340378 -0.096159 0.19539553 1.0
39.25250141391378 -143.23494047940545 0.263402 0.099135 0.32324043 1.0
47.346546805482085 -125.59058108945095 -0.128481 -0.17139 0.2653873 1.0
57.91603047244768 -139.9058335514821 -0.076196 -0.081874 0.31094193 1.0
49.02558199870837 -115.27850274476914 -0.073674 -0.020523 0.23884334 1.0
16.714436823446412 -98.2801030251821 0.225503 0.026214 0.20111862 1.0
33.68566369105401 -140.51584564423888 0.041856 0.288632 0.3261207 1.0
35.632754062711875 -137.15030946425145 0.10552 0.155837 0.31939247 1.0
38.396822169964004 -130.38740781151955 -999.0 -999.0 0.29277548 1.0
31.868469514297356 -84.18082231843879 -999.0 -999.0 0.16795498 1.0
56.14612486635909 -134.64969785253706 -999.0 -999.0 0.31237012 1.0
49.906483140570046 -123.23060127089164 0.079338 -0.266454 0.28382063 1.0
14.87068458676377 -128.34875665100458 -0.097185 -0.09405 0.29858354 1.0
31.810315823110308 -111.18162167214687 -0.155158 0.248763 0.25394255 1.0
-13.055821424814265 -128.86179070727965 -0.578105 -0.21356 0.27998957 1.0
22.994435028200186 -91.8606796305062 -999.0 -999.0 0.19376847 1.0
51.21292906844864 -129.54920448255277 0.200056 -0.297515 0.30478257 1.0
-16.70987625493162 -121.59216599154337 -0.111368 0.112693 0.2481485 1.0
-17.701056028064173 -145.37066636625065 0.010602 0.068057 0.31176877 1.0
-11.922170457889383 -124.12898657255008 0.534508 -0.212343 0.2529728 1.0
-17.08477443398422 -140.92652435025786 0.112638 -0.126625 0.30860347 1.0
13.549876212587579 -128.10118529448619 0.060179 0.143029 0.29943895 1.0
19.910713455147345 -146.19218370330776 -0.368791 0.071212 0.35876423 1.0
23.15732027840762 -92.1698318083658 0.05405 -0.009798 0.19258481 1.0
25.005303405998603 -96.65841890674105 0.182278 0.101463 0.21392828 1.0
27.45197988398153 -97.9352803981681 -0.096465 0.126765 0.21447505 1.0
47.85526906342586 -132.32234047167776 0.572371 0.05281 0.32388008 1.0
2.8870900836142543 -109.14639501182639 0.281467 0.264886 0.23123626 1.0
7.2407694858192935 -108.26162627902073 0.030081 0.005565 0.23059583 1.0
27.1596281576115 -134.36137807225646 -0.208412 0.080571 0.3308783 1.0
46.988423909363185 -130.86021186492593 -0.021809 -0.30143 0.3143358 1.0
34.12201902683795 -102.51301312170835 -0.027864 -0.265863 0.23436944 1.0
42.966963200625905 -130.07460394597476 -0.248824 0.033155 0.3265786 1.0
