X Y e1 e2 Z WEIGHT_SEEING
-482.4550255703713 -251.36077548256858 0.387704 -0.086425 0.3491533 1.0
-449.8099650540449 -235.40113908309033 -0.053806 -0.096006 0.32196668 1.0
-442.5406075345429 -233.11486584569636 -0.135002 0.060196 0.32070744 1.0
-417.9779034852451 -220.05121032552017 0.013381 -0.199372 0.29535216 1.0
-355.7094153903628 -175.32133722117118 0.089127 0.166901 0.21976729 1.0
-444.00767509893495 -219.63013024923163 0.222422 0.091155 0.2981658 1.0
-346.3073295202236 -173.03566799354442 -0.003608 0.096984 0.22609891 1.0
-449.49788753931006 -207.58010086610813 -0.02715 -0.034247 0.28978863 1.0
-282.1450071346051 -141.0112620810242 -0.075817 -0.214463 0.18186843 1.0
-381.2995572529146 -192.82994539011656 0.12893 0.135751 0.27547988 1.0
-483.184893281139 -217.46058545492622 -0.138366 0.176669 0.32363603 1.0
-465.114851567498 -227.79806030388562 0.073912 0.015593 0.35792205 1.0
-424.2065503462295 -224.58810275680784 0.006539 0.134608 0.31561252 1.0
-418.4062138936492 -202.7162064815086 0.218829 -0.036833 0.26940796 1.0
-461.86831099690073 -227.80638394170583 -0.750384 0.420535 0.3236577 1.0
-460.70597572244594 -231.47403942950797 0.405449 -0.102694 0.33614352 1.0
-404.25525832890025 -202.22813165544085 0.117058 0.307017 0.2832299 1.0
-469.6309871536297 -236.01793255559167 -0.150959 -0.192508 0.35970208 1.0
-420.59312762702393 -208.85930546898558 0.406898 -0.444171 0.3098379 1.0
-515.9531772818383 -230.2856863046241 -0.284331 0.210165 0.35435733 1.0
-467.68361740510085 -223.6310380072652 -0.263904 -0.150793 0.35737336 1.0
-400.0945835073523 -195.71813407272865 0.581235 0.302742 0.29368404 1.0
-388.8524677587419 -190.3259376723366 0.05433 0.408218 0.28441617 1.0
-392.03583048152524 -197.69270299703734 -0.404658 -0.557211 0.30546668 1.0
-394.7444361393876 -198.62839983500322 -0.00966 -0.137757 0.30847067 1.0
-508.28091380070026 -224.60561708802655 -0.02525 -0.037444 0.34450284 1.0
-440.2119138892262 -195.00895110762917 0.127827 -0.259721 0.28378797 1.0
-503.74782066339293 -227.32935034347562 -0.450236 0.266208 0.35262328 1.0
-414.84661911545584 -188.91339443936653 0.298689 -0.358411 0.27374548 1.0
-437.0861875702282 -204.10381845868403 -0.050112 0.025564 0.31021386 1.0
-397.4298734406154 -198.51359120683557 -0.076622 -0.211171 0.31219453 1.0
-489.9334378758591 -218.88792051650486 0.167669 -0.125233 0.3502639 1.0
-449.1149739055093 -200.91049456546216 0.163638 -0.199176 0.3117274 1.0
-299.2625707171424 -139.6372898257233 -0.456238 -0.092894 0.19670221 1.0
-456.20512528285815 -196.4397414292395 -0.383718 0.090061 0.3061355 1.0
-408.3773989222903 -177.26315516913857 0.158535 0.063919 0.2713658 1.0
-446.8798396594267 -200.70029432248688 -0.288819 -0.311309 0.3300675 1.0
-385.1395721439998 -175.46239941400478 -0.335395 0.755857 0.2779347 1.0
-247.31989505673417 -115.87453697619391 0.087241 0.084421 0.1649325 1.0
-348.7167036522782 -155.5216275727956 -0.163735 -0.120197 0.24378824 1.0
-409.645279725438 -186.38992739339088 0.08224 0.149409 0.3208137 1.0
-447.7637107273948 -182.87944307860593 0.564986 -0.505307 0.30356216 1.0
-448.6891356500678 -183.28808422187555 0.132768 0.029042 0.30434883 1.0
-453.2672763904486 -194.0193771875121 -0.056643 0.471502 0.34340367 1.0
-325.2174586206732 -139.61419116219918 0.028818 0.543078 0.21809462 1.0
-447.05691877509906 -194.23511738530215 -0.163962 -0.01095 0.28234142 1.0
-478.4859301481597 -209.01111584317022 0.040844 0.11367 0.31268305 1.0
-446.52073928822017 -195.47012987283028 0.398736 0.048448 0.28405228 1.0
-473.2858862210958 -218.88206679193414 -0.017823 0.384392 0.35481635 1.0
-528.3051033428637 -223.94392961966167 -0.161273 -0.025066 0.35639402 1.0
-479.07646570978346 -202.41695500700405 0.002626 -0.036567 0.31035715 1.0
-485.1317613513926 -205.79270486820747 -0.234165 -0.212101 0.32116607 1.0
-488.3377487303565 -215.4098870245451 -0.118129 0.267927 0.35257855 1.0
-486.7964837097583 -216.34501045325288 0.235698 -0.116958 0.35287791 1.0
-414.4069142215403 -183.96759735458747 -0.241766 0.163007 0.28036845 1.0
-412.6981053421554 -182.78438924513225 -0.014191 -0.065426 0.27991316 1.0
-442.7769679861153 -206.1041602023803 -0.413498 0.127224 0.34019712 1.0
-249.2442169790926 -118.38883012889275 -0.107294 0.146187 0.16485497 1.0
-482.9659977497451 -209.06194461717095 -0.055932 0.116831 0.3519814 1.0
-492.2581144516796 -201.16737349789048 0.094682 -0.005894 0.3343215 1.0
-416.275092306427 -183.58307319969367 -0.289652 0.169601 0.31521448 1.0
-422.3704663285371 -167.53053001131218 0.057472 -0.113448 0.26402843 1.0
-495.3257096222118 -196.832234413071 -0.001349 -0.154677 0.34144518 1.0
-486.97737600399233 -198.30056728649714 -0.021835 -0.017589 0.34849474 1.0
-354.8930084100334 -151.91956610653116 0.237522 0.069454 0.2484291 1.0
-377.26298421039564 -161.74987155488472 -0.007577 -0.030283 0.27372658 1.0
-413.2015005212974 -182.2302071513133 0.032346 0.046082 0.32866424 1.0
-352.26488753086574 -143.92804900619274 0.14965 0.002602 0.235107 1.0
-419.9295409269161 -119.1762469104511 0.619652 -0.378958 0.25208125 1.0
-456.74162917586574 -129.5433791637334 -0.278998 0.090235 0.29194236 1.0
-499.01672569686355 -141.37289521214345 -0.022181 -0.092105 0.3323031 1.0
-450.76843186451305 -129.14503553433212 0.371052 -0.514245 0.31364584 1.0
-462.9674647611732 -134.85835286462694 -0.265312 0.010676 0.33054182 1.0
-460.4519320609449 -136.34758662644333 0.108701 -0.012142 0.32991326 1.0
-423.48294066101596 -136.09241802130214 0.019915 -0.583159 0.25102356 1.0
-504.836703081018 -164.0439192705604 0.778538 -0.467271 0.34717396 1.0
-484.4167621953956 -158.1159464381246 -0.017822 -0.02925 0.3341751 1.0
-404.7237337764218 -132.83261441342387 -0.164598 0.12101 0.26234508 1.0
-500.7872901490702 -167.0771114145456 0.043871 0.139027 0.3594462 1.0
-415.5538327013097 -131.2685811640913 -0.002267 0.204305 0.25808448 1.0
-508.54980286476297 -159.9070414336519 0.050297 -0.011609 0.35519692 1.0
-488.28118228681984 -155.85475107414834 -0.247757 0.436171 0.34469736 1.0
-467.4756001501555 -140.30997540353425 -0.232163 -0.106342 0.28858194 1.0
-444.25051028757866 -135.6656411247575 -0.064288 -0.44178 0.29688612 1.0
-418.2608400288001 -131.78600030804418 0.308782 0.54489 0.3001635 1.0
-458.1568278697491 -137.15990840001575 -0.211817 -0.238157 0.32899645 1.0
-503.3102835641093 -166.85545616679326 -0.324582 0.645699 0.3436927 1.0
-475.44448177627345 -159.5382792762888 0.505508 -0.276362 0.33415017 1.0
-432.6135930822376 -146.54963754933584 0.301118 0.106801 0.29663455 1.0
-436.2709249241221 -137.8388710230516 0.034023 -0.149652 0.26193863 1.0
-509.011979036453 -162.88719400438498 -0.194923 -0.448577 0.33697087 1.0
-464.2439783352313 -151.00172245450145 0.206154 -0.10672 0.32172087 1.0
-427.3636281601227 -131.01163028789966 0.637966 0.028575 0.25415617 1.0
-508.37212696936405 -159.32073814381062 -0.451884 0.157082 0.3545419 1.0
-477.97163595030395 -151.53454621476052 -0.138524 0.155131 0.33882156 1.0
-480.0232773614904 -151.91857924348338 -0.081526 0.049361 0.35561556 1.0
-420.1932308888383 -128.54322609077445 0.667934 -0.374512 0.2933285 1.0
-500.55976765269156 -197.14114369425087 0.262551 -0.668345 0.34183508 1.0
-445.3102204579085 -179.18034847397428 -0.150488 0.001935 0.3017752 1.0
-486.36856635698155 -197.69818159817507 0.057739 -0.42728 0.35501313 1.0
-378.25746000576106 -147.04864159012834 0.047877 -0.261128 0.24079868 1.0
-482.9617817690666 -190.43269883135724 -0.27038 0.618454 0.34618872 1.0
-382.2739324437887 -160.1269956187855 0.171781 -0.039865 0.292381 1.0
-246.948374011137 -105.07137171830566 0.110962 -0.024324 0.16657062 1.0
-514.4870826787383 -189.34333714178496 0.064862 0.11135 0.3342064 1.0
-467.1120973647254 -172.07633197836117 0.117823 -0.328789 0.30222932 1.0
-413.3043710927826 -165.50677688526216 0.162134 0.06145 0.31407169 1.0
-505.0385318225117 -180.76533581334468 -0.009418 0.143784 0.3350276 1.0
-424.3310167536628 -160.95711904821945 0.021162 -0.059789 0.30222943 1.0
-377.98000004300303 -149.83350038925536 0.080293 -0.154808 0.28590888 1.0
-512.6742818242885 -178.44909872638857 0.409713 0.296669 0.34398592 1.0
-443.1888270277096 -166.8094138356015 -0.021626 0.181176 0.34261838 1.0
-389.2445773859966 -146.40166710654378 0.122045 -0.128447 0.2910588 1.0
-509.84049502392816 -171.49774699184687 0.273229 0.124921 0.3369481 1.0
-511.29279036376124 -173.20679730558652 0.003308 0.1925 0.33924362 1.0
-417.73533595235403 -139.81380736277745 -0.00961 0.157425 0.25398713 1.0
-411.5243594386772 -138.27787487897012 0.132954 0.077153 0.25143734 1.0
-476.3355129705357 -165.50926738895782 -0.20509 -0.134113 0.33181307 1.0
-479.4355568797413 -168.47236767462147 -0.234891 0.151743 0.35073113 1.0
-320.3254572959772 -122.8365792807287 0.004536 -0.082496 0.18109374 1.0
-460.38648047739747 -190.5023618850495 0.277909 -0.068828 0.35388944 1.0
-362.8051074964196 -150.03049976471982 -0.070634 -0.122616 0.25344712 1.0
-342.9714004643318 -145.1597111082652 0.088845 0.651881 0.24734859 1.0
-512.3990989758883 -191.21271322484722 -0.014137 -0.024443 0.3325487 1.0
-477.5254189019363 -178.37229482177284 0.338022 -0.052978 0.3051302 1.0
-505.51603844386614 -188.96725081729795 -0.041558 0.167073 0.33157864 1.0
-504.13684231388345 -191.80696793052482 -0.004662 0.151902 0.34443703 1.0
-497.8448815902132 -189.13295524787287 -0.020958 0.116583 0.34520102 1.0
-451.0111336975019 -173.92418132639565 -0.015538 0.214863 0.30713004 1.0
-425.05029866584283 -173.36605776182972 0.051244 0.21835 0.33060607 1.0
-477.66504791925564 -176.20123229747736 0.083131 0.506793 0.32570875 1.0
-435.91749171616215 -163.36135269701725 0.150432 0.159967 0.30090258 1.0
-452.15991869435015 -173.26592939408778 -0.093943 -0.096229 0.32608363 1.0
-435.3840003239043 -174.3831031359063 0.208738 0.260087 0.3535645 1.0
-342.51803940839824 -132.0093480885553 0.22936 0.029585 0.24858074 1.0
-505.0013531951819 -173.1688329700201 -0.066133 0.075155 0.34082454 1.0
-477.71645683271 -167.67506507712545 -0.51689 -0.189205 0.32740402 1.0
-475.8503052599364 -167.08694906256724 -0.111294 -0.155236 0.326413 1.0
-476.2712844097805 -169.92562259799362 -0.285369 0.357077 0.3436151 1.0
-373.9982692299684 -133.6648717495857 -0.012086 -0.1547 0.251365 1.0
-413.63764154382324 -149.34859273181252 0.157238 -0.429461 0.29755574 1.0
-405.2352186347785 -148.80335068281678 -0.112159 -0.224459 0.2958004 1.0
-381.5172484946678 -141.14139845380825 -0.056867 -0.095541 0.2765242 1.0
-483.91712151037393 -165.14232835347408 -0.253277 0.147999 0.34364766 1.0
-449.824425479269 -236.70769839243977 0.302575 0.164101 0.32617828 1.0
-433.1683294821682 -215.71425665685436 0.037396 -0.036851 0.29232174 1.0
-399.7285710550748 -198.72999029154963 -0.228588 -0.104964 0.26136246 1.0
-428.28208496579373 -216.8485415915573 -0.107056 -0.134864 0.29467466 1.0
-389.3064924812389 -195.39604200875385 -0.337002 0.330463 0.2578881 1.0
-486.506589500445 -245.83239745735875 0.032848 -0.077187 0.35854402 1.0
-381.3442577234247 -194.2736938133844 -0.583495 -0.404214 0.25662953 1.0
-319.1726929124278 -163.29840613094348 0.139574 0.159204 0.20608103 1.0
-310.9990013011533 -161.9520427420465 -0.1627 -0.028687 0.20415914 1.0
-421.69032615831304 -220.60976663508998 -0.387523 -0.463325 0.31325987 1.0
-423.226217112793 -223.37289793850834 0.152619 0.117345 0.3201805 1.0
-338.43960798265465 -161.64975484501838 -0.037754 -0.058873 0.20402905 1.0
-317.8513692786818 -154.03191904144148 0.062868 -0.070947 0.19167323 1.0
-275.9762511553764 -133.93153997005834 -0.129002 -0.258579 0.1611883 1.0
-484.2442512328395 -239.64060136877782 0.073127 -0.230178 0.35822237 1.0
-480.4012253452985 -239.04434870240578 -0.09805 0.08218 0.3547612 1.0
-476.90914587304684 -237.37498402902136 0.024525 0.460007 0.3546548 1.0
-393.9048641261502 -200.68456306376052 0.057033 -0.163003 0.2790511 1.0
-394.69550920732985 -200.9836562178106 -0.525324 0.098378 0.27997932 1.0
-394.9660853584589 -201.3450104046981 0.230225 0.061439 0.28037384 1.0
-395.02211312022234 -201.09094873020484 -0.119492 0.384956 0.28062958 1.0
-457.81375549637823 -237.66174017243475 -0.058782 0.059641 0.35964197 1.0
-250.16028949708905 -129.5431960938643 -0.098498 -0.207084 0.1605998 1.0
-254.2643531134075 -131.5909949736682 0.26491 0.146424 0.16384842 1.0
-382.8512859348301 -199.19035658981613 -0.106975 -0.082194 0.2788201 1.0
-412.3384328521536 -220.42892490816232 -0.649154 0.500608 0.330092 1.0
-325.0477849171759 -164.60082819353025 -0.378238 0.140988 0.22170271 1.0
-353.9926822846992 -180.47920665286935 -0.177857 -0.028619 0.2516728 1.0
-358.87779921933753 -160.89423354281826 0.129484 0.058227 0.20962335 1.0
-300.71281045250487 -134.1785193649974 0.072489 -0.054237 0.16933438 1.0
-522.7964539591294 -235.29302686644613 -0.281186 -0.275296 0.35775322 1.0
-449.8645211316915 -207.74802669125552 0.03068 0.027975 0.30741784 1.0
-493.23512651191527 -228.07141155856294 0.189699 0.395579 0.3522775 1.0
-453.5446694916174 -213.23991792950915 0.245861 -0.102337 0.31707522 1.0
-487.55792314650637 -226.68978083538846 0.179552 -0.188693 0.35328406 1.0
-433.80340629572606 -204.21500627193575 0.241179 -0.216833 0.29901844 1.0
-253.45107519581012 -125.35118470653195 0.068353 0.035802 0.1620673 1.0
-350.9810176984989 -175.73353536905373 -0.557988 -0.539502 0.25399163 1.0
-358.81812281365876 -178.3044465117601 0.152203 -0.533032 0.22965418 1.0
-423.6908472775372 -220.3492727996184 -0.037771 -0.02081 0.31577364 1.0
-302.3767489015241 -159.8051467696583 0.176578 0.295665 0.20404062 1.0
-299.67395743655567 -159.56062083687203 -0.362332 0.177021 0.2043943 1.0
-428.66346247056634 -228.97546393545798 -0.120995 -0.012495 0.33786327 1.0
-482.014757823711 -226.8042823430125 -0.425758 0.05951 0.32722026 1.0
-356.35357125277307 -168.94287194856966 0.045713 -0.05269 0.21959768 1.0
-310.93559612018146 -149.26636801840328 0.051176 0.021888 0.18687932 1.0
-448.0995278247856 -216.4913072303559 0.216318 0.119807 0.31205595 1.0
-483.1581512005541 -236.7556607836245 -0.214908 -0.074974 0.35567054 1.0
-398.60067588067113 -200.85625287231423 0.315993 -0.072547 0.28143874 1.0
-421.8643168338717 -215.36468562415416 0.066848 0.224468 0.31273416 1.0
-390.08854845568953 -196.974077269515 -0.277203 0.12414 0.27965072 1.0
-383.9341852050782 -197.40801833630306 0.177309 -0.08862 0.277494 1.0
-420.8504402183219 -215.93078274283786 0.106903 -0.001688 0.3213759 1.0
-355.4826058614473 -165.41168022279246 -0.056635 0.192177 0.21827991 1.0
-489.35110965919733 -230.8296519156382 0.130337 -0.094497 0.35353616 1.0
-354.50704631157373 -168.40785545799062 0.10578 -0.20747 0.22805612 1.0
-266.0055526594526 -128.52650860811318 0.5091 -0.051905 0.1625906 1.0
-256.7240973031289 -127.07702490394128 0.183046 0.060079 0.161542 1.0
-363.2418772639593 -180.75310779669047 0.061932 0.135619 0.2556549 1.0
-367.1722488756672 -183.01051611393098 0.036417 0.123037 0.26214024 1.0
-364.23287489230006 -181.8996428662082 0.058056 -0.361087 0.26017028 1.0
-247.81566587539567 -127.51176314587485 0.152573 -0.336952 0.16455004 1.0
-527.6787385323563 -233.01535331179892 0.024147 -0.423036 0.35699263 1.0
-441.311939914485 -195.2334047603413 0.305332 0.105601 0.27618104 1.0
-383.34635372810465 -171.6401920183196 0.060481 -0.254136 0.23454544 1.0
-347.6929347611068 -161.64371469257225 -0.290707 -0.053695 0.21992345 1.0
-417.730399618003 -197.39054037083454 0.21961 0.001956 0.29443112 1.0
-418.2994660480548 -197.47244189028604 -0.343575 0.144058 0.2952531 1.0
-417.4073297771184 -196.8227567467982 0.162795 0.247735 0.29601708 1.0
-419.35926187399406 -197.5418841279737 0.25822 0.296875 0.2974782 1.0
-368.1335291812762 -179.3107157568008 -0.308922 -0.21048 0.25945184 1.0
-381.0525527919651 -186.59278576506136 0.300031 -0.019147 0.2746635 1.0
-386.7579127354527 -190.0189745429952 0.333451 0.273264 0.28478765 1.0
-377.5811324286093 -187.780695867961 -0.376032 -0.01379 0.28243452 1.0
-532.4823239246441 -232.6237211020474 -0.038016 -0.084518 0.3577485 1.0
-450.59987278487915 -196.44927798313378 -0.090422 0.120002 0.28199056 1.0
-448.9502539901612 -196.11930026726955 0.307732 0.117935 0.2817026 1.0
-445.73326689541955 -194.63576475937484 0.104475 0.040857 0.27933222 1.0
-357.8955668595999 -156.77945517279645 -0.291446 -0.31055 0.20903532 1.0
-382.2980825238052 -170.77300762330307 0.238092 -0.328804 0.23383595 1.0
-458.37505029031325 -204.0102407618219 0.061515 0.223959 0.3017615 1.0
-492.62348568675594 -224.6246646061728 0.020877 0.098914 0.35140035 1.0
-445.0646541925284 -204.55320665943398 -0.367935 -0.216857 0.30709562 1.0
-432.1941161191623 -200.11548936143203 0.07665 -0.241702 0.29770255 1.0
-444.67309520294936 -205.8592262665515 0.190743 -0.030544 0.31175107 1.0
-441.08421735167605 -204.50877696352572 0.048984 0.118996 0.31148472 1.0
-270.7381957171923 -125.86456601514237 0.029474 0.002984 0.16459744 1.0
-421.10907014197954 -197.37726644275688 0.225871 -0.168885 0.29641634 1.0
-401.0115670385903 -189.10243685276515 -0.459994 0.154108 0.28086603 1.0
-317.7599884940405 -154.56566825026331 0.124993 0.218855 0.21998034 1.0
-316.0480356008036 -153.7860684748318 -0.02167 0.066767 0.21838419 1.0
-386.23789238840703 -191.5107517966491 0.291654 -0.167199 0.2965991 1.0
-533.8178600476148 -227.89813525460755 -0.319483 -0.396884 0.35814795 1.0
-439.7272669845616 -187.86113292673778 0.129834 0.234691 0.27031714 1.0
-442.92660058191393 -190.36512649981444 -0.086713 -0.265945 0.27570674 1.0
-482.5983275621186 -207.035647847935 -0.197941 0.2748 0.3117806 1.0
-287.27670532721123 -123.989692034399 -0.087513 0.229018 0.16088364 1.0
-283.599696864506 -123.52601173265104 0.095242 0.119971 0.1611805 1.0
-341.5267438096349 -154.91730292310856 0.27818 0.229486 0.22233309 1.0
-401.63975793059893 -185.41181478735032 -0.269089 0.16539 0.28266132 1.0
-400.8648629048914 -185.07622189533842 0.283371 0.390252 0.28213802 1.0
-432.07026718875073 -201.48523929844995 0.276746 0.017316 0.3192113 1.0
-366.1423306125787 -174.137661719448 0.255938 0.020503 0.26550317 1.0
-249.6301416925621 -119.75832093077528 -0.184271 0.103141 0.16566333 1.0
-360.42573692175665 -174.7426786804435 0.050909 0.052849 0.26774445 1.0
-509.43841556787055 -210.71363970796747 0.216357 0.013621 0.33327857 1.0
-454.1370106559431 -195.23441219268838 0.062648 0.19299 0.30318406 1.0
-399.1838597487273 -180.45857085942927 0.122021 -0.026036 0.28067175 1.0
-365.0491511985993 -168.2419161955849 -0.134972 -0.094507 0.2613759 1.0
-363.3654741729386 -169.89588134118148 0.172962 -0.038302 0.26506117 1.0
-284.5954040857386 -132.51806187379893 0.174486 0.026511 0.19276576 1.0
-359.7818852365383 -169.2566378177656 -0.112615 0.207351 0.2640214 1.0
-248.43758145103897 -116.43906588571284 -0.702987 -0.006308 0.16599567 1.0
-487.49967695727986 -199.51228839508906 0.27362 -0.363266 0.32063276 1.0
-484.6663102355164 -199.99078784090526 0.464495 0.053348 0.3279875 1.0
-482.95991852303735 -200.90377616849102 -0.017771 0.04905 0.32724315 1.0
-482.379795803521 -200.84744340353276 0.061044 0.161802 0.32690725 1.0
-337.8310886582455 -152.01382953661292 -0.070388 -0.102798 0.23925507 1.0
-340.1658404243658 -155.64903206641628 0.270551 -0.019246 0.24810633 1.0
-319.3309660917379 -125.74858702299716 -0.229427 0.163061 0.1771381 1.0
-393.3870972638933 -159.29232825191042 0.170174 0.09995 0.24291518 1.0
-492.6298606406913 -199.18591121631493 0.253418 0.041003 0.33750543 1.0
-459.95746281346084 -191.45033154861005 -0.289788 -0.137482 0.32534492 1.0
-473.35897918675306 -201.45854466941321 -0.038298 -0.141338 0.35448343 1.0
-392.99114026930926 -167.30818964178 0.198989 -0.20172 0.27728745 1.0
-328.60992871069647 -141.6938552715062 -0.614293 -0.150335 0.22358532 1.0
-335.0300860891926 -146.20389451907332 -0.057233 -0.140129 0.23381792 1.0
-334.7257161377319 -146.66009063171958 -0.103991 -0.13961 0.23371613 1.0
-364.13060632521325 -158.68664784001885 -0.038569 -0.777034 0.2614182 1.0
-488.8449161651774 -185.94736673962123 0.172928 0.181553 0.31043792 1.0
-441.788989865536 -192.64252328653814 -0.213552 0.118418 0.2764437 1.0
-515.2135769054269 -224.63670531107496 0.026285 -0.217454 0.34721076 1.0
-330.57220557178385 -148.01291998660022 0.308819 -0.266998 0.19871534 1.0
-278.1002999849468 -124.56862386731181 -0.078715 0.020511 0.16145162 1.0
-296.7520312429203 -133.13165942708622 -0.101082 0.069085 0.17623746 1.0
-338.4223303851229 -156.53835468890148 0.178677 0.018683 0.21971084 1.0
-435.03127770118215 -200.87362507112638 -0.01375 0.10577 0.31071264 1.0
-412.3905952511577 -196.98390591044222 0.14182 0.352939 0.30989364 1.0
-349.85182602412283 -168.3539901841637 -0.02837 0.08308 0.24923427 1.0
-402.53352471989047 -196.83770248583485 -0.168222 0.007399 0.31164765 1.0
-286.10131268008087 -123.27164319955607 -0.292259 0.045167 0.16187951 1.0
-478.3645485940341 -205.94511297976698 0.025888 -0.318399 0.3241033 1.0
-394.86023472748434 -180.66043648487837 0.103335 0.399886 0.278139 1.0
-446.9521159994919 -204.64532446258272 -0.095249 -0.210862 0.33880717 1.0
-403.7394505003725 -186.82366384782966 -0.006597 0.039303 0.29853016 1.0
-366.3139776022306 -170.48890887825885 -0.04743 -0.018776 0.26329407 1.0
-367.9898184446334 -172.3281946861998 -0.260806 0.063831 0.26527134 1.0
-427.28430085427584 -202.49061740843288 -0.116458 0.382958 0.34114748 1.0
-390.54691843520845 -163.37449479755065 -0.060091 -0.175211 0.23865025 1.0
-443.11842126862484 -188.91728345504512 -0.005791 0.23599 0.29882947 1.0
-482.4567555101185 -209.31170600643281 -0.141795 0.171908 0.3526669 1.0
-444.9921909080752 -199.95006178978656 0.237827 0.207689 0.3340836 1.0
-291.0078968713942 -132.17885973095898 -0.078474 0.26587 0.19405162 1.0
-279.00212654325605 -129.0810279134561 -0.144433 -0.122905 0.1887618 1.0
-392.6349024661097 -182.29211595492407 0.151051 0.030797 0.29892397 1.0
-313.75031317301347 -128.0654154359028 0.073137 -0.026045 0.17974885 1.0
-317.3673736250392 -129.8721122874474 0.044736 -0.056581 0.18414827 1.0
-444.05075950917734 -184.61179437979075 0.565422 0.206911 0.29907694 1.0
-451.48000218116687 -192.4889506479587 -0.153755 -0.210392 0.3261564 1.0
-472.4273531829808 -201.0572316693504 0.39417 0.033534 0.3527751 1.0
-345.52204957736853 -149.61890983889364 -0.096138 0.156874 0.23000425 1.0
-299.7473359026731 -128.71346204527407 0.309283 -0.233602 0.19217621 1.0
-323.1534781690639 -141.55439930003297 0.288137 -0.121398 0.21618521 1.0
-350.9965610007104 -155.77200949303207 0.017469 0.071778 0.24804291 1.0
-395.78278847536535 -177.55843888468078 0.179175 0.126393 0.29925576 1.0
-433.8962035563901 -195.09275256908666 -0.245849 0.192713 0.3468959 1.0
-471.92380815237044 -183.08267963972492 0.262726 0.001767 0.2996963 1.0
-367.5858881202287 -145.4650296029755 -0.241461 -0.556148 0.21770684 1.0
-492.85114374344334 -195.95870315115073 -0.232198 -0.016586 0.332742 1.0
-486.781988554665 -194.79825618136545 -0.013745 0.086208 0.32966942 1.0
-496.0677255704847 -197.51670524914903 0.067269 -0.011363 0.3426046 1.0
-447.7598637871922 -181.098626907529 0.228024 -0.043414 0.30334744 1.0
-484.70321382452676 -197.5968089562291 0.333122 0.103784 0.34685472 1.0
-389.36983953682466 -161.51832677865957 -0.165907 0.270584 0.2661496 1.0
-345.497522927884 -146.61183596817713 -0.542705 0.165099 0.23281729 1.0
-297.731136134707 -126.44419222973636 0.200802 -0.352955 0.19249406 1.0
-345.05676614252116 -146.72244308211273 -0.047096 -0.027509 0.2378889 1.0
-452.61870526609744 -195.5014651941151 -0.417805 -0.000688 0.3537122 1.0
-358.9682616480977 -155.043510933799 -0.196223 -0.099867 0.25494057 1.0
-354.8001640401037 -151.45099850618257 -0.193668 -0.405686 0.25042033 1.0
-329.07353705413095 -145.7902721727282 -0.009758 0.012605 0.24048422 1.0
-411.39473605649715 -183.38363579869497 -0.308301 -0.018132 0.3299628 1.0
-510.5984733314624 -191.73837381199988 0.107182 0.009186 0.33128357 1.0
-362.247851751753 -141.41010987681491 0.201693 -0.034049 0.22262225 1.0
-416.46796123888566 -168.89758738932684 -0.177227 0.056668 0.28988582 1.0
-351.82010904266184 -143.74177996801723 0.078052 0.151096 0.23460653 1.0
-441.8701963779629 -191.21974274278782 0.019375 -0.275785 0.27196774 1.0
-320.24310837848344 -137.7026838909407 -0.492093 0.400388 0.17945509 1.0
-301.22922823759376 -120.89457756324767 0.0552 -0.03635 0.16504641 1.0
-460.8235271377467 -130.31635987326734 0.190451 0.025019 0.28640905 1.0
-291.91396234161766 -82.59950123185017 0.166993 -0.01805 0.16183673 1.0
-475.4608441563298 -134.0424625466648 -0.095254 0.180296 0.30712998 1.0
-359.1123364201629 -102.91272830823699 -0.042971 -0.015523 0.21627228 1.0
-352.468659028875 -100.81141918101301 0.289958 -0.319213 0.21791035 1.0
-422.21525230497264 -122.92488075534231 0.079024 -0.045991 0.29602328 1.0
-413.68181176841154 -114.58850633429617 -0.089777 -0.241726 0.26907012 1.0
-414.7043025589613 -119.72202812886314 0.20248 0.287078 0.2544154 1.0
-316.2201989547569 -90.81250710743204 0.098137 -0.166662 0.17934316 1.0
-411.11468660494603 -118.7861734131858 0.518129 0.030639 0.25236195 1.0
-405.53753399423863 -116.83449547708517 0.005284 0.285262 0.24944136 1.0
-362.2662433283454 -104.62427137114848 0.13583 0.248974 0.21885666 1.0
-467.84149079377903 -137.21011223347853 0.105451 -0.0139 0.33797786 1.0
-447.7581103363159 -132.8208838192895 0.21417 -0.069158 0.3232649 1.0
-290.7370771542059 -81.72101802176039 0.099675 -0.344104 0.16104782 1.0
-411.46742544936757 -141.3161792533673 0.026927 -0.106377 0.28115982 1.0
-409.8397277615553 -144.65738121313595 0.160334 0.285248 0.2961552 1.0
-476.896067976442 -153.781911925467 0.181061 0.239512 0.2982768 1.0
-483.85441056835435 -157.11000183469505 0.219286 0.020408 0.3124342 1.0
-397.1045465153907 -130.345509813039 -0.114176 -0.196928 0.24490665 1.0
-503.4720542506134 -165.05370341125644 0.165079 0.011003 0.34708795 1.0
-279.713755751772 -91.969930594079 0.010285 0.008257 0.16035143 1.0
-450.7670029110172 -148.7536732656008 -0.142823 0.576495 0.29873076 1.0
-501.31984328545144 -166.94052733422433 -0.131547 0.010839 0.3597507 1.0
-352.9380954603448 -119.14773095116499 -0.149205 -0.104303 0.2340138 1.0
-376.6314149364405 -126.94312246447967 0.129173 -0.27017 0.25559723 1.0
-525.9367094603779 -165.5508273755715 -0.194168 -0.442278 0.35807428 1.0
-507.79834333945615 -160.3149537680393 0.347311 0.096773 0.35359612 1.0
-356.4195466154008 -113.84310908123423 -0.059963 0.199621 0.21996143 1.0
-362.87923403093123 -115.65817319624098 -0.444494 -0.110437 0.22665064 1.0
-388.76397371141763 -124.83753010264205 0.054283 0.029879 0.2546166 1.0
-371.1345290639799 -119.6513106315497 -0.095279 0.656467 0.24654488 1.0
-372.30386308205266 -120.57547221267072 -0.19446 -0.120763 0.24801278 1.0
-388.75822880068176 -126.11624973201559 0.049046 -0.053297 0.26925603 1.0
-498.03015560563296 -148.4669394279231 -0.350786 -0.062504 0.31295413 1.0
-421.84377052356285 -127.9689200243522 -0.217473 -0.124004 0.25067922 1.0
-466.76710130465335 -140.59677247317293 0.339944 -0.10448 0.28800893 1.0
-405.6979473366608 -122.94871627789159 0.127899 -0.327206 0.2510779 1.0
-477.3153395627948 -145.85832407438033 0.089226 -0.06883 0.32341617 1.0
-500.5028912396085 -153.74050532964486 0.005952 -0.038553 0.34893563 1.0
-409.08481626434394 -126.2039486541144 0.001104 -0.003457 0.26241863 1.0
-501.2442292543453 -153.22965744517037 -0.027657 -0.037132 0.35097474 1.0
-301.5248136262714 -92.09864150659632 -0.582401 0.27232 0.1772944 1.0
-471.44463426874216 -145.02071535578068 -0.15491 -0.230039 0.33320552 1.0
-440.8499070594934 -136.51925768680573 0.134759 0.247379 0.30559176 1.0
-353.7913675914227 -109.85194484916933 -0.091013 0.442872 0.22896062 1.0
-372.67324343887765 -116.24721936834327 0.068534 -0.193611 0.24591638 1.0
-420.07457230407675 -130.8677228377077 0.21622 -0.156138 0.2985731 1.0
-346.41833057968086 -110.23990125013498 0.421055 -0.149555 0.232218 1.0
-446.96588232982253 -131.57565334832364 0.267094 -0.293968 0.29670578 1.0
-478.59388043946734 -142.56242307073046 -0.348515 0.257948 0.33340997 1.0
-483.4737846060469 -145.6576862974239 -0.135372 0.07857 0.3517836 1.0
-483.27823271087266 -145.47723026384836 0.407532 0.057683 0.35175884 1.0
-470.8957790281644 -139.6615268718252 -0.279221 0.039764 0.3385918 1.0
-461.1769469999203 -136.8504726283693 0.11124 -0.005676 0.3307423 1.0
-471.7440368167986 -139.91472403402443 -0.221934 0.247068 0.34035692 1.0
-462.22896501298476 -137.5123442295081 -0.217881 0.133141 0.33259204 1.0
-449.25631634544055 -135.9247790832332 0.258407 -0.357165 0.32386735 1.0
-451.28342833214305 -135.5180892592877 -0.322123 -0.159477 0.32987505 1.0
-459.9857077605342 -139.06424804077935 -0.008232 0.469573 0.3422894 1.0
-345.8990892913393 -112.34326032366532 -0.009124 0.003351 0.19281857 1.0
-511.53336991691685 -170.03015813380873 0.311874 -0.452268 0.35720205 1.0
-386.5234727717537 -129.0445720990892 -0.125824 0.018825 0.2406286 1.0
-486.18879608381144 -164.11105471889914 0.010571 0.184845 0.34571442 1.0
-423.4293542620827 -143.0686063530828 -0.011433 0.023338 0.28698093 1.0
-355.0369372335918 -121.25582257220178 -0.275931 0.226243 0.23283291 1.0
-444.6192882917571 -153.79422078711644 -0.148509 -0.068479 0.33962476 1.0
-304.69537394410287 -96.89896000293199 -0.000436 -0.000837 0.17066501 1.0
-464.5390642040892 -149.6332005000163 -0.19482 -0.143821 0.29803503 1.0
-469.0037701964769 -150.40058650746204 -0.161398 0.273663 0.30221686 1.0
-320.66875455543476 -102.78569356266607 -0.052054 0.069039 0.18908575 1.0
-487.2610801930771 -157.3231437239851 -0.333022 -0.016606 0.3339645 1.0
-484.53317688360073 -155.61279045181684 0.104296 -0.337779 0.33470678 1.0
-365.2843466766753 -118.38073984751516 -0.082384 -0.323794 0.22943138 1.0
-275.78107952597884 -90.02068384166873 -0.212331 0.174076 0.16239285 1.0
-480.6885381212439 -155.55752880062764 0.069648 0.238465 0.33994195 1.0
-361.4853237405725 -117.51998214966409 0.045178 -0.141754 0.23095226 1.0
-367.3053750643642 -120.41367974315399 -0.188181 0.02783 0.24287465 1.0
-397.9409482614325 -124.53437855485369 -0.076704 0.105126 0.24609202 1.0
-511.2732158980543 -159.32417649799427 0.241442 -0.011434 0.3592453 1.0
-498.4492869716181 -154.80510220116503 -0.055314 0.220366 0.3477456 1.0
-398.5704790141818 -123.435248361124 0.047783 0.347563 0.25382933 1.0
-394.54122417428204 -125.69420239622877 -0.122342 0.0839 0.26403528 1.0
-426.6369203842221 -134.0364153445398 0.095569 -0.140731 0.29354748 1.0
-423.89049601743875 -134.61362618779557 0.190762 0.173452 0.29300985 1.0
-427.20142703990274 -135.67606507770475 -0.063943 0.183329 0.29645815 1.0
-390.76751776319696 -123.11329036427205 -0.017879 0.15519 0.262909 1.0
-369.84964290102755 -118.936445974883 0.12424 0.032704 0.24904911 1.0
-388.9624690281064 -125.02986484108725 -0.090579 0.187039 0.26859757 1.0
-346.3816852299921 -110.28614336822173 0.513626 0.009984 0.2323635 1.0
-507.13717580934633 -149.3549440601841 0.009928 -0.211122 0.325894 1.0
-347.873293699675 -103.14097578410633 -0.064054 0.002988 0.19772102 1.0
-489.6366873092568 -148.05372424147026 0.118802 -0.343432 0.33249617 1.0
-474.99867076341343 -144.15492379567513 -0.04639 -0.222185 0.33312964 1.0
-474.2230998707678 -143.79771152676125 0.018745 -0.520086 0.333506 1.0
-272.64571191289116 -83.21591430353638 -0.137208 0.249808 0.16176942 1.0
-456.3588602251967 -140.2128145124085 0.312418 -0.010682 0.3257857 1.0
-409.57596697428266 -124.44660639150912 -0.569011 0.127425 0.27957752 1.0
-410.1689247318158 -125.40746121327729 0.138727 -0.30394 0.28122583 1.0
-354.64092569959604 -110.59205248546752 -0.139246 0.115826 0.23960721 1.0
-317.43424799112205 -123.43610442142874 -0.075048 -0.011077 0.17921211 1.0
-315.2224622320596 -122.45160188227558 -0.051554 -0.044179 0.17834778 1.0
-482.51268672016687 -191.3133267289317 -0.061373 -0.102919 0.32918707 1.0
-473.01922028801704 -188.9812829852348 -0.152715 0.267763 0.32950965 1.0
-483.5785609572455 -194.28525206483002 0.177478 -0.257493 0.34514102 1.0
-341.3330688075714 -144.21690830795436 -0.14506 -0.115552 0.23391344 1.0
-415.9807007001451 -177.48130609313628 0.478687 -0.055719 0.31921294 1.0
-375.42832074026757 -163.79421891104514 -0.419295 0.762626 0.28888965 1.0
-480.340533735712 -182.53493047570484 0.08111 -0.320879 0.3089544 1.0
-498.06625692524057 -190.2674412259427 -0.250735 -0.212083 0.34105784 1.0
-454.0999392487604 -177.75165090968568 -0.318365 -0.184879 0.30674928 1.0
-444.5835604025541 -175.65461916309968 -0.015782 -0.10068 0.30543384 1.0
-479.1628448722214 -188.8479928097454 0.105691 -0.068511 0.35138786 1.0
-352.15020040233827 -141.30344577605362 0.142062 -0.096996 0.23368841 1.0
-351.25758859755933 -140.5963157474456 -0.013132 -0.002589 0.23492111 1.0
-426.5701538001439 -173.98367329201687 0.251735 0.417988 0.31398186 1.0
-425.7241871027963 -172.5986324846283 0.19964 -0.010776 0.31400007 1.0
-378.0493623611345 -160.86764403765412 -0.44692 -0.157747 0.2913045 1.0
-248.55787199415727 -105.11851835530308 0.025481 -0.142982 0.16831613 1.0
-421.90685681261755 -154.72131774489523 -0.069982 0.283265 0.2535645 1.0
-511.6657977645671 -187.81775854880001 -0.20928 0.216274 0.3335985 1.0
-502.43359153836474 -184.15182701204975 -0.137555 -0.075441 0.3311643 1.0
-376.9393211404391 -143.92548753390082 -0.003861 0.25609 0.24169524 1.0
-430.65899801814817 -170.66777418609226 0.175961 0.017918 0.32771283 1.0
-339.3304584061833 -138.38425442876476 0.098443 0.033396 0.2469975 1.0
-394.8666344855155 -161.8215243756156 0.100168 -0.221348 0.31077412 1.0
-357.97449998026013 -130.18992765750303 -0.115258 0.259485 0.21576202 1.0
-384.3237760297218 -141.13330408601902 -0.38969 -0.261141 0.24046147 1.0
-477.08704156462454 -178.0687542074333 -0.270321 0.367934 0.34531868 1.0
-295.40776103542703 -111.0592810894149 -0.005873 0.068825 0.18247469 1.0
-423.18047825428374 -160.87745408519118 -0.077349 -0.093519 0.30041543 1.0
-371.0463735192943 -140.2692375649108 -0.24365 -0.13849 0.25269216 1.0
-354.8993836925381 -139.21986697044724 -0.004386 -0.007061 0.26203427 1.0
-412.2485702020702 -163.11716554165238 0.349941 0.147644 0.32730457 1.0
-510.8560382890489 -178.55762924885008 0.009786 -0.440817 0.34254378 1.0
-524.689222397278 -181.76046529647812 0.366592 0.060138 0.35785997 1.0
-479.04444632238653 -172.56814968456442 0.201885 -0.311967 0.33790645 1.0
-491.8047111870845 -176.48295932788236 0.024099 -0.16631 0.35867116 1.0
-465.278557201459 -168.14445967518796 0.014649 0.069849 0.34056026 1.0
-449.90669515981637 -166.5082981112683 -0.00513 0.178594 0.33379862 1.0
-315.5046707106087 -115.83652869943033 -0.002961 0.014233 0.20554088 1.0
-268.3750058662584 -99.16805909145764 -0.139115 -0.344768 0.17033394 1.0
-429.1612448717694 -162.39641539437574 -0.501606 -0.542982 0.32961717 1.0
-388.8857357587325 -146.40697568934632 0.238416 0.038054 0.2917734 1.0
-366.4384288142467 -140.7045737124204 0.068097 0.030712 0.27323604 1.0
-477.59415792141186 -158.70438001494404 -0.036325 -0.485287 0.29710227 1.0
-478.65479020440955 -160.85229108565866 0.394527 0.124926 0.29952863 1.0
-311.11614094270476 -104.11771366106282 -0.072618 -0.50015 0.17292914 1.0
-524.8523943819121 -177.11229118826364 0.251357 0.282469 0.3545509 1.0
-526.8175800498526 -177.67378815815596 -0.059311 -0.176376 0.35657972 1.0
-314.0887956183699 -106.62423200178904 -0.209757 0.449543 0.17883511 1.0
-363.4973848416126 -122.45705341526012 0.18887 -0.175322 0.2151135 1.0
-504.06624279647014 -171.16977814131306 -0.018964 0.443504 0.34179348 1.0
-306.37303555194075 -104.9215128812486 -0.200185 -0.074813 0.17724809 1.0
-476.88172959978743 -162.26577746832047 -0.091212 -0.119781 0.3205871 1.0
-489.7716551525132 -170.0404656928952 0.118186 -0.112671 0.35026962 1.0
-473.57621076573565 -166.7555980761321 0.040073 -0.078153 0.34405658 1.0
-391.4669432834737 -140.29557799779738 -0.182488 -0.175767 0.28336042 1.0
-389.70563694361516 -139.7350428421355 -0.260567 -0.303953 0.28184375 1.0
-388.02790867732165 -139.02599289903984 -0.022668 0.240221 0.2801148 1.0
-396.52175220049435 -144.19515975829103 -0.0571 -0.38243 0.29195628 1.0
-391.11243828997516 -141.37040343410666 -0.091756 -0.017222 0.28847376 1.0
-385.645295566456 -140.17993787113556 -0.189954 0.205133 0.28605458 1.0
-316.2784525939972 -123.06973460756613 -0.228505 -0.139836 0.18003608 1.0
-309.5582356306287 -120.58709253514427 0.058698 -0.126603 0.17563894 1.0
-375.08683421271917 -153.7665474223265 -0.394732 0.016352 0.259679 1.0
-294.9805198255129 -122.11796888340298 -0.008911 -0.167036 0.19131558 1.0
-313.5720590264034 -130.60494167323657 -0.238749 -0.014532 0.20881175 1.0
-359.281866303774 -149.4009796556046 0.501955 0.276884 0.25041425 1.0
-448.3680621783796 -187.0323326343404 0.199208 0.232077 0.34389743 1.0
-431.8127253551917 -180.05889755426463 0.079921 0.162071 0.32569697 1.0
-356.61478418329006 -149.30384461757865 -0.194238 -0.163292 0.24950959 1.0
-293.8022535201516 -125.18293118429467 -0.005808 -0.129167 0.20626421 1.0
-290.3642144087052 -124.1947491794803 -0.164272 0.053331 0.2035423 1.0
-298.5716662051799 -127.78649154924003 0.0444 -0.025654 0.2130734 1.0
-322.32288488413974 -120.02858445433417 -0.203845 0.233304 0.1787476 1.0
-506.7978508190029 -188.1724816983731 0.032998 -0.000219 0.3335605 1.0
-365.5899825356077 -138.13344107730904 -0.064154 0.180853 0.21789703 1.0
-323.0476655833914 -123.00730690420517 -0.032487 -0.282232 0.18827981 1.0
-502.32838144959396 -190.6961070722705 -0.231692 -0.042728 0.34264457 1.0
-315.8520972647566 -120.28641125610254 0.073034 0.329667 0.18441208 1.0
-374.46560777740945 -150.12241368528515 -0.173441 0.16329 0.25916174 1.0
-267.3967951764651 -109.81289266291002 0.145155 0.088132 0.17592964 1.0
-422.96996582304405 -173.5713816798989 0.378819 0.037151 0.32651755 1.0
-421.8149529275981 -172.10436476925884 0.15309 -0.075348 0.3269096 1.0
-416.13784459464244 -171.33166795951877 -0.041359 -0.033017 0.32695928 1.0
-341.6139598058621 -142.0629781340427 0.103246 0.237501 0.25517017 1.0
-324.61966147634365 -116.36571845207041 -0.140836 0.167266 0.17953289 1.0
-315.75148066892353 -115.47611495157857 -0.013239 0.00111 0.18013589 1.0
-385.28103547207246 -142.27853218673587 -0.221005 -0.039844 0.23935123 1.0
-481.96645773250424 -180.88041554889594 -0.057404 0.171856 0.3454703 1.0
-440.8526530803321 -164.7742840829588 -0.030834 0.109993 0.30325854 1.0
-268.37529683154 -105.24857663922378 -0.052051 -0.040199 0.17151341 1.0
-457.7956704003954 -178.201533376274 0.021524 0.115423 0.35827947 1.0
-383.81656845056347 -151.56219193506695 0.044419 -0.015025 0.2831887 1.0
-300.0578434452327 -121.21223032074474 0.281049 0.176295 0.21343756 1.0
-508.57738007343596 -178.98434517079863 -0.20963 -0.330686 0.33635092 1.0
-508.24287514594846 -178.787017008291 -0.016048 0.21674 0.33531243 1.0
-336.83269242919533 -118.14241523994642 -0.372257 -0.019261 0.19246279 1.0
-390.69364318151474 -139.8372118462202 0.100528 -0.115873 0.24467278 1.0
-383.106612496019 -138.71076425778037 0.115986 0.357163 0.24177638 1.0
-430.4864575384558 -157.5207740676348 0.314416 0.048395 0.2962538 1.0
-317.7249013459964 -117.60825713932624 0.458278 0.096529 0.20095922 1.0
-419.12414089961095 -156.04695012226045 -0.35761 -0.206964 0.29895282 1.0
-441.8704824075714 -167.60769315440984 0.531486 0.008892 0.33372405 1.0
-421.3488412186706 -157.89544378881604 -0.133875 -0.325327 0.31073645 1.0
-373.3776738395848 -142.69210423277121 0.117181 -0.284055 0.27174717 1.0
-425.4484678317566 -163.77751190761083 0.299864 -0.307474 0.3283907 1.0
-296.9480451552312 -113.73502483676415 0.270781 -0.056685 0.20256563 1.0
-512.2758310555166 -173.64287976125286 0.294599 0.010153 0.33018985 1.0
-505.92903778580546 -174.21544063365116 0.230117 0.160596 0.34079576 1.0
-509.4772670087846 -176.10678110122723 -0.182287 -0.12977 0.3447818 1.0
-509.9851635447475 -175.55107346088386 -0.191108 0.024003 0.3454355 1.0
-508.98661101197246 -176.3824811144051 0.027381 0.042629 0.34497336 1.0
-512.5754931629959 -175.94185414595384 0.009208 0.214734 0.3484059 1.0
-504.782264289313 -173.23277113228195 -0.136204 0.156125 0.3402733 1.0
-353.94807052143125 -122.18601295899161 -0.106589 -0.268849 0.2136443 1.0
-374.45019693342493 -131.88038072783576 0.17653 0.120407 0.2365159 1.0
-484.36284873959664 -169.42500770254796 0.096356 -0.08583 0.3434665 1.0
-442.56328582010593 -157.05313178241164 -0.066223 -0.032058 0.30366242 1.0
-474.29746019679425 -169.53175315937577 -0.048242 -0.165208 0.343028 1.0
-411.84520846113446 -147.44660771324232 0.082576 0.201356 0.28155696 1.0
-462.71354535974945 -165.31505830951235 0.006851 0.151255 0.3404214 1.0
-416.2858791676895 -151.6322556903179 0.104401 0.225739 0.29849663 1.0
-281.80974310511493 -103.17370329714257 -0.228794 -0.094207 0.18209375 1.0
-333.9740069642827 -122.95698020106097 0.142836 -0.286925 0.23217075 1.0
-352.11178225503136 -115.1259560082294 0.012596 0.480999 0.19951794 1.0
-310.4169245276203 -102.81971714301235 0.088144 0.068766 0.17273933 1.0
-496.34802420770336 -167.5123517556467 0.113306 -0.152027 0.3459255 1.0
-467.104660518344 -161.1808398904748 0.174523 -0.109096 0.33019167 1.0
-470.59197343698423 -160.98970222005966 0.044784 0.244142 0.337233 1.0
-472.83959746182836 -162.61238736796196 -0.33188 0.53398 0.3415227 1.0
