X Y e1 e2 Z WEIGHT_SEEING
-82.73365205708528 -202.20911104644617 0.014202 -0.061493 0.25975344 1.0
-64.56917028076595 -194.1389201810329 0.288758 0.145181 0.25483936 1.0
-101.47999067883583 -195.58190941317812 0.376366 -0.014745 0.2648101 1.0
-68.97763161814485 -193.76033121085726 0.054811 -0.025281 0.26135996 1.0
-66.63905751600967 -189.94312086741198 -0.131668 -0.193695 0.25532538 1.0
-63.26844180381942 -210.31222613577285 0.192215 -0.140454 0.2926481 1.0
-45.41081646958917 -201.48705589447346 0.216703 -0.14383 0.2766392 1.0
-46.74668329814165 -182.48357810727745 -0.204939 0.133569 0.2479537 1.0
-109.59265548178331 -187.25375732954916 -0.30171 0.035644 0.26297817 1.0
-131.00156339314316 -225.05176077936477 1.580747 0.097524 0.34543067 1.0
-108.53775200151152 -193.0419189678734 -999.0 -999.0 0.273929 1.0
-109.75452511965992 -195.67439434498652 -999.0 -999.0 0.28031334 1.0
-108.14231968216784 -196.45933587911924 0.056492 -0.066175 0.27963763 1.0
-107.65127818694336 -195.4900619650612 0.317827 -0.373124 0.27779013 1.0
-90.40756906269385 -194.22270698361274 0.136426 0.057962 0.2766107 1.0
-73.19597401807688 -224.28380957624978 -0.289313 -0.054551 0.34149593 1.0
-30.259391468816485 -195.64850885692388 0.334605 0.14868 0.28055498 1.0
-107.67321411542302 -191.53642433064178 0.032007 -0.07556 0.2819924 1.0
-93.06481527496821 -201.5995152087856 -999.0 -999.0 0.30549753 1.0
-67.44807093435136 -216.31081106761422 0.364454 -0.122422 0.33737367 1.0
-57.79920670672278 -224.587872396115 -0.124301 0.060031 0.35521498 1.0
-31.16789636757316 -189.02258678391814 0.214351 0.162677 0.27887708 1.0
-99.7056054861525 -225.26250944078913 0.258822 0.07506 0.30691496 1.0
-90.49476261508003 -210.10502412827267 0.082035 0.242776 0.2775427 1.0
-114.30510418477027 -233.48343609937453 0.574045 0.126336 0.33462322 1.0
-96.11547040160022 -201.70882513912719 0.474219 0.397654 0.27109283 1.0
-69.77472386368235 -212.15935043373833 0.068816 0.221209 0.29319808 1.0
-60.1358167383227 -186.39415791040042 0.038007 0.012554 0.24291906 1.0
-72.1381537676427 -216.92975527508398 -0.299726 0.114647 0.3113013 1.0
-94.43410976221229 -210.962535876403 -0.265701 -0.111389 0.30821604 1.0
-64.00041671119156 -165.37033367842076 -0.080541 -0.218934 0.21981263 1.0
-53.9837561238907 -190.50124187851645 -999.0 -999.0 0.26954225 1.0
-127.26915092910626 -207.08830757506703 0.476809 0.152427 0.30579183 1.0
-132.27242362005558 -218.02043976747098 -0.072038 0.047904 0.3298172 1.0
-107.04450356984964 -207.14692798788766 -999.0 -999.0 0.30785775 1.0
-98.61188987540227 -188.70904541213235 -999.0 -999.0 0.27116543 1.0
-78.42422307564512 -186.8894537123547 0.017382 0.006144 0.26653776 1.0
-86.61850642635584 -216.94320318047733 0.117939 0.493131 0.33428407 1.0
-71.84394861707766 -182.04038714650335 -0.639503 -0.398298 0.25920397 1.0
-75.2009702359713 -227.79985683929974 -999.0 -999.0 0.35925916 1.0
-57.3478504895142 -182.8368431735445 0.070238 -0.493742 0.2607562 1.0
-139.17928699093048 -218.85054492341843 0.26122 -0.280261 0.34632826 1.0
-124.40904738960351 -216.72970023287186 -0.176063 -0.042134 0.34006652 1.0
-107.57800461830969 -188.34960328396747 -0.082027 -0.120685 0.2799168 1.0
-72.82882931193396 -217.09910063807632 0.062706 0.092405 0.34258914 1.0
-58.81687787382225 -208.78817460360946 0.330432 0.342297 0.32582846 1.0
-125.16542384732658 -160.3120056690605 0.13688 -0.088497 0.27975464 1.0
-109.47666268770811 -171.41344735833837 -0.217191 -0.032014 0.3061962 1.0
-70.1670029819417 -182.08850924590774 -0.055333 -0.211791 0.3415853 1.0
-40.35908860368827 -127.08441413557546 -0.135332 0.057339 0.20636888 1.0
-38.8361515377415 -178.7436354702872 0.126805 0.123309 0.3295826 1.0
-39.08887406754154 -178.9872071867196 0.20165 0.197358 0.3301042 1.0
-139.18476710985485 -171.65041950037323 0.546671 -0.160489 0.3205168 1.0
-117.91490150029084 -172.411897011771 -0.047473 0.20101 0.32044318 1.0
-104.96495696014209 -162.44622673293688 -0.01246 -0.334007 0.29964852 1.0
-95.64923460587625 -176.84668024446418 -999.0 -999.0 0.33724985 1.0
-73.67075572205076 -159.38607156896225 0.133024 -0.213993 0.28934342 1.0
-53.7609038489232 -150.90097374263763 0.330043 0.071154 0.26816744 1.0
-30.800179995448406 -149.12719576179114 0.595969 0.186637 0.26954675 1.0
-31.02650285781248 -159.21354760861055 -0.235754 -0.887996 0.29235885 1.0
-106.67951619860021 -160.69649379090595 0.14856 0.129396 0.3057257 1.0
-74.95973629939834 -172.5680974927416 0.124856 -0.080734 0.34553254 1.0
-64.38960178996975 -156.94662060234185 0.062851 0.243938 0.29748437 1.0
-51.417291668361145 -143.87400323134545 0.202805 -0.033196 0.2616939 1.0
-48.01412365562383 -145.25728054682241 -999.0 -999.0 0.26979008 1.0
-45.974822487032014 -153.85605273056467 -999.0 -999.0 0.2877919 1.0
-33.73646642689446 -144.7455221420632 -0.255555 0.51412 0.2681925 1.0
-111.48043614835704 -158.5790472353258 -0.124503 0.126937 0.3110488 1.0
-78.39209522845603 -147.42567685758473 -0.030077 0.137895 0.28436816 1.0
-37.92201670135569 -141.20038962621854 0.168934 -0.180342 0.26707914 1.0
-122.4082778805045 -168.14260108057067 -0.252239 0.611798 0.35387567 1.0
-72.33905457274851 -152.39191484028643 0.00013 0.449272 0.31354317 1.0
-65.964464737554 -152.814990966078 -0.363089 0.128418 0.3118184 1.0
-104.76433657961827 -158.08601964807724 0.011703 -0.027583 0.3394604 1.0
-89.92080580102571 -160.86040854411476 0.281586 -0.497438 0.3526284 1.0
-106.63894848686228 -179.2486378046837 0.692515 -0.006918 0.2614881 1.0
-102.45757537034861 -187.29593695092828 -0.259328 0.071188 0.28093082 1.0
-112.87003649352646 -210.8009662448766 0.490869 0.016708 0.3353115 1.0
-93.71613739147448 -200.70039569446428 -0.33393 0.097155 0.30952933 1.0
-80.40607880536153 -181.7262743860179 -0.25861 -0.188536 0.27020928 1.0
-77.92700784015769 -188.84924911550357 0.176771 0.001971 0.28585204 1.0
-80.13015059666678 -197.13039199802208 -0.019805 0.022157 0.30297455 1.0
-50.93838398618151 -187.13329794452042 -0.18922 0.086267 0.2806688 1.0
-51.7292974775359 -190.4608805812899 0.091885 -0.24461 0.29076132 1.0
-122.66951169206979 -185.103290270198 -0.205607 -0.036443 0.2866468 1.0
-124.18497930526125 -192.00256091260877 0.058622 -0.096916 0.2996659 1.0
-113.14915377613728 -202.91525877233158 0.038552 0.001569 0.32495773 1.0
-104.4412555659556 -186.15194194898723 -0.160358 0.274205 0.2864475 1.0
-61.62005919690773 -152.2593925054149 -0.062636 -0.069405 0.2190913 1.0
-79.26737804757974 -198.9780988527566 -0.515351 0.317463 0.32163924 1.0
-80.29827239389193 -206.33440474536945 -0.044372 0.050734 0.33559737 1.0
-63.092850905908236 -208.15647843702354 -0.299617 0.249245 0.34526467 1.0
-34.05128797645663 -197.58105250274082 -0.202277 0.005818 0.3156433 1.0
-159.48412902134183 -211.7194957998954 -0.308965 -0.110233 0.35691965 1.0
-140.76542139168066 -209.58509888062082 -0.100222 -0.366431 0.35290113 1.0
-61.4521597521762 -189.07904702965243 -0.076311 -0.087567 0.31044272 1.0
-61.546282954626754 -187.1411225723656 0.096427 0.030868 0.3038036 1.0
-47.1633421060131 -184.11286666047644 -0.19429 0.323242 0.2960427 1.0
-140.30700309930833 -182.36825219810873 0.276892 0.122506 0.29802886 1.0
-123.5297658097193 -194.28053088991518 0.12505 0.218885 0.32785705 1.0
-59.93704350653406 -141.23502193887865 0.337672 0.310292 0.21554247 1.0
-59.09953947610887 -186.3045678979702 -0.06591 -0.376857 0.3111237 1.0
-52.54264653468497 -179.70230786800158 0.453641 -0.130417 0.2988891 1.0
-48.46023262222826 -179.4437123484936 0.272503 0.136875 0.29623634 1.0
-49.6076775798058 -185.3842905051789 -0.00553 0.106649 0.3122997 1.0
-47.61935155565708 -202.24557228505992 0.004587 -0.26678 0.35225648 1.0
-85.34381369842389 -118.18299063726678 0.269194 0.138395 0.17393118 1.0
-109.77547308948779 -176.17761300086764 -0.06663 -0.12435 0.29901987 1.0
-84.80980644469187 -192.38084034410534 0.229417 -0.188944 0.34362873 1.0
-68.39184203002598 -176.98879983038333 -0.174358 0.11174 0.29945204 1.0
-101.36784048677674 -152.1092498702344 -999.0 -999.0 0.24889529 1.0
-110.6511694695694 -175.15478378870873 -0.056725 0.094885 0.30417374 1.0
-100.77991577341813 -162.3593399342129 0.041734 0.25817 0.27474672 1.0
-92.49370381237793 -189.77383286676795 0.281606 0.072934 0.3466658 1.0
-64.28668215637369 -137.56025818399473 -0.248527 -0.226157 0.22084385 1.0
-69.42946192830613 -190.44184702761345 0.651987 -0.15601 0.34962422 1.0
-61.97456190388104 -171.0040122265107 0.015799 -0.067597 0.2967402 1.0
-59.541492452008924 -181.75547814487075 0.299157 -0.064815 0.32624364 1.0
-56.83249075966234 -184.93733720003266 -0.401707 -0.404459 0.3361086 1.0
-57.25247801685244 -185.73578598400155 -0.012406 -0.020226 0.3391435 1.0
-54.144783930812025 -177.6225801798527 -0.1573 -0.612014 0.31900898 1.0
-51.53632621240093 -179.29944204170724 -999.0 -999.0 0.32194835 1.0
-33.99375818602213 -161.41900798618448 -0.195062 -0.000364 0.2768803 1.0
-146.74523561852462 -215.8159220690869 -999.0 -999.0 0.34911442 1.0
-115.22501649727384 -190.80997054134434 -0.372352 -0.579796 0.29134688 1.0
-113.64956211291594 -188.6994570867586 0.007787 -0.352294 0.28959045 1.0
-110.0904545359178 -189.65528453753788 0.030964 -0.123424 0.29039076 1.0
-107.93525895914846 -216.32789654042173 -0.220874 -0.00375 0.35404333 1.0
-67.5447666965973 -187.63861917724296 0.273001 0.425133 0.28955588 1.0
-101.26875791744202 -210.86961988427498 -0.066074 -0.057244 0.35088956 1.0
-68.53596905078233 -181.87808872133195 -0.48199 0.060534 0.2875604 1.0
-59.180079636066104 -186.05975906933614 -0.483548 -0.059206 0.29616025 1.0
-80.5787317678619 -192.23990120524726 0.0066 0.023718 0.32210743 1.0
-50.44581138266091 -163.94826969978763 0.249608 -0.072154 0.25878313 1.0
-124.12076406342744 -176.79845746123533 0.179858 -0.035835 0.2888678 1.0
-115.13315282931454 -183.18816898033757 -0.058722 0.096644 0.30584958 1.0
-90.99427082410772 -147.5579273595095 -999.0 -999.0 0.22777976 1.0
-103.60206585238177 -192.66795133630947 0.259282 -0.088707 0.33006054 1.0
-61.061826592517804 -143.18038251733614 0.247565 -0.125367 0.22079752 1.0
-66.6675225663542 -177.64091370641742 -0.518065 -0.505217 0.29860684 1.0
-58.05338961274364 -162.52339173911776 0.019221 0.255191 0.26239106 1.0
-51.367873375187166 -144.1379118795681 0.257657 -0.183065 0.22479054 1.0
-125.07364429002997 -166.8779947469698 -0.032969 0.175515 0.27727154 1.0
-108.89750458331586 -158.59485054535935 -999.0 -999.0 0.2617669 1.0
-115.21549052116207 -179.1997773141866 -0.01949 0.094589 0.3075623 1.0
-82.63480587050879 -188.44144558068027 -0.00099 -0.189644 0.336107 1.0
-54.13635853621892 -179.8675201669737 -0.051922 -0.084269 0.31816453 1.0
-45.890507692071324 -155.1822031297103 0.139268 -0.157618 0.25480965 1.0
-39.15901724528362 -168.12413689259358 0.232822 -0.113217 0.28806874 1.0
-148.02866395308828 -192.39290997445417 0.712501 -0.02561 0.35718653 1.0
-115.41451676108832 -171.28698679562248 0.015414 0.171127 0.29947066 1.0
-90.20018573823128 -185.28208783393012 -0.046423 -0.081475 0.34129244 1.0
-66.5054317196099 -167.20055382880497 0.024614 0.135684 0.29647133 1.0
-61.15205197834541 -167.3041869769187 0.329426 -0.055332 0.2973913 1.0
-148.43297178933136 -184.28331460955732 0.009815 0.042401 0.34907228 1.0
-137.4481824102848 -177.89488571966265 0.235776 -0.132767 0.33015117 1.0
-134.4638794726453 -186.5455817191922 0.004272 -0.188503 0.3518746 1.0
-92.29903807425723 -133.96558476936826 0.156168 -0.108501 0.22310339 1.0
-108.80956035179702 -168.3906455769892 -0.140814 -0.324013 0.3071313 1.0
-86.69384993387203 -179.88129035127363 0.148197 -0.035006 0.33847272 1.0
-44.5933089286608 -123.44157080524988 -0.20286 -0.563628 0.20239419 1.0
-61.56249876901861 -170.20568814670642 -0.170516 0.545449 0.31483188 1.0
-36.36850220599952 -149.28624374025526 0.209565 -0.012158 0.26468384 1.0
-96.84844099374828 -149.55435556998864 0.212683 -0.075764 0.27247113 1.0
-94.47592235304485 -168.49510942947154 -0.313091 -0.475072 0.32483593 1.0
-97.6153438546278 -177.6358400808534 0.637405 -0.066559 0.34696475 1.0
-58.9084832368674 -170.43201643152088 -0.002877 -0.091891 0.32831982 1.0
-32.24231706829728 -146.77796869245537 -0.054824 -0.199638 0.2691545 1.0
-87.49349208100021 -159.43677671215815 0.024749 0.433988 0.31073856 1.0
-81.72746477100175 -162.14784456052033 -0.050384 -0.052183 0.3175858 1.0
-70.57289558887821 -155.18802305837494 -0.173796 0.097279 0.2975318 1.0
-60.70978720079778 -159.7935075049207 -0.520672 0.146616 0.31081915 1.0
-35.794155115676546 -136.98029150015208 -0.226325 -0.067199 0.2542191 1.0
-79.77685777231889 -152.10323300005683 -999.0 -999.0 0.30682072 1.0
-61.858117161372114 -164.4841770022598 -999.0 -999.0 0.34550598 1.0
-99.99925434075796 -129.76981169353394 0.116959 0.200057 0.24922828 1.0
-104.99016397278332 -159.16156810092372 0.322318 0.403077 0.34027234 1.0
-36.19988199118571 -134.5995833529698 0.151396 -0.710874 0.26743177 1.0
-37.29709533727843 -162.43294907992788 -999.0 -999.0 0.3501062 1.0
-88.51732345414925 -137.9366581200021 -0.187856 0.150148 0.28911218 1.0
-48.974916389832 -228.91724149942638 -0.257438 0.229606 0.35531405 1.0
-45.149620192918654 -179.57344079144508 -0.069077 0.004361 0.24033085 1.0
-55.22510074080876 -223.86479855806587 0.15 0.352785 0.35123807 1.0
-39.36681219572658 -176.79502094585496 0.130814 0.247849 0.2332483 1.0
-53.94755477158749 -220.62014539145812 -999.0 -999.0 0.3187762 1.0
-41.89409235591281 -182.2829225462611 -0.127281 0.390995 0.25845814 1.0
-42.678013753475085 -186.87497672720482 0.169241 -0.704112 0.27050275 1.0
-68.01553042558757 -240.98233626055406 -999.0 -999.0 0.35093307 1.0
-105.93838702880815 -222.15976500097543 0.05074 -0.209368 0.29327595 1.0
-87.03063262808975 -201.41407395929912 -0.24199 0.220461 0.2601019 1.0
-63.327114426594804 -194.26471147865828 0.078925 0.088582 0.2537294 1.0
-68.76691312258458 -213.85848430474496 0.058428 -0.112013 0.2906568 1.0
-116.36478727850496 -216.49886925876757 0.18006 -0.04943 0.30453926 1.0
-93.77013324597266 -197.40738437988364 -0.263076 -0.165728 0.26829576 1.0
-95.62385572041356 -201.45047362967264 -0.04057 -0.15318 0.27589616 1.0
-94.05253995973304 -198.62690871292924 -0.135073 0.084069 0.27009436 1.0
-62.00976524829155 -183.28244080017558 -0.116909 -0.109476 0.24077785 1.0
-60.06412534924913 -182.59685508407 0.016919 0.232122 0.24075322 1.0
-78.02881037839887 -236.58110001797812 -0.29806 0.381135 0.3492466 1.0
-57.947297805512534 -181.47803808574153 -0.262699 -0.180366 0.23912251 1.0
-50.46295713335814 -179.395153961168 -0.293661 -0.199501 0.23574114 1.0
-86.47392075374334 -148.66794380951518 0.174983 0.240737 0.18964396 1.0
-63.01648540035987 -146.5432293414911 -0.330363 0.134387 0.186995 1.0
-60.578896257336744 -204.36654427094552 -0.008865 0.270305 0.29154593 1.0
-51.7097470371633 -217.2601970895559 -0.349516 -0.285686 0.3185214 1.0
-31.344562520977608 -172.4990441574837 0.19096 -0.159647 0.22957605 1.0
-117.84431848465103 -194.88013716856906 -0.381051 -0.123645 0.27845842 1.0
-116.74712194296893 -206.98284950829952 -999.0 -999.0 0.30387235 1.0
-118.34845888305445 -215.12883574816584 0.079504 -0.512799 0.32259086 1.0
-114.88461149869588 -214.2698833163587 -999.0 -999.0 0.32160875 1.0
-111.22680672135658 -210.06722750597908 -999.0 -999.0 0.31173393 1.0
-113.24307546835279 -215.27656843814873 -999.0 -999.0 0.3221709 1.0
-72.20314462184236 -138.45333371922834 -999.0 -999.0 0.17871225 1.0
-102.97212186537725 -221.85475177928825 0.004399 -0.174297 0.33506632 1.0
-87.85077887395448 -195.051671952802 0.085458 0.397711 0.27868775 1.0
-58.46261075376648 -152.47926957916295 -0.058869 0.157378 0.20228988 1.0
-55.97380796201421 -169.05441819670085 -0.03013 0.071168 0.22942227 1.0
-69.79809651839463 -227.12516867069763 0.026783 0.066013 0.35134557 1.0
-46.53738743139049 -167.19984535916103 0.1264 0.219216 0.2290712 1.0
-46.05351848687956 -193.7669669899319 -0.13145 0.129637 0.27710855 1.0
-39.71627616469286 -166.80539337777145 -0.409982 0.212987 0.22728366 1.0
-135.84720075491614 -214.76287057405975 0.086395 -0.196094 0.3307333 1.0
-134.05005693223592 -222.17124605912161 -0.029816 0.127975 0.34530348 1.0
-99.38593180919784 -176.56420563332955 -0.092201 0.197393 0.25114378 1.0
-106.53879741415032 -204.4251519898778 0.083585 0.106343 0.30661854 1.0
-86.85651937899641 -168.8173593927547 0.103995 0.037053 0.23769462 1.0
-86.6243010139302 -179.02410809452627 -0.131704 -0.108125 0.25523674 1.0
-95.17850841719404 -204.02930509726465 -0.203854 0.309133 0.31055233 1.0
-94.33156204012504 -204.61297924323284 0.124521 0.461878 0.30765307 1.0
-91.67003044921069 -203.1563334622004 -0.340076 0.265234 0.3092997 1.0
-83.33032990989604 -193.02537072343785 -0.155549 0.180607 0.2830452 1.0
-60.42267707868494 -175.54453418472932 -0.052576 -0.306036 0.25153327 1.0
-58.47580830330377 -176.10736684718597 -0.079359 0.068594 0.25125137 1.0
-56.077695572431296 -176.65935843520282 -0.386548 0.22138 0.25379035 1.0
-57.10139033025589 -194.17208016036867 0.268873 0.046509 0.28643847 1.0
-59.68721948928979 -209.68052458926937 -0.242948 -0.186238 0.3247475 1.0
-84.34635391177437 -176.30570658259097 -999.0 -999.0 0.22079507 1.0
-95.66369542135673 -215.62717640279655 0.086527 0.332821 0.28648272 1.0
-89.93391041895684 -208.92038913034045 -0.141564 -0.471341 0.27544874 1.0
-63.120243978255104 -162.4795715473616 0.076906 0.135341 0.20293383 1.0
-80.06161130389162 -217.9250312043246 0.050459 -0.205171 0.3019064 1.0
-69.75609075602831 -212.32997642119412 0.184204 0.060761 0.2925724 1.0
-65.36542927286933 -213.1351775560222 0.069954 -0.017885 0.2931203 1.0
-118.68186507591156 -214.85970393219972 0.643153 0.408312 0.30402285 1.0
-109.50894124519037 -203.52365130288504 0.211786 0.114041 0.2805326 1.0
-113.52648228631311 -221.30868127086973 0.109667 0.349735 0.31769857 1.0
-94.30216643583455 -198.3516153457805 0.253888 -0.055288 0.27068278 1.0
-81.05204530868555 -169.0947507565164 -0.159451 0.478484 0.22135857 1.0
-64.73692511722662 -185.43869096529252 0.006535 -0.164813 0.25101352 1.0
-59.20030871465063 -174.33448901280426 -999.0 -999.0 0.22956851 1.0
-63.50898310139514 -207.73978420328356 -999.0 -999.0 0.29272377 1.0
-127.25602594614836 -209.4991122433801 -0.495405 -0.208858 0.30532315 1.0
-123.92377264986844 -210.98446594335832 -0.352507 0.125651 0.30416742 1.0
-119.9759721860475 -209.68458527235921 0.094847 -0.006557 0.304769 1.0
-77.20237282967491 -181.1003552780619 -0.338588 0.016958 0.25004157 1.0
-72.50370987869152 -181.47153537492613 -0.227865 0.158034 0.24893859 1.0
-61.25255103583088 -171.10223056306026 -0.125945 -0.188498 0.23073842 1.0
-61.39954689719768 -183.20992716159626 0.119181 -0.003014 0.2518383 1.0
-71.76064504317709 -228.06764190910053 -0.269676 0.22375 0.3482659 1.0
-52.14225106978067 -191.64645892566267 -999.0 -999.0 0.26916954 1.0
-48.92497982638265 -178.85438538178397 0.170679 -0.006005 0.24740331 1.0
-111.66885095319495 -183.416724538233 -0.160519 -0.079205 0.25763783 1.0
-113.08830639080861 -207.8457854355276 0.531078 0.225126 0.3085778 1.0
-110.41640298643958 -205.4239063585487 -0.066085 0.245091 0.3030884 1.0
-102.75703287938744 -193.11349099758294 -999.0 -999.0 0.27775416 1.0
-103.64765233926224 -225.9966306495231 0.113835 0.046978 0.35395628 1.0
-53.834094044570186 -136.8200260346587 0.131857 0.067007 0.17905578 1.0
-64.79739449214206 -169.38058156652397 0.46889 0.024347 0.23490945 1.0
-70.56602882199763 -193.29089305672946 -0.14484 0.03944 0.28149256 1.0
-72.122023963474 -219.5613794995932 -0.035463 -0.237728 0.33944678 1.0
-74.4350142411835 -228.0927750364981 0.168503 0.005486 0.35786945 1.0
-60.3304064184753 -213.44258352578564 -0.074434 -0.024146 0.32799578 1.0
-44.40320302208099 -165.4040999623138 -0.065095 0.235763 0.23000126 1.0
-55.266538146033014 -210.11651280399465 -0.429392 -0.112151 0.317396 1.0
-24.862078250567848 -163.2537800012541 -0.345017 -0.066824 0.2259854 1.0
-120.67099711101326 -196.65858106179869 0.05717 -0.207121 0.29430836 1.0
-104.93528885665164 -189.83193736822687 -0.505148 0.264257 0.28035384 1.0
-109.20737108452364 -200.19773933786195 -0.402809 0.137323 0.30303788 1.0
-92.26676181472894 -176.98263678143283 0.119468 -0.148488 0.25510737 1.0
-76.73258685725638 -148.85017443161402 0.065446 -0.068122 0.20410034 1.0
-91.03416553554716 -199.3404885783686 -0.143392 -0.026902 0.30496854 1.0
-76.56079087828596 -198.16926804506335 0.009457 -0.079849 0.30242488 1.0
-76.01558062498879 -210.67658719964732 -999.0 -999.0 0.32990277 1.0
-62.980758915056576 -185.74491424285222 0.010096 0.000968 0.27401364 1.0
-72.49138091635159 -216.1843461548154 -999.0 -999.0 0.34102932 1.0
-74.64614306107528 -219.63452978185106 -0.024447 0.17143 0.35347775 1.0
-72.52191457551284 -220.63704784909086 0.34393 -0.174277 0.35377833 1.0
-51.39991898480048 -159.16556500940226 -0.066252 -0.158872 0.22472413 1.0
-50.56930068323172 -174.5418145374713 -0.130338 -0.118061 0.2546218 1.0
-62.87429351735261 -218.1459671985127 -0.225617 -0.053822 0.34863997 1.0
-62.420108587508466 -220.09291454762266 -0.140479 -0.129828 0.35026333 1.0
-40.189627701612174 -146.87459027120755 -0.097723 0.314869 0.20224479 1.0
-55.287498356553016 -203.70107572874247 -0.000662 -0.042213 0.31555745 1.0
-41.08729472526273 -160.43072479689812 -999.0 -999.0 0.22568287 1.0
-25.216304633447127 -150.33348188429102 -0.114136 -0.015385 0.20670581 1.0
-95.86385346071991 -158.32090972578567 -0.15755 0.422157 0.27451655 1.0
-100.05549612507087 -169.11540317846453 0.054378 -0.372685 0.30521965 1.0
-84.89602184756706 -148.00536858285176 -0.15282 -0.437326 0.24914362 1.0
-90.46759271082745 -182.40274735684312 -0.101099 -0.233858 0.33940345 1.0
-79.91387569020331 -183.8321846334895 0.029834 -0.292844 0.34289873 1.0
-68.77154136774494 -171.57582105023923 -0.16315 -0.449195 0.30962783 1.0
-42.90914302125899 -119.53283789274154 0.265781 -0.077031 0.19328204 1.0
-38.69601247932919 -137.68439925728333 -0.50971 0.180678 0.2307358 1.0
-29.26959611657191 -109.03080685279467 0.026625 0.043491 0.17280208 1.0
-138.1979314975027 -172.06807310543195 0.206432 0.074209 0.32000217 1.0
-102.05735241701501 -142.57846846482508 -0.149075 -0.161047 0.24487698 1.0
-123.70951708427742 -169.35906847609505 0.020517 -0.166433 0.31613788 1.0
-106.78327311473669 -183.44122980534726 0.692212 -0.179053 0.35296503 1.0
-71.79767441971569 -135.5310426996656 -999.0 -999.0 0.23082109 1.0
-78.67644292177718 -157.91875852125995 -0.119673 0.031218 0.2866955 1.0
-62.4819262612755 -129.47067914734825 0.039607 0.249091 0.21856487 1.0
-86.65204696030955 -180.59751402975184 -0.186472 -0.00339 0.352613 1.0
-80.1913756117082 -178.95679213648606 -0.080676 0.030377 0.34806556 1.0
-62.399179531550836 -171.87893052712397 -0.163006 0.044226 0.32303634 1.0
-41.98501120088012 -121.81485153724009 0.00616 0.238176 0.20206398 1.0
-34.500456582956225 -152.31012594345165 -0.063274 0.210513 0.2775785 1.0
-145.1631367665448 -178.20433219675033 -0.282531 0.388396 0.3485617 1.0
-107.70459698705463 -138.33261936594215 0.038925 -0.158806 0.24780172 1.0
-136.06306794286218 -176.17992815203132 -0.157747 0.143268 0.3515928 1.0
-106.1302122798451 -163.7272535054545 0.204928 -0.176834 0.3148297 1.0
-55.51503549283576 -146.48789991152086 -0.084695 -0.022788 0.27003813 1.0
-51.784058338089935 -139.9447074206122 0.008978 -0.085386 0.2539388 1.0
-37.12027164273605 -139.4615756704654 0.180055 0.356486 0.25448328 1.0
-37.88344182102721 -153.52289013063222 0.174946 -0.198057 0.28894195 1.0
-35.13062934859648 -144.29390016196947 -0.109763 -0.234719 0.26642233 1.0
-32.9423711185563 -146.55260612182198 -0.284087 -0.154597 0.26987147 1.0
-28.040476148923368 -126.62579628647673 0.262243 0.258553 0.22313102 1.0
-32.64431600561301 -145.8803780943846 0.053677 0.001803 0.26755446 1.0
-135.07440846945448 -164.33659081360383 0.2804 -0.008682 0.33031845 1.0
-115.20052455444785 -146.345876981567 0.300052 0.129319 0.27825463 1.0
-117.29350395514643 -165.94140650296006 0.051277 0.052784 0.33655107 1.0
-100.86779502438694 -159.61004099308786 0.26346 -0.253598 0.31511113 1.0
-77.85725268086051 -121.63387311801372 -0.188261 -0.055186 0.2190527 1.0
-76.7476474674904 -120.28924107861974 -999.0 -999.0 0.21606314 1.0
-97.7113035219952 -164.47023187447522 0.07559 0.098089 0.32777324 1.0
-77.05923909017636 -139.3196262313179 0.177499 -0.298985 0.2592432 1.0
-89.26676361057585 -160.06734392043987 -0.220313 0.230187 0.32116547 1.0
-65.00824388888705 -127.08439830762624 -999.0 -999.0 0.23016188 1.0
-62.47462870557077 -127.19279166544938 -999.0 -999.0 0.23042198 1.0
-48.13478321062035 -109.09184277247564 0.13346 0.316637 0.18937153 1.0
-68.25767040554928 -159.18037795132838 -0.106433 -0.199804 0.31743264 1.0
-62.92585817839446 -157.6897223420096 0.045165 0.141062 0.3104334 1.0
-37.06876071793431 -116.79638079213485 0.118908 0.005205 0.20936006 1.0
-42.95464053725071 -140.83238879536037 -999.0 -999.0 0.2687264 1.0
-105.30367744191929 -138.4545133907726 0.081305 -0.068204 0.271416 1.0
-110.98889710483455 -150.29760270063002 0.170558 -0.132064 0.301465 1.0
-94.51015156816385 -134.08394371332366 0.013999 -0.089683 0.25911504 1.0
-68.97135562095086 -98.82072150063637 -0.049497 -0.178855 0.1738684 1.0
-106.91544783255246 -158.18278385268465 -999.0 -999.0 0.32899356 1.0
-76.99012203804523 -152.04741599799357 0.043544 0.359351 0.3095553 1.0
-75.28860577913552 -152.06486323829964 -0.197586 -0.066436 0.30989847 1.0
-56.23759223149145 -153.29035100562905 0.089793 0.090035 0.3134968 1.0
-55.56126000663169 -161.79814530959447 0.216742 -0.207061 0.34547332 1.0
-46.61956952226428 -155.1456715402106 0.212007 0.096197 0.31825823 1.0
-117.55875108468031 -138.50134102394625 0.01058 0.215288 0.27870366 1.0
-100.44483859195728 -158.23574723096857 -0.01873 -0.185501 0.34160668 1.0
-86.306948360953 -139.57893927720943 -0.014226 0.141906 0.28481722 1.0
-50.60034359327099 -130.35016864818198 -0.044334 -0.374818 0.2649075 1.0
-138.31407694779057 -217.7803853400084 -0.623324 -0.190172 0.345325 1.0
-137.91615140656654 -217.28219977134216 -0.314428 -0.02657 0.34521484 1.0
-120.36526364457207 -198.61526476179344 -0.10317 -0.014455 0.30251297 1.0
-98.4637696037765 -182.8350270555923 0.067005 -0.180709 0.27121782 1.0
-81.00489245504731 -180.51980927474565 -0.028069 -0.057444 0.26900396 1.0
-55.23450377266967 -130.13250138674542 0.019742 0.408133 0.17641346 1.0
-60.76648792412836 -155.58243949404664 0.005197 0.059086 0.22070764 1.0
-66.55888067023534 -189.56330807812944 0.158184 -0.028733 0.28591895 1.0
-62.12016883087299 -212.06484257033438 0.191813 -0.086935 0.33664942 1.0
-62.48416083160315 -216.14090462112836 0.034332 0.081865 0.34837452 1.0
-44.70308326920689 -175.0779090393544 0.359474 -0.177736 0.25966603 1.0
-37.022000085105894 -172.66498397347388 -0.168005 -0.161829 0.25160113 1.0
-26.264925467822803 -131.6333425540394 -0.151325 -0.365677 0.17813039 1.0
-34.989078584877234 -176.657963095321 -0.106992 0.155947 0.26242703 1.0
-85.84636041347505 -143.08213370580262 -0.200494 0.039373 0.20141985 1.0
-104.28107731943412 -185.1895896730883 -0.083941 0.011945 0.28417906 1.0
-93.59890741684916 -176.4622585311987 0.31479 -0.073584 0.26886606 1.0
-91.71070152587649 -177.79585564458938 0.227902 -0.214779 0.26829508 1.0
-95.38214596589641 -206.12550548162608 -0.004805 -0.159826 0.33448437 1.0
-55.06516472586844 -126.23528187297525 -0.153963 0.021462 0.1738198 1.0
-80.90361085890038 -195.82474794287776 0.121869 -0.156538 0.31056237 1.0
-77.6440868962049 -190.48447041274417 -999.0 -999.0 0.29875898 1.0
-79.32708735047252 -201.77782405263966 0.329434 0.170842 0.32602847 1.0
-65.34805952846796 -170.02646536599423 0.073548 0.451553 0.253905 1.0
-74.41661513376258 -194.26230346871685 -0.418701 0.148913 0.30940905 1.0
-46.825874315929354 -143.25455611278613 -0.070758 0.020314 0.20434374 1.0
-62.074366917080546 -205.05772008282923 -0.191713 0.114502 0.336186 1.0
-61.58757394122394 -204.26947147927402 0.29424 -0.036013 0.3352782 1.0
-45.15898564097011 -173.04513967935523 0.18165 0.024692 0.26439032 1.0
-38.77071077572827 -155.1267293039622 -0.231043 0.35449 0.22519854 1.0
-33.91660325371669 -157.29631540822297 -0.339138 -0.068497 0.22962084 1.0
-133.62678141710063 -176.9213149349078 0.175735 0.077427 0.27313605 1.0
-133.62848070414898 -176.885497859751 -0.084593 0.251195 0.27315387 1.0
-151.7619387625136 -209.8468085537417 -0.118722 -0.171789 0.35298252 1.0
-87.80075221477941 -122.5804715963014 0.113178 -0.009201 0.17211416 1.0
-93.50970542373292 -140.51898174100268 -0.228392 -0.233474 0.20237567 1.0
-82.64306486290879 -128.5095300170016 0.016499 0.28653 0.18096371 1.0
-120.66582247496868 -197.3015798144874 -0.089611 -0.005994 0.32721967 1.0
-95.38995138005505 -199.66638538595518 0.012682 -0.052833 0.32920653 1.0
-88.98095959210082 -200.3004128359411 -0.238978 -0.13096 0.33101225 1.0
-85.37035374794192 -206.31372769995642 -0.569494 -0.243173 0.34995803 1.0
-69.42600801628676 -183.72585474458722 -0.028876 0.423752 0.29721066 1.0
-43.169228644851295 -119.77316519755345 -0.022306 -0.20795 0.16894215 1.0
-57.40280858357732 -188.58918673544414 -0.053327 0.051527 0.30898386 1.0
-50.812715399129 -165.49757599193202 -999.0 -999.0 0.25441018 1.0
-57.174587830626976 -188.6118399551087 -0.044184 -0.221918 0.30838633 1.0
-56.79845904392323 -202.89540496281867 0.264397 0.155261 0.34135264 1.0
-49.059983835890336 -202.6085955217417 -0.04058 0.381079 0.34238985 1.0
-39.62450735250826 -190.97986527607972 -0.437603 -0.345303 0.31487447 1.0
-30.75338150680394 -160.7541985122918 0.114125 -0.085466 0.24610044 1.0
-156.52771721028842 -203.6964693717627 0.200647 0.036108 0.35332674 1.0
-123.40252260962502 -166.51412924569215 0.018958 0.014066 0.2623416 1.0
-81.22762179141648 -144.86360598336165 -0.302685 -0.246818 0.22034723 1.0
-60.67493840621958 -142.8533627083923 0.014083 0.521899 0.21880578 1.0
-63.03503318951421 -165.63037657871322 -0.030181 -0.014488 0.26524124 1.0
-63.92088905964173 -183.732174583336 0.28486 -0.065394 0.30465692 1.0
-58.10905200365561 -183.5740168572633 0.277359 0.257838 0.3047514 1.0
-50.493784396863795 -178.24658456859885 -0.092927 -0.103704 0.29569536 1.0
-39.365431091184746 -149.24918057212142 -0.133053 0.236496 0.22991402 1.0
-49.474814486817145 -183.41080346376864 -0.188544 -0.172479 0.30739692 1.0
-47.81599346892393 -177.62853695976472 0.097567 -0.012916 0.29380065 1.0
-51.621388071994225 -198.1352140740992 0.120477 0.33791 0.343798 1.0
-52.19885507470715 -199.81535267836097 -0.102804 -0.036316 0.34928983 1.0
-35.91577461206894 -175.87535615410366 0.061403 -0.278262 0.291078 1.0
-34.03143226771348 -202.99637405138103 0.075435 -0.291922 0.35446468 1.0
-155.06453545248897 -197.73219024284725 0.234616 0.055391 0.34973437 1.0
-138.7915042485317 -179.13623677941695 -0.271481 -0.593625 0.29907218 1.0
-101.779048651485 -133.17036952888836 -0.316151 -0.154337 0.20388189 1.0
-86.206054389758 -118.90355684297901 0.05904 0.008417 0.17552699 1.0
-136.44585396528888 -199.00465003215666 0.249206 0.402565 0.35289106 1.0
-89.47884031997842 -144.341497443719 -0.64267 -0.26697 0.2271471 1.0
-105.46170299909613 -167.7276545964122 0.167716 -0.00447 0.2793053 1.0
-94.2302750144389 -168.80660873228996 0.136851 0.30663 0.2825989 1.0
-74.1385790456955 -182.83083856176546 0.248192 -0.014098 0.31566882 1.0
-59.60381562593897 -161.00132064843405 0.145617 -0.125352 0.2635251 1.0
-63.15966579268116 -175.23258175956457 0.179553 0.074934 0.29820606 1.0
-42.62804759205308 -122.30427613233012 0.194002 0.092781 0.18333118 1.0
-56.6803861558032 -159.05868068177207 0.117145 -0.042736 0.25787738 1.0
-23.89022390359989 -116.95768752851767 0.40932 -0.016955 0.17544189 1.0
-138.21889270968674 -194.06313357626732 0.043891 -0.045805 0.3549369 1.0
-109.47686400510864 -174.46149974688558 0.246806 0.08561 0.30533522 1.0
-109.0716012922129 -175.97334002863522 0.102922 -0.173003 0.30607334 1.0
-72.15200443776448 -136.9198601569349 -999.0 -999.0 0.22071254 1.0
-93.05978470225635 -189.20830980458948 -0.37077 -0.000694 0.34587738 1.0
-77.61198796392046 -166.6228489901389 0.452553 0.147583 0.28789452 1.0
-72.3142816768658 -189.37040473861134 -0.022526 0.794663 0.34930754 1.0
-62.75823630837095 -171.287807610771 -0.09295 0.084945 0.29670975 1.0
-59.70422814990107 -180.65143026742763 0.031996 0.232209 0.3250275 1.0
-40.53292437727061 -140.66952397179654 0.00431 0.152625 0.23081407 1.0
-48.633528346664264 -180.2403111983629 0.008443 0.035185 0.32167113 1.0
-147.7234160400644 -212.14099007540267 -999.0 -999.0 0.33888784 1.0
-106.52840214043808 -186.4306249089327 0.281071 0.514855 0.28195474 1.0
-102.83646557135259 -180.69251767836698 -999.0 -999.0 0.27187398 1.0
-69.36523192633555 -170.56518127801723 0.451281 0.150348 0.2504944 1.0
-83.87454530109717 -206.90575970308768 0.168904 0.516204 0.3327062 1.0
-68.67031071842725 -170.91423763306523 -0.211631 0.196695 0.25270724 1.0
-83.95475413569994 -207.54451908717957 0.143298 0.034011 0.3330636 1.0
-66.95390602779447 -169.36687288759333 0.339422 -0.230028 0.2510954 1.0
-67.97675283141571 -188.14462189747545 0.323734 -0.113199 0.29066947 1.0
-44.27056447090236 -173.76099498645817 0.261122 -0.315383 0.26134327 1.0
-25.685487794216023 -123.8188382807688 0.452981 -0.52381 0.16741028 1.0
-84.25457060510769 -129.0595561249751 0.184598 -0.162585 0.18050006 1.0
-87.35477822013209 -148.93451027063182 -999.0 -999.0 0.21619394 1.0
-93.06732200430149 -201.96311847912082 -0.053881 0.228381 0.33126163 1.0
-91.72326950256861 -202.53199129084015 0.253975 -0.264773 0.33433226 1.0
-79.55026048422394 -194.67693357507284 -999.0 -999.0 0.31665853 1.0
-61.80096967176029 -205.36567782198182 -0.213007 -0.083258 0.33878303 1.0
-62.40628094977324 -206.50136101761376 -0.102776 -0.139895 0.34152812 1.0
-23.613067128583364 -135.03988059973793 -0.315632 0.040219 0.19417164 1.0
-94.25556473643243 -122.08114159583798 0.064408 0.552774 0.17354779 1.0
-142.52930367660593 -185.71400539574984 0.037981 0.30128 0.29943037 1.0
-85.46071212688567 -115.35639607458732 0.154616 0.208036 0.1607709 1.0
-142.95567016352305 -200.5824479360243 -0.123825 0.248058 0.33778542 1.0
-125.01471107318051 -197.52847701563823 -0.400676 0.1356 0.32783732 1.0
-87.1408207880786 -145.37703550529997 -999.0 -999.0 0.21583016 1.0
-72.85182442732847 -136.01751985164492 -0.108882 -0.409484 0.19844915 1.0
-77.23506532379552 -147.25685198071994 -0.123807 -0.280011 0.2200034 1.0
-98.4241947211673 -186.47390706745907 0.1464 0.057132 0.30704725 1.0
-94.02662252327048 -196.28513786971163 0.107813 0.047377 0.33090696 1.0
-65.59076784971765 -150.17262267921333 0.008632 -0.18541 0.22690293 1.0
-86.29432828175169 -202.33735972652264 -999.0 -999.0 0.34875566 1.0
-75.20633396986202 -182.49958888317167 -0.085789 -0.187346 0.29882765 1.0
-60.82449090314057 -188.18540376970995 0.047662 0.22899 0.30937874 1.0
-50.869086202237206 -163.31646423076617 -0.142926 0.1471 0.25449347 1.0
-57.281341557549894 -184.48977962665094 -0.093634 0.144055 0.3004177 1.0
-53.107426607607586 -188.00961814873642 0.000634 -0.107689 0.3108555 1.0
-48.97094179983307 -181.9006153643755 -999.0 -999.0 0.2952439 1.0
-49.26465282364829 -202.95220536185627 0.189759 0.093946 0.3502654 1.0
-30.907848029913396 -146.5846662055721 0.048611 -0.343705 0.22185881 1.0
-92.22177661688504 -120.12079124015999 -0.251294 0.110156 0.17384851 1.0
-131.84085654396773 -175.26626018867415 -0.113895 0.08572 0.28605667 1.0
-114.25349771043145 -168.349702414443 -0.014102 -0.719469 0.27351186 1.0
-113.81648332259104 -168.41850326020588 -0.171702 -0.148368 0.27415586 1.0
-115.68240959919682 -183.97710570032066 -0.020087 0.156887 0.3082796 1.0
-88.1771580253522 -142.7624828407595 0.225259 0.193924 0.2172974 1.0
-89.91040575158817 -145.93058779096458 -999.0 -999.0 0.22439222 1.0
-54.10730125140396 -117.1990509042138 -0.488129 -0.030706 0.17069302 1.0
-53.61696272164214 -119.21097599093558 -0.183179 0.020395 0.17474346 1.0
-62.53267002376021 -141.05975076954047 -0.175614 -0.014806 0.2163373 1.0
-52.54221224717771 -138.59743104942368 0.522744 -0.329124 0.21161212 1.0
-59.06893819174741 -161.61672081560815 0.040607 0.14052 0.26239666 1.0
-56.60848003352867 -162.02956448339964 -0.083621 0.26135 0.25969377 1.0
-63.67585972200163 -192.98988762616136 -0.009462 0.007735 0.3330839 1.0
-60.84190155593252 -193.4059006275814 -0.247472 -0.128633 0.3396852 1.0
-50.7916395536145 -182.13134191767776 0.044663 0.010163 0.30747932 1.0
-45.804436784760206 -175.33631755857172 0.173085 -0.209853 0.29477137 1.0
-35.689051143214726 -173.51766214675806 0.015427 0.063186 0.29133287 1.0
-103.36043749675451 -131.51031430175175 0.217986 -0.162109 0.20241126 1.0
-153.24921844256244 -198.77904926923793 -999.0 -999.0 0.35859168 1.0
-85.17766790315348 -115.7324175716387 -0.165735 -0.08512 0.1740753 1.0
-114.64728601809203 -161.62819354498413 -0.205637 -0.063071 0.26539508 1.0
-98.15209834225784 -153.3231508434281 -0.249864 -0.253983 0.24984533 1.0
-110.24822014191679 -175.38752008938977 0.273562 0.094141 0.30280688 1.0
-108.94000028899413 -175.1971170838718 0.501915 -0.062757 0.30273348 1.0
-88.75475871475439 -146.0312629935215 -0.213622 0.195681 0.23410882 1.0
-91.20128231322155 -174.0517547826631 -0.357354 -0.099776 0.3014056 1.0
-89.98630153772638 -189.3145746395581 -0.016816 -0.392857 0.33841887 1.0
-70.13922391583284 -158.8675356341193 0.287814 0.099806 0.26532346 1.0
-65.87679596172954 -171.678631163758 0.430074 0.094463 0.29685614 1.0
-68.47011586509562 -184.55008079616422 -0.158752 -0.327305 0.32841584 1.0
-45.87203755669748 -154.70010109983696 -999.0 -999.0 0.25374004 1.0
-45.85316689866862 -155.1547721002725 0.041038 0.117305 0.25497374 1.0
-42.88647067613839 -170.51252675601305 -0.007887 0.306836 0.29087904 1.0
-38.89680326775187 -168.96066346601745 -0.032474 0.331099 0.29023498 1.0
-24.882476388015583 -112.15870513391084 0.519683 -0.531453 0.17013486 1.0
-149.01728847265676 -192.85515676920386 -0.271344 0.286086 0.35686293 1.0
-149.61579939285272 -193.46900092929408 -0.585693 -0.317663 0.35817 1.0
-93.28919302828625 -126.50888545797851 -0.180539 -0.026521 0.2001231 1.0
-72.87399657953326 -136.83014085498453 -0.096491 -0.008059 0.22346863 1.0
-86.79350569333702 -166.33134238971874 0.177755 0.240381 0.29308861 1.0
-87.507386796899 -167.56106510563552 -999.0 -999.0 0.29332453 1.0
-92.01521617114716 -180.42841200381437 0.235008 0.06396 0.3301377 1.0
-82.07269961249891 -166.47263483467802 -0.117416 -0.059186 0.29229733 1.0
-68.19362156503794 -185.83816438207123 0.004676 0.045892 0.3412122 1.0
-41.51552623993821 -118.57477686904684 -0.013623 -0.18457 0.18700168 1.0
-57.84321207299306 -173.81528383288773 0.392407 -0.101778 0.31060165 1.0
-39.615548419727816 -127.60095948859725 0.190023 0.145004 0.20597975 1.0
-48.48681668386239 -177.71282790160495 0.151599 0.038303 0.32228506 1.0
-41.53359695480414 -177.6016877578952 0.009333 0.614519 0.32432908 1.0
-96.7744689783952 -225.0430165966681 0.059131 0.03825 0.29527873 1.0
-140.24863061671653 -180.09381366717687 0.12244 0.430586 0.33371654 1.0
-65.4845631133668 -103.38492070462098 0.565632 -0.062981 0.16293617 1.0
-88.22817353488381 -162.00358497361722 0.107663 0.181682 0.28937718 1.0
-82.18445416840645 -162.42173202918255 0.105622 -0.388373 0.29133397 1.0
-64.2463235485401 -132.32682327802766 -0.11778 0.047197 0.22084877 1.0
-61.95635520444089 -148.17672716128837 -0.302215 0.171598 0.25817457 1.0
-70.99104785443538 -171.7445932480493 0.187758 -0.034563 0.3193183 1.0
-45.385089869325014 -120.29177066752038 -0.438341 -0.0136 0.1962086 1.0
-57.71736613674318 -174.64611054502944 0.073517 -0.043895 0.326109 1.0
-30.236168831336606 -107.02647259947777 -0.222545 -0.237056 0.17145218 1.0
-97.40810557941451 -166.381658595256 0.036102 0.093232 0.31431606 1.0
-99.49043691981203 -173.74927446342625 0.038307 0.201663 0.33678716 1.0
-53.02372312610329 -102.41665974051975 -0.076616 -0.031826 0.16682182 1.0
-70.21597039649421 -167.83279300129624 -0.071436 -0.101302 0.32271174 1.0
-59.43932283079101 -162.1927589475283 -0.259019 -0.065763 0.30827388 1.0
-36.40513374159724 -101.97926614337077 -999.0 -999.0 0.16620007 1.0
-51.667672990341934 -148.2525950464956 0.184475 -0.004048 0.26972523 1.0
-29.328833171058438 -98.84985584152187 -999.0 -999.0 0.1611671 1.0
-35.64632845217522 -133.2874984396606 -0.017547 0.299716 0.23187731 1.0
-41.492539049519195 -154.59598983859468 0.141636 -0.302507 0.28542733 1.0
-102.69472408318177 -126.54995772879097 -0.104397 -0.353688 0.2231017 1.0
-129.54762600846064 -172.32739164056898 -0.09633 0.086206 0.34401727 1.0
-110.26605166885768 -149.62217269979016 -0.041577 0.172575 0.27834627 1.0
-110.95263432943274 -162.62246829421377 0.107629 -0.208438 0.31571725 1.0
-93.16070633719009 -138.67914701251365 0.145003 0.148579 0.2519753 1.0
-105.0453324375823 -157.87438674717342 -0.18932 -0.234212 0.30509537 1.0
-79.07575267417882 -140.50489853586686 -0.093071 0.317874 0.2602419 1.0
-68.64149788097565 -127.60643437879786 -999.0 -999.0 0.22941321 1.0
-70.36093544305933 -134.35926038884114 -0.024844 0.114998 0.24506024 1.0
-75.55691023575085 -144.02604065794802 -0.109895 -0.676398 0.2704263 1.0
-65.75954318803605 -127.22868145996122 0.063365 0.037825 0.22963265 1.0
-61.66325368958037 -123.65208281835406 -0.23652 0.109299 0.21857698 1.0
-64.48298807827042 -152.4462834517292 -999.0 -999.0 0.2926894 1.0
-64.51335688318939 -153.18031148485883 0.175071 -0.196347 0.29389003 1.0
-38.728989265853315 -95.79865071613077 -999.0 -999.0 0.16050899 1.0
-38.999412834719706 -100.4741692749264 0.610548 -0.066517 0.16784413 1.0
-41.67369081635242 -115.57662664302553 0.012311 -0.011755 0.20092964 1.0
-41.061728872601755 -114.9346855469273 -0.022702 0.048787 0.20055805 1.0
-42.21011883406649 -143.0368756234936 -0.007796 0.057936 0.2673342 1.0
-43.1609125372622 -150.43456925701676 0.142182 -0.142697 0.28783658 1.0
-36.89187022927208 -136.4014553111534 0.282773 0.092723 0.25273228 1.0
-42.372235868604626 -161.6251085821678 -999.0 -999.0 0.31738895 1.0
-36.8737553291357 -141.6730136056841 0.150875 -0.039579 0.2672405 1.0
-30.445078859264232 -125.11139349550581 -0.062092 -0.217628 0.22215202 1.0
-28.40060060659484 -122.81321472664168 0.280274 -0.578962 0.21957733 1.0
-113.76217314139777 -144.5093146395432 -999.0 -999.0 0.2809206 1.0
-74.42880922432644 -99.59072300691946 -999.0 -999.0 0.17247006 1.0
-118.85924738913211 -160.92672225293498 -999.0 -999.0 0.32473233 1.0
-118.95390673648538 -164.98865959214322 -999.0 -999.0 0.33722097 1.0
-83.64822731633826 -120.0775365904171 -0.068915 -0.080834 0.21694721 1.0
-57.12935506196559 -95.84398815211918 0.389085 0.124341 0.16619998 1.0
-92.00291263642714 -158.84518938988438 -999.0 -999.0 0.32191086 1.0
-91.68630737115546 -158.31242757136243 -999.0 -999.0 0.3241935 1.0
-81.77548568761165 -144.21511424232608 -999.0 -999.0 0.28098926 1.0
-43.46008651965948 -114.04597439424771 -999.0 -999.0 0.20554711 1.0
-26.61119455277166 -131.04232928670697 -0.159039 -0.136684 0.24764508 1.0
-130.91916753144363 -154.25607432983082 0.226578 -0.010026 0.32063332 1.0
-118.75060040187087 -140.65624987348875 -0.692765 -0.310847 0.28090316 1.0
-103.35300348215783 -158.64845612599322 -0.020707 -0.039667 0.3387296 1.0
-103.4825871166942 -159.30862639599547 -999.0 -999.0 0.3389121 1.0
-102.08931148656171 -164.20793319716887 -999.0 -999.0 0.35284567 1.0
-72.75196831095445 -150.3783800852336 -0.115568 0.084861 0.3112709 1.0
-36.74737443945997 -148.8927073683796 0.070072 -0.353755 0.31271806 1.0
-37.27652998316273 -162.60224769862793 -999.0 -999.0 0.350173 1.0
-36.857710166532755 -160.8331912690628 -999.0 -999.0 0.34501797 1.0
-36.798139013352134 -162.48836295137852 -999.0 -999.0 0.35024062 1.0
-30.11141767722441 -133.64866564337493 0.068382 0.081148 0.26829177 1.0
-90.10008023508506 -136.19509989015583 -0.20325 0.301208 0.28377137 1.0
-32.32601422254064 -223.60907993229216 0.223916 0.159541 0.33304983 1.0
-31.65927625196474 -219.5017219639827 -999.0 -999.0 0.32910866 1.0
-24.491864849352602 -148.7425563681063 -0.120998 -0.057076 0.19687976 1.0
-32.95219559344251 -158.92805128833274 -0.131087 0.041148 0.20279308 1.0
-49.28485114888235 -220.91607912312915 -0.008097 -0.377755 0.32160038 1.0
-38.7069502027874 -174.26193453095954 -0.232639 -0.361508 0.23366027 1.0
-43.87142673292153 -197.9210399079961 -0.364399 -0.064228 0.28674132 1.0
-39.68626293536242 -179.99767928208078 -0.097846 0.189439 0.25446382 1.0
-37.92877599638006 -178.87092498707884 -0.342568 -0.36401 0.25292748 1.0
-47.21604757820474 -182.67176562044713 -0.357718 -0.32259 0.2447098 1.0
-44.90918164483188 -194.42473319142042 0.067874 0.022263 0.28851658 1.0
-26.199723770896306 -165.9793067799337 -0.176719 -0.189557 0.22356555 1.0
-32.57088553975428 -155.99313620965026 -0.093917 -0.0775 0.20439018 1.0
-42.18421106516771 -208.97004795441245 -0.550553 0.054935 0.3171768 1.0
-41.42167805598736 -181.37030594581657 -999.0 -999.0 0.252135 1.0
-45.59831345336469 -170.22812555746773 -0.107638 -0.314605 0.22949149 1.0
-49.00350210219487 -192.84989836092842 0.053464 -0.206156 0.27991763 1.0
-41.11496219494164 -153.53817810728702 -0.105087 0.230596 0.3567463 1.0
-82.82022383088922 -132.84813159092022 -0.077408 -0.222901 0.29640388 1.0
-108.73067130459707 -139.22021305385843 -0.106573 -0.108537 0.28105006 1.0
-112.83745384138344 -157.30241220398597 -0.075763 0.006472 0.3364585 1.0
-102.31014640794555 -133.37702069210823 -0.164899 -0.256458 0.2928909 1.0
-99.84362186310132 -126.80475758697395 -0.438527 0.081229 0.24771701 1.0
-95.72915180789028 -125.54462647653271 0.053011 -0.026491 0.25030598 1.0
-86.56859125994421 -153.27456633027188 -0.442843 0.211627 0.34201732 1.0
-111.54364325185396 -146.89516354296128 -0.196129 0.280058 0.31864452 1.0
-34.443383365640656 -122.32271266514175 -999.0 -999.0 0.25266582 1.0
-83.82317465314144 -129.14246676307994 -0.61399 -0.236997 0.28453112 1.0
-99.33584637420721 -127.71211478351059 0.135256 -0.130087 0.24916233 1.0
-82.46939792700182 -113.6865266416683 0.363204 0.223619 0.21659333 1.0
-47.154039741655396 -92.05259145639134 -0.426582 -0.040122 0.16892008 1.0
-76.43174345447963 -157.32980742286284 0.179845 0.029867 0.3432432 1.0
-48.89713345650166 -103.06036635950257 -999.0 -999.0 0.19351527 1.0
-35.43539157377003 -106.9109348678211 -999.0 -999.0 0.20152536 1.0
-32.80679664331883 -127.47501861174199 0.27563 0.339023 0.25345352 1.0
-114.43046999576879 -135.2198965108925 -0.023709 0.324479 0.28083864 1.0
-118.5190706326479 -150.6509809956698 -0.169494 0.079809 0.32317138 1.0
-97.67575252955702 -125.75265429221989 -0.635609 -0.164953 0.25172278 1.0
-95.92217001404947 -125.05581700046464 -0.086175 0.254007 0.2488445 1.0
-84.1574427957906 -111.7066138618927 0.056897 0.060681 0.21749887 1.0
-92.21600619770227 -124.20448003263115 -0.413894 -0.212633 0.25053662 1.0
-74.84438919241903 -134.21818711808558 0.012438 0.096918 0.27943537 1.0
-72.17397862274277 -134.43713506488228 -0.244773 -0.203167 0.27847552 1.0
-50.13881806430805 -102.09844416008848 -0.142834 0.013399 0.1932385 1.0
-67.21753050667972 -144.7444443258466 -0.07491 0.351934 0.30862355 1.0
-83.90862005975632 -123.26338885890104 -999.0 -999.0 0.25308898 1.0
-89.67217515245862 -134.4450801692363 -0.269916 0.004895 0.28540346 1.0
-86.94446876991235 -145.7769304929333 0.286759 0.601313 0.32208067 1.0
-49.313977529309916 -86.65365550080816 -0.137129 0.155106 0.16218488 1.0
-30.58196432405012 -112.24113289424126 0.432704 -0.310993 0.2231519 1.0
-35.24676802535225 -131.64967524030516 0.079207 -0.178758 0.27942798 1.0
-104.88383857985009 -126.74286247624235 -0.177783 0.103707 0.2724005 1.0
-63.41169179944992 -84.0778749422528 0.270119 -0.492801 0.16103879 1.0
-93.78601091075474 -130.89614746949673 -0.22118 0.033197 0.28469205 1.0
-82.33079265746561 -133.70265104609484 -0.263088 -0.195367 0.29381144 1.0
-81.14146111764425 -133.2404701157529 0.20651 0.106059 0.2920195 1.0
-114.47064121747087 -133.0599647954125 0.032007 -0.091872 0.28120413 1.0
-70.14813148427064 -128.3084549050754 -999.0 -999.0 0.2760486 1.0
-69.85909525365356 -129.44679806332215 -999.0 -999.0 0.27780235 1.0
-106.22840874067265 -145.9661413277926 -999.0 -999.0 0.34559622 1.0
-48.500660844173005 -152.2476103297195 0.259548 0.432323 0.3468922 1.0
-79.36808663420193 -135.97233341824722 -999.0 -999.0 0.31853184 1.0
-60.913022674406626 -133.68729128913978 -0.052923 0.037831 0.31079695 1.0
-47.92861338483509 -118.05547827346885 -999.0 -999.0 0.26454982 1.0
-51.31260103091749 -129.52256510454507 0.24721 -0.168159 0.2975513 1.0
-68.9098219092151 -129.55170737831304 -999.0 -999.0 0.2768025 1.0
-55.76550740173947 -129.84627379907167 0.29129 0.069994 0.27940834 1.0
-45.21323828129392 -152.34565551735713 -0.106915 -0.077978 0.35650232 1.0
-38.56163716303347 -106.24435450990863 0.312488 0.157012 0.20883825 1.0
-106.86116695539573 -137.39925299866528 0.215786 -0.212341 0.3063037 1.0
-70.4081448905278 -127.13766495073592 -999.0 -999.0 0.27854425 1.0
-46.39325929245149 -87.41706160067126 -0.263247 0.05449 0.1704333 1.0
-62.75434589607464 -133.4051835648946 -0.218846 -0.213503 0.29779324 1.0
-29.446929613943748 -89.67767975551254 0.230036 -0.139687 0.17675911 1.0
-41.58913351919682 -136.485547928874 -0.083608 -0.288766 0.30475324 1.0
-125.70622078489036 -144.12192230791584 -0.022629 0.012147 0.34268343 1.0
-121.41338267034868 -137.3367890688955 0.066554 -0.402988 0.32056177 1.0
-97.60156923255236 -123.74709954573036 -0.066404 0.140547 0.27401516 1.0
-97.44937822682438 -126.88219142928065 0.177217 -0.355919 0.28819427 1.0
-91.59101750816411 -145.92949165440893 0.160692 0.054063 0.35811847 1.0
-71.2241796985837 -123.7910045971294 -0.240973 -0.095629 0.28181365 1.0
-60.78169407911023 -133.13854466444832 -0.078858 0.088524 0.31010383 1.0
-91.31288254207678 -122.46172202822079 -0.061122 -0.002864 0.28767246 1.0
-73.25463488447659 -118.09275792059704 -0.151737 -0.082558 0.27970028 1.0
-125.09111838367966 -143.79179946357274 -0.181029 0.081601 0.33851746 1.0
-122.76658711504916 -142.85872959243883 0.298314 -0.055658 0.33327124 1.0
-68.97468469654353 -129.721269631369 -999.0 -999.0 0.27716565 1.0
-74.71918322184942 -141.4093525990429 -999.0 -999.0 0.31816062 1.0
-75.13416347011942 -144.64495847643593 0.264236 0.262241 0.32533744 1.0
-71.62798022107124 -141.89930036642704 -0.099625 0.188275 0.31556392 1.0
-47.81856518589997 -138.3833890698698 -0.503735 0.10128 0.30365092 1.0
-45.35982165984637 -151.49478295989792 0.263483 0.29976 0.3554881 1.0
-70.28326260147357 -125.88938994198931 -999.0 -999.0 0.27841967 1.0
-47.0093863401313 -133.54266142118192 -0.496973 -0.347652 0.30501145 1.0
-44.504182145699694 -135.31803997562264 0.04758 -0.249714 0.3113172 1.0
-71.83864331111619 -123.02752176491468 -0.027425 -0.029283 0.28161034 1.0
-47.68720019973805 -99.99033802548708 -0.064778 -0.296362 0.21410222 1.0
-54.52934748828054 -113.44095186117971 -0.342059 -0.035374 0.25682098 1.0
-74.74616861509172 -128.33619264766546 -0.175986 0.526744 0.31626257 1.0
-59.88438509784806 -125.92010220993942 -0.441054 -0.0942 0.31404096 1.0
