X Y e1 e2 Z WEIGHT_SEEING
-61.89993096025736 -85.4178006477292 -0.047414 0.167542 0.33260152 1.0
-59.21219630952379 -86.66940156617699 -0.167393 -0.130466 0.3296168 1.0
-68.48012476507529 -73.00767039412715 -0.167119 0.138052 0.34566653 1.0
-76.55713743561856 -69.24863030977616 0.072187 0.047719 0.34728724 1.0
-61.950791900791735 -57.108779658191736 -0.287878 -0.238374 0.2627964 1.0
-56.59725308129736 -55.83344586401193 -0.038098 0.053975 0.2627474 1.0
-62.69829635710529 -78.83209474470422 0.253683 0.081831 0.3104986 1.0
-51.4409862522277 -53.264271615118865 0.124489 0.228493 0.26345816 1.0
-75.4698561183077 -111.37467992375755 -0.033078 -0.422064 0.30718964 1.0
-144.35511313905903 -114.60797114084428 -0.0145 -0.085119 0.33644217 1.0
-146.96541282158097 -118.50728595538365 -0.176096 -0.103243 0.348488 1.0
-119.0925444115322 -99.62798962440066 -0.492738 -0.065004 0.27436256 1.0
-100.81457896571986 -118.12194173375327 -0.792442 0.295608 0.35683867 1.0
-129.07438328223887 -113.9741701396481 0.159107 -0.323581 0.29976693 1.0
-133.60904233402195 -116.85386495781523 0.014018 0.115759 0.31519684 1.0
-145.99438257688377 -102.68988597466242 -0.134385 -0.11944 0.3134416 1.0
-132.09283884250945 -101.035318600941 0.429424 0.280465 0.3030442 1.0
-55.899558672837536 -104.56580613562738 0.049964 -0.14896 0.27806267 1.0
-70.30891820138118 -117.72020728122978 -999.0 -999.0 0.35296395 1.0
-106.04615713743378 -123.8245724727615 -0.221841 -0.742875 0.28841102 1.0
-105.64293192601191 -123.6991041208978 -0.082775 -0.242202 0.28832293 1.0
-104.85533004139128 -121.69193202217836 0.074846 -0.193359 0.2877747 1.0
-128.16126253427268 -127.71043382595201 0.093399 0.20379 0.3213128 1.0
-75.31073391825682 -92.1388410541799 -0.36438 -0.270993 0.20559633 1.0
-101.18274007646954 -132.79194366751594 0.249681 -0.191896 0.34635282 1.0
-94.83936003882287 -135.97628697089817 0.044613 -0.041102 0.357644 1.0
-91.06135352445541 -134.25071822755604 -0.209177 0.677371 0.3535131 1.0
-73.4187548088181 -133.49632933833652 -0.391237 -0.004557 0.34572133 1.0
-43.89797801268513 -84.15646366198962 -0.135236 -0.085788 0.18529557 1.0
-127.80963245939175 -118.06336327196577 0.535107 -0.12891 0.30567327 1.0
-84.26936628306797 -118.77124020003966 0.228698 0.05047 0.31547695 1.0
-74.02849418318154 -127.51388039119355 -999.0 -999.0 0.3475629 1.0
-119.27713239462521 -132.3486079901299 0.11009 0.031094 0.30976498 1.0
-62.38077321810384 -57.04785961864866 -0.46995 -0.056772 0.3477566 1.0
-65.41688054068584 -52.13178244391918 0.170377 0.008559 0.33449718 1.0
-65.26256384860508 -53.39428170507033 -999.0 -999.0 0.34693876 1.0
-61.7390150347518 -52.11614236368075 0.112832 0.171341 0.33622506 1.0
-49.60095541224184 -42.999071636663764 0.01012 -0.174502 0.26349175 1.0
-49.53528346519098 -34.928610507084066 -0.160429 0.015695 0.22702768 1.0
-46.3597911950112 -55.43564107247023 0.193265 0.131294 0.20130791 1.0
-71.48460870882487 -77.03685466313307 -0.297352 0.22438 0.34035861 1.0
-56.819184201425706 -59.70562699906961 -0.177712 0.38529 0.26065361 1.0
-61.47004913720112 -55.35265965653676 -0.019203 0.140726 0.25806886 1.0
-56.95959936461354 -55.6488480505441 -0.019701 0.024848 0.2603217 1.0
-55.4814919181963 -50.86659211032866 -0.058528 -0.01518 0.26371762 1.0
-45.32016920269559 -54.994667136756554 -0.188166 0.172758 0.20059998 1.0
-73.24159647614253 -75.19454954040727 0.147705 0.131829 0.3469056 1.0
-66.46737343956825 -69.77484350551896 0.176268 0.093503 0.30209062 1.0
-57.06948462258136 -49.24361036634837 -999.0 -999.0 0.21125919 1.0
-80.98157151458581 -70.13141477082502 -999.0 -999.0 0.3478008 1.0
-81.34920482190977 -70.09625735783263 -999.0 -999.0 0.3481283 1.0
-59.730261558369186 -52.76004394691171 -0.157644 -0.003125 0.26196733 1.0
-57.27498140167014 -52.843076572429084 0.12463 -0.129393 0.26381737 1.0
-41.218891789993364 -36.186546194468384 -0.339228 0.071215 0.17704116 1.0
-67.59734617140813 -61.01838519208177 0.039297 -0.131319 0.34861824 1.0
-38.10135588252361 -37.02846180379812 -0.199384 -0.070383 0.1766981 1.0
-67.53052052614348 -55.8932780419547 0.08611 -0.180905 0.34712663 1.0
-41.64258072908094 -32.56091214283792 0.065815 0.046994 0.18930835 1.0
-88.24365898935345 -76.05969997214758 0.17042 0.100273 0.18135259 1.0
-139.00009338344063 -119.24630500950096 0.046075 0.046185 0.33445868 1.0
-81.5472836458085 -114.50883442380513 -0.041721 -0.382948 0.3259934 1.0
-87.4163780058248 -73.27041392260824 -0.276856 -0.106586 0.1814966 1.0
-66.0666580401202 -116.19635025306816 -0.219276 0.272387 0.35595092 1.0
-106.115735620365 -77.15240021751038 0.422803 0.239893 0.20652954 1.0
-150.02570495332924 -109.96096420665589 -0.454339 0.17176 0.33865258 1.0
-144.82888623382343 -107.25596931201503 0.124768 0.116227 0.32328218 1.0
-132.72623757974847 -105.19056196624565 -0.083708 -0.095673 0.31281662 1.0
-61.51661568300975 -93.03035347548116 -0.234588 -0.050149 0.34028578 1.0
-61.076880461703794 -93.18282131288443 -0.121628 -0.024289 0.34168205 1.0
-90.73059107447767 -80.84485350144003 -0.27219 -0.052437 0.1882538 1.0
-92.21006349225974 -76.80005828588746 0.079727 0.069607 0.18926689 1.0
-140.6127577670916 -116.69652074595976 -999.0 -999.0 0.3351055 1.0
-75.7457352440689 -67.3216555103599 0.366313 0.182895 0.16137072 1.0
-146.06087451762113 -102.76704194405553 -0.147623 0.106616 0.3130751 1.0
-96.43575691175609 -124.51485546947112 -0.353455 0.354536 0.3513952 1.0
-48.77085996842639 -87.78283718181972 0.238448 0.608325 0.2181144 1.0
-82.53584346815973 -112.39599280387093 -0.539393 -0.096468 0.3247886 1.0
-62.226514051137094 -95.31452430333097 0.022117 0.091204 0.34046543 1.0
-62.36393627837695 -94.7672159740213 0.260626 0.633253 0.34187073 1.0
-107.60370387555874 -123.63216551060042 0.038629 -0.254003 0.29002574 1.0
-107.59422268059029 -123.87428537059296 -0.021705 0.090004 0.2903002 1.0
-105.36173791080061 -122.71384744991705 0.092674 -0.116403 0.28763822 1.0
-90.07120871131697 -117.71004331302304 0.145689 -0.263738 0.27205533 1.0
-64.96327904938418 -89.7715324339411 0.386772 0.339502 0.19235997 1.0
-128.39518148836675 -127.16292152249864 -0.23518 -0.120145 0.3171872 1.0
-89.20786567667692 -117.3482064667219 0.135694 -0.05213 0.28719378 1.0
-88.91386463552976 -134.5296460230626 -0.076348 0.311602 0.350045 1.0
-86.21872362382179 -81.89292484198653 0.014984 0.003124 0.18715522 1.0
-81.13627356729911 -98.52734475356033 -0.005201 0.174922 0.23933318 1.0
-57.091007575620836 -74.15581936271107 -0.14137 -0.504509 0.16781263 1.0
-78.35713863958998 -121.30862149280526 0.455353 -0.166379 0.31910253 1.0
-67.43109749790136 -128.00818087095504 0.274479 -0.015372 0.35417157 1.0
-110.45713569687959 -122.49081270021716 0.071265 0.368998 0.2814023 1.0
-88.72907913737176 -93.43146195321297 0.213961 -0.013165 0.20551202 1.0
-105.9911278548954 -96.90971328107123 -0.119139 -0.440428 0.23315185 1.0
-88.86189868197664 -80.93108480519905 -0.039104 -0.015828 0.18664525 1.0
-103.35473836749577 -96.79873672548084 -0.116453 0.22731 0.23314784 1.0
-100.20841022838587 -123.56449690390438 0.248582 -0.190618 0.2961975 1.0
-83.91423993177527 -131.11061107724535 -0.394347 -0.543414 0.35092935 1.0
-80.89975674159244 -130.31688679543055 -0.008038 0.061664 0.3526024 1.0
-54.82588434036407 -97.88848424302041 0.757358 0.279388 0.23231536 1.0
-60.78010722811684 -115.64037766729936 -0.104027 0.150843 0.3100766 1.0
-47.14986634966924 -95.34541256866699 -0.234153 0.243668 0.23516853 1.0
-60.09464851473442 -120.31358080613293 0.23793 -0.260725 0.32660207 1.0
-59.17039428120616 -119.27465461792568 0.226936 -0.017376 0.32291955 1.0
-45.21138143575684 -34.43289994070089 0.008697 0.382996 0.17584598 1.0
-50.42986384440194 -39.4982358719523 0.076899 0.106617 0.2295921 1.0
-53.671220643783215 -45.082486623237884 -0.217245 0.022486 0.23532447 1.0
-81.24362837285787 -104.36900358603513 0.148771 -0.517402 0.3252125 1.0
-90.49334649256465 -94.666983177049 -0.025773 0.435294 0.2949972 1.0
-67.54022857381406 -87.05444981847967 -0.581012 -0.272627 0.23978497 1.0
-89.4244325343984 -104.92827089048126 0.287438 -0.323357 0.33358106 1.0
-90.23652342165147 -57.86401165139311 -0.158729 0.375541 0.16379741 1.0
-125.71098593097119 -83.3753009232175 0.351793 0.252378 0.25337797 1.0
-95.78643216974744 -94.93892893405152 0.14376 -0.025048 0.2932704 1.0
-110.85593847973807 -106.67166062650763 0.198408 0.169411 0.3179655 1.0
-91.87099820279761 -100.00092752873445 0.13332 0.204511 0.29126486 1.0
-89.38611142788442 -94.61794022864719 0.068098 -0.048781 0.29017827 1.0
-78.4864229402914 -79.83870253207401 -999.0 -999.0 0.334148 1.0
-63.194157164185626 -50.76767768587099 0.155237 -0.438401 0.3067947 1.0
-112.78835137496506 -115.42627684845122 0.208602 -0.222416 0.34654686 1.0
-92.53964186201642 -102.4313658800997 -0.026398 -0.055773 0.28929394 1.0
-80.01622582516332 -109.22085120699042 -0.091287 -0.033259 0.32574195 1.0
-97.47371919448129 -96.36021347140905 -999.0 -999.0 0.28062162 1.0
-67.21864191499532 -109.59352134072721 0.093971 -0.089856 0.35396245 1.0
-148.28832900431155 -103.9020195007284 -0.272856 -0.11851 0.32578897 1.0
-145.66365355054748 -103.10649390599924 -0.07487 0.068576 0.3232052 1.0
-71.14590955699745 -101.27806805017562 0.065177 0.448545 0.3373557 1.0
-117.81697250593056 -106.42132642791103 0.237914 -0.32737 0.31183213 1.0
-95.81602458595475 -98.95132048393725 0.150808 -0.188818 0.2805714 1.0
-125.39427806823663 -82.71262438278555 -0.026153 -0.112993 0.24684455 1.0
-153.15045730299877 -94.57393276628027 0.262709 -0.117001 0.32383564 1.0
-69.99374389234931 -107.96479016454029 0.138736 0.154745 0.35666606 1.0
-44.41585963870426 -34.4768113818871 0.597113 0.541629 0.17576079 1.0
-44.35460668976766 -33.93523237035482 -0.167725 -0.165927 0.18830262 1.0
-44.89137029674208 -34.03459255739843 -0.122096 -0.066641 0.19104497 1.0
-50.68791413736317 -38.90077247872264 -0.071676 0.114853 0.22898422 1.0
-50.34571483802486 -39.46741785335674 0.0536 -0.22769 0.22869329 1.0
-48.90415472082551 -26.919899730944636 -0.129202 -0.264592 0.1816202 1.0
-76.10069030446233 -53.354879872452514 -0.038395 -0.005547 0.30085096 1.0
-72.1540269454463 -87.89631763330122 -0.017236 -0.017643 0.347163 1.0
-42.92978851018197 -47.78597053685612 0.324427 0.215858 0.16260926 1.0
-79.61010044178195 -72.29464573346097 0.437456 0.260352 0.30347106 1.0
-52.417172013582 -45.37072938573244 0.350357 0.567041 0.18168043 1.0
-64.59492322950969 -54.203095822668 -0.323006 0.326804 0.24673374 1.0
-49.84343300337873 -41.351389741331545 -0.099574 -0.072649 0.17858872 1.0
-126.98293989885244 -77.21093893497184 0.073868 0.244428 0.25237942 1.0
-86.31257303063482 -74.4488159969067 -0.175482 0.043689 0.33502227 1.0
-73.03874666330167 -59.576598263109275 0.224754 -0.084509 0.34410506 1.0
-53.94551056030273 -45.17574246788949 0.242258 -0.071178 0.23618746 1.0
-56.580162511376926 -41.26056085301718 0.209892 0.196429 0.23503141 1.0
-71.65720228764495 -49.97967483449288 -999.0 -999.0 0.3457635 1.0
-43.24294709132423 -30.50099507842688 -0.434117 0.358119 0.17684603 1.0
-93.01958710449365 -103.6160532590313 0.046212 -0.203601 0.29075068 1.0
-78.52855490436443 -111.27045862217943 -0.071891 -0.162197 0.32676977 1.0
-112.69738376155334 -96.792340053775 0.033576 0.199982 0.2810671 1.0
-110.32493543293296 -109.05815079199081 0.081632 0.024459 0.33896586 1.0
-88.86734397592214 -99.48406305777398 0.315771 -0.086019 0.29355848 1.0
-87.07219033981413 -104.78110802429792 -0.090156 -0.034543 0.32532045 1.0
-84.06183422418033 -105.47507872569611 0.353312 0.096083 0.32259303 1.0
-81.07292904851928 -104.11101705482895 -0.110269 -0.351206 0.32375923 1.0
-78.5455177136654 -100.64990506953471 0.069728 0.228304 0.30979848 1.0
-49.01292514242662 -65.04799830035894 0.028979 -0.229141 0.1703926 1.0
-43.477251302541475 -67.58273240012362 0.288243 -0.00197 0.18078037 1.0
-90.15658071508678 -94.26056155013208 0.129987 -0.181358 0.2929795 1.0
-44.08928340901757 -65.06399803891605 -0.152141 -0.453245 0.1832511 1.0
-67.22911647375031 -96.64107704466802 0.452086 -0.008186 0.31334436 1.0
-150.32842813760254 -98.41051284970517 0.030984 -0.064641 0.32384625 1.0
-144.3554802444056 -96.78076549161739 0.269509 0.0096 0.31733918 1.0
-143.95894783442552 -97.1280795134699 -0.047069 -0.175203 0.31817088 1.0
-141.62347453025464 -95.64141737355048 -0.095114 -0.088545 0.3118491 1.0
-65.3291690593895 -98.44674482843172 0.120615 0.037797 0.34002072 1.0
-63.77794697385807 -96.94981756488194 0.139805 0.092264 0.3404961 1.0
-150.99289239190202 -93.97854314021892 0.191525 0.093613 0.3258775 1.0
-124.96619372427456 -105.3807313491441 -0.167632 0.113785 0.33521867 1.0
-104.63012026955187 -93.11584569800002 -0.010796 -0.107636 0.27503437 1.0
-113.65081556318361 -104.41887945616453 -0.136829 0.035304 0.3235779 1.0
-123.64416947744547 -78.90914504455223 0.343727 -0.345025 0.23100382 1.0
-115.84487118414972 -75.87344002192246 -0.112138 0.567674 0.2162467 1.0
-155.56649322041116 -101.84827628475198 -0.328263 0.204733 0.32398555 1.0
-133.4330375701675 -90.48437321760932 0.001174 -0.009869 0.27680385 1.0
-144.15521563215205 -97.40476734302042 -0.113664 0.070448 0.3135249 1.0
-163.6418804106766 -95.19921987580803 0.001551 -0.116191 0.3251056 1.0
-151.31475900263766 -94.96582407734921 -0.330785 -0.376347 0.3236392 1.0
-151.20257237612287 -98.22164113640757 0.338113 0.17597 0.33775425 1.0
-95.1605777368558 -103.03813801943622 -0.194106 -0.223517 0.32331383 1.0
-85.65123200146742 -92.03142645412792 -0.036112 -0.13873 0.2805693 1.0
-85.87426745632659 -102.5686934149561 0.070461 -0.087455 0.32782423 1.0
-134.89798800740573 -29.882732017541965 -0.093585 -0.042603 0.32083294 1.0
-82.83139978608867 -53.03030555784056 0.183104 -0.057339 0.35132822 1.0
-107.09587293072443 -36.40231900931802 -0.060798 0.480787 0.31868845 1.0
-150.82723030191352 -58.83321280554367 0.108525 -0.00782 0.31169128 1.0
-138.50728232265993 -59.88357800739508 -0.26332 -0.26134 0.34273192 1.0
-94.38578211258495 -58.20158102633513 0.377102 -0.043421 0.34342703 1.0
-93.40992502347653 -58.434347172592304 0.154465 -0.379815 0.34933898 1.0
-88.7757896780206 -57.136311413977744 -0.004957 -0.16173 0.32867563 1.0
-89.45649479923483 -56.92108032540945 -0.041139 0.187874 0.32628325 1.0
-136.0257799046741 -49.81363208718012 0.249002 0.027205 0.30000052 1.0
-126.75487576342364 -52.775611927321194 -0.009075 -0.001467 0.3332398 1.0
-76.17202639543811 -40.08601240914523 -0.011264 0.274345 0.228837 1.0
-96.86084850620793 -52.336221023431406 -0.215997 -0.116487 0.3474043 1.0
-82.76364410003441 -46.52673418631984 -0.082237 -0.034056 0.28067127 1.0
-91.6162729939706 -53.24389461935975 0.022248 -0.108261 0.351034 1.0
-136.59486214509678 -49.81658525860645 0.045571 -0.030846 0.33427647 1.0
-139.07089381167137 -40.264348637338955 -0.384504 -0.041215 0.29585552 1.0
-100.10876470552537 -53.76464434881714 0.021826 -0.236367 0.16318801 1.0
-145.51613621053528 -90.79946857463587 -0.265638 -0.161168 0.33322027 1.0
-139.21865159725914 -88.60867422090759 -0.239875 -0.002044 0.32977155 1.0
-104.01098508537265 -91.41036061163844 0.027916 0.26443 0.35585105 1.0
-159.37093910015398 -86.25811348035207 0.178428 -0.021403 0.33312848 1.0
-109.89893738510433 -85.97423065420318 -0.07299 -0.037664 0.35790446 1.0
-92.4886679357642 -82.59426822336731 0.277602 0.361762 0.3450327 1.0
-84.70847516079573 -78.47108451176764 0.011744 0.297555 0.30736175 1.0
-189.75029753443158 -86.50772780979453 0.172516 -0.08243 0.35747865 1.0
-103.55893628159133 -53.34016129303465 0.284879 -0.145671 0.19415112 1.0
-107.88532052416909 -70.95800302917102 0.058191 -0.070843 0.28963423 1.0
-105.4836413450486 -70.11385529541172 -999.0 -999.0 0.2894808 1.0
-127.31471730269882 -61.543442474472876 -0.263776 0.142385 0.2568301 1.0
-119.56690449783453 -69.30574475643623 0.007358 0.059136 0.30807903 1.0
-89.84294469155478 -56.59238871247561 0.055021 0.208194 0.23474574 1.0
-101.08674155737523 -64.03614880674148 0.039187 0.01598 0.27517226 1.0
-145.55767996941694 -71.09656911981722 -0.242116 -0.076418 0.3436525 1.0
-145.42578770533626 -71.59212700579442 -0.06053 0.42334 0.34389603 1.0
-73.57792310884788 -42.19006364091328 0.124821 0.281278 0.17296305 1.0
-92.82722102872043 -61.68557949311773 0.443173 -0.14559 0.32298455 1.0
-90.43174202840079 -54.76201468962615 -0.006196 0.123026 0.16780835 1.0
-83.1485717819399 -59.248416557259674 0.148189 -0.076226 0.18377261 1.0
-111.43256917778385 -60.011441406085794 0.169898 -0.001388 0.19614135 1.0
-116.28434909999 -73.63487006734495 -0.111939 -0.350269 0.25890952 1.0
-117.48255620342158 -74.70844542132366 -0.358933 -0.049985 0.27451313 1.0
-113.63347690923838 -88.80470241999419 -0.037398 0.314983 0.35504612 1.0
-181.96738080571214 -89.097783876127 0.057751 -0.404417 0.3589105 1.0
-127.55696783887272 -74.43632183849674 0.355551 -0.141381 0.29703617 1.0
-135.79868415820823 -83.54777078255047 -0.065276 0.352983 0.3402967 1.0
-136.01922444173275 -84.42953478814562 0.111426 -0.354797 0.3596289 1.0
-69.25677299960932 -49.13614804348171 -0.027888 0.229543 0.17253259 1.0
-88.62710845619704 -72.43202544462015 0.074739 -0.541093 0.28659195 1.0
-153.60180708707088 -79.03839485849818 -0.133633 -0.146703 0.34382764 1.0
-120.4249911318952 -67.08459166169303 -0.05886 0.067982 0.27381897 1.0
-91.95219918977524 -66.56636825365982 -999.0 -999.0 0.28363082 1.0
-88.2150040944427 -64.89957170104208 -0.168954 0.025393 0.26938558 1.0
-123.9630366259671 -66.82214951078035 -0.30073 -0.589374 0.33548263 1.0
-109.58905782785358 -61.68281988394696 0.384813 0.146012 0.31073812 1.0
-92.17080396906583 -56.72746199454565 -0.076647 0.129526 0.28288302 1.0
-87.81911857654883 -57.41267780628451 0.034363 -0.484853 0.28426653 1.0
-88.29531751008352 -58.89913412531199 -0.159612 -0.178242 0.28847802 1.0
-88.29808372400453 -59.2142091774212 -0.223449 -0.228521 0.2895622 1.0
-94.04587083291659 -61.99554110503443 -0.016926 0.374242 0.32318106 1.0
-125.55926365015394 -60.589778541323675 -999.0 -999.0 0.33872908 1.0
-111.59151796992779 -62.29501750801773 -0.238337 -0.150169 0.34357744 1.0
-89.83904792128966 -51.856442987209746 0.039153 -0.136241 0.27386516 1.0
-82.83805457307106 -49.33803589722008 0.217524 -0.171207 0.25993174 1.0
-146.340190448792 -55.68046067397438 -999.0 -999.0 0.3096647 1.0
-146.92087189239993 -59.86174763478404 -0.105622 -0.036925 0.35290825 1.0
-88.10160025640725 -46.656585546054444 0.104526 -0.142812 0.27165255 1.0
-131.08127121675247 -52.37939233652485 -999.0 -999.0 0.3357291 1.0
-88.81768851599608 -44.15103344377277 -0.100822 -0.042158 0.27354184 1.0
-119.87206502086583 -38.95588795246468 -0.271109 0.311111 0.26200506 1.0
-148.6913559826299 -42.39584612466916 -0.14711 -0.357026 0.359701 1.0
-89.3513617087717 -36.94745204384067 0.134064 0.16569 0.31344104 1.0
-80.11276477358592 -38.38696808073208 0.276336 0.036456 0.31743714 1.0
-99.79364812867678 -96.70699380470207 0.258136 -0.397203 0.3535835 1.0
-89.6077878621515 -86.80894512035285 -0.207818 -0.335652 0.31193087 1.0
-66.61847019711954 -72.8074417431987 -999.0 -999.0 0.23702858 1.0
-108.00289018396299 -104.38575845716859 0.006092 0.231708 0.328143 1.0
-103.43913437654753 -95.38509016652092 -0.349653 0.428142 0.31455752 1.0
-92.5104700453238 -90.62432412387518 0.142153 0.263343 0.2935606 1.0
-110.36394803803117 -91.09798522167806 0.104461 -0.391962 0.31382087 1.0
-96.94540128338534 -90.69133296143262 0.02409 0.247988 0.31215835 1.0
-67.46809111998282 -63.228775261284426 -0.082577 0.016445 0.19411118 1.0
-96.95502131954494 -91.41250073495358 -0.185762 0.105853 0.31628793 1.0
-74.73202661482625 -101.4625247942668 0.07157 -0.22788 0.32412374 1.0
-94.99497257339091 -96.49765102020649 -0.314745 -0.091521 0.31429264 1.0
-78.82779755573569 -96.59954905085503 -0.132761 -0.105991 0.3495464 1.0
-107.98303036391727 -24.5936236083984 0.173628 -0.297198 0.22939606 1.0
-124.16326145795753 -27.831317744024272 -0.365903 -0.108947 0.28355998 1.0
-84.13974796839135 -53.008162134100985 0.101256 -0.184161 0.3519852 1.0
-83.74401372836269 -53.44554334053145 -0.455156 0.318106 0.35026902 1.0
-80.93607947632516 -52.54239193239173 0.121257 0.165663 0.34918666 1.0
-78.55281260286247 -53.67545337434811 0.001184 -0.077047 0.34629324 1.0
-132.013099418449 -41.29270183646565 0.035173 0.153949 0.2993643 1.0
-129.7807679764349 -40.82315653164431 -0.118573 0.035335 0.29631075 1.0
-118.48867018371476 -37.35516847393082 0.056072 -0.163051 0.27595082 1.0
-117.371888938342 -37.76396086993658 -0.194587 0.106687 0.27435082 1.0
-79.43390743988098 -28.148782561247067 0.274406 0.051379 0.18382366 1.0
-59.582342323812526 -27.227480680153214 0.015896 -0.227668 0.19007808 1.0
-76.22724407955374 -37.05183398516726 -0.0091 -0.082429 0.2793204 1.0
-67.5359829840454 -32.06011195535943 0.137392 0.095191 0.23763572 1.0
-94.90646067809729 -26.07162575007932 0.122969 -0.1298 0.19917536 1.0
-127.1745642041049 -36.15241407243347 -0.069561 0.054612 0.29190114 1.0
-126.83904650643196 -34.801328694644184 -0.054078 0.201926 0.2919971 1.0
-104.18276210515681 -30.201967826460333 -0.096827 0.09296 0.22969438 1.0
-86.9830854858784 -24.988546166675373 -0.099128 0.117411 0.18503535 1.0
-135.0449191817795 -31.446762747316512 -0.228558 -0.090105 0.3068335 1.0
-124.5743539760885 -29.910751850177853 0.25058 0.263571 0.29873335 1.0
-133.07082737729425 -34.4440876724698 0.231514 0.079164 0.33532044 1.0
-81.66421445073992 -23.892473772346204 0.237234 0.337674 0.21780783 1.0
-171.96410587416486 -63.46771424020064 -0.348394 0.210718 0.35217333 1.0
-142.70838763087963 -52.29124016706974 0.206069 -0.01202 0.2695013 1.0
-140.29128846379936 -61.90720910894455 -0.131586 -0.331068 0.3524598 1.0
-125.27266342772587 -58.17920023602404 0.291424 -0.10739 0.33675954 1.0
-115.88571170482045 -54.75123273970892 0.111314 0.33202 0.30750415 1.0
-73.85586120315118 -36.77051245184562 0.22711 -0.394731 0.17530029 1.0
-67.88821971707061 -35.72951131348668 -0.000132 -0.143941 0.17507645 1.0
-93.2803906917735 -56.74997262555037 0.052965 -0.061918 0.336105 1.0
-56.004243951872795 -34.88641500579188 0.252259 0.029144 0.1767784 1.0
-91.37219324798448 -58.43196620120723 0.076327 0.341718 0.3504281 1.0
-140.59519190013512 -50.32558980303344 -0.048253 0.085883 0.29849318 1.0
-144.26140539869957 -53.742032558018316 0.056833 -0.325957 0.31326813 1.0
-100.21854845417373 -37.211213889833836 0.037602 0.414415 0.19601527 1.0
-125.45002581565566 -47.89604224703751 0.30857 -0.178579 0.2772183 1.0
-110.01848665401747 -45.0143620064161 0.231463 -0.211305 0.25598902 1.0
-110.53667503673474 -48.224706541611305 0.438246 0.301721 0.29312903 1.0
-83.47913106146223 -42.69687567427355 -0.071208 -0.537245 0.25655377 1.0
-60.31955149387198 -33.127641642552824 -0.036961 -0.286752 0.17584956 1.0
-64.94681528169524 -37.3532862108189 0.176178 0.315201 0.21680476 1.0
-96.14756065146483 -35.16569195886497 0.060905 0.267381 0.208241 1.0
-112.7139671741565 -40.557418031760896 -0.082987 0.104129 0.25438163 1.0
-116.09943935668238 -44.60154489172681 0.192484 0.080995 0.2905888 1.0
-117.34046716268057 -46.24290354057999 0.163741 0.074058 0.30176303 1.0
-68.3954665434204 -29.24706210046485 -0.437417 -0.416205 0.17498885 1.0
-82.28901454001146 -37.23394646029223 -0.111515 -0.259726 0.23668012 1.0
-77.38414538829008 -36.066229681139866 0.193126 0.071771 0.2258984 1.0
-89.99698938284384 -41.90009246681058 0.215626 0.214319 0.27875975 1.0
-74.3441469207788 -37.46859709098692 0.010583 0.041679 0.24379116 1.0
-87.51918767298058 -48.66728652191355 -0.2803 0.165968 0.35506612 1.0
-53.83593884439226 -30.639623971698015 -0.264118 0.040406 0.18900377 1.0
-139.10685752384111 -37.13186428811278 0.038165 -0.052623 0.2998486 1.0
-98.43246942077438 -53.515390643629964 -0.253463 -0.038054 0.16321082 1.0
-89.84351342667092 -53.907137695344595 -0.217123 0.093281 0.16551334 1.0
-119.25109718793439 -83.67240902942248 0.058505 -0.105401 0.29915366 1.0
-72.27525224007312 -52.407722685334676 -0.098279 -0.222592 0.16346137 1.0
-128.59473859893112 -92.65101415344564 -0.283957 0.050375 0.35253006 1.0
-67.95359429953328 -64.03964141203491 -0.187298 0.082671 0.21603042 1.0
-87.30566966756626 -90.42684833391446 -0.176987 0.232693 0.35721433 1.0
-98.91241615340327 -50.818599723767356 0.290684 0.172935 0.16477571 1.0
-161.0137013764023 -81.97342418156065 -999.0 -999.0 0.31401727 1.0
-103.92409078904367 -61.22470162741152 0.09969 -0.03859 0.21005936 1.0
-115.14012824876215 -77.76490548284285 0.041693 0.255343 0.2962516 1.0
-87.2490202913902 -60.13638649093704 0.447037 -0.169024 0.21108894 1.0
-85.96284229814455 -58.778794102989366 -999.0 -999.0 0.20810294 1.0
-83.09248171820039 -60.27841530159519 -0.347948 -0.285295 0.21364039 1.0
-75.2128097079745 -57.312075525126275 0.465745 -0.480713 0.20119947 1.0
-112.42445583878504 -85.90051453826605 0.182657 0.11563 0.3538642 1.0
-98.53373512769132 -80.87819332598292 -0.060789 0.017583 0.3283426 1.0
-98.52790035292188 -83.80374012352776 0.021376 -0.004546 0.33652803 1.0
-56.407017508242134 -53.890913604528016 0.109576 0.035852 0.18653558 1.0
-82.07686343119701 -77.6703657792292 -0.18642 0.00674 0.30574366 1.0
-190.07609942101118 -86.08009176799926 0.130967 -0.144223 0.35925916 1.0
-185.0510683992271 -86.51770595195417 0.271322 0.212529 0.35669345 1.0
-106.75978090811248 -50.36951029986499 -0.035799 -0.364141 0.17718868 1.0
-158.66208911864882 -79.84886094747311 -0.015886 -0.09606 0.3207284 1.0
-112.30641510497391 -56.54565858407989 -0.083539 0.177881 0.2064248 1.0
-97.63853331441423 -56.239661898720776 -0.010376 -0.073454 0.20910421 1.0
-112.05878303124496 -73.74919315819156 0.283659 0.133107 0.3075132 1.0
-109.05425078769917 -79.1098980843962 0.231323 -0.081519 0.3512869 1.0
-89.69398099446488 -69.7187526433696 -0.022294 0.286054 0.2820556 1.0
-62.67010378198616 -51.19714811013342 -0.291136 0.049501 0.18719 1.0
-123.68465391322597 -53.26229737379863 0.016852 -0.135861 0.1991192 1.0
-123.69821379957884 -52.49375096877241 -0.12484 -0.071862 0.20019893 1.0
-105.17775061639409 -47.54326161299777 0.156972 0.289209 0.17716332 1.0
-104.5267816177819 -47.202346945859155 0.004679 -0.32867 0.1768344 1.0
-129.57181191474675 -62.46190101175026 -999.0 -999.0 0.257804 1.0
-134.68242236909705 -65.31826561586823 -0.044802 0.013214 0.26924688 1.0
-129.13263212268478 -62.030693530578326 -0.071856 0.355151 0.25670284 1.0
-95.46929171712605 -47.09277511331994 -0.088812 0.204145 0.1824914 1.0
-93.84823639572478 -48.14670206981112 -0.141065 -0.49579 0.18411943 1.0
-90.67943095237428 -47.595613977533034 -0.110197 -0.289281 0.18228383 1.0
-144.85917592785975 -78.87825976707248 -999.0 -999.0 0.35988033 1.0
-80.85835457641195 -46.6905858988798 0.217499 -0.017884 0.17730844 1.0
-118.76435021318119 -70.09214351890739 -0.145047 -0.015014 0.30769676 1.0
-79.67126674506066 -46.74197332200838 0.186697 -0.03578 0.18371801 1.0
-77.62469111475346 -45.704164682287164 0.057762 -0.097432 0.17818804 1.0
-113.13488684963475 -69.84040397060912 0.261603 -0.005368 0.30639288 1.0
-108.83624045417756 -68.15913463435898 -0.031556 -0.090734 0.30489337 1.0
-69.9034198913861 -45.610459209103205 -0.541595 0.328872 0.17530641 1.0
-85.25940308420726 -62.595671330044226 -0.356567 -0.054816 0.27234283 1.0
-94.39654199472541 -73.91555881521472 0.434181 0.200081 0.34887385 1.0
-103.28779937020495 -44.4055216526484 0.292482 0.202659 0.1765345 1.0
-165.97668674051477 -71.55645807345003 -0.214714 0.307039 0.3488905 1.0
-149.0605527449138 -68.99011991277641 0.238755 0.052686 0.33770746 1.0
-134.1709008542351 -70.25469725375457 -0.095541 0.121327 0.33659616 1.0
-73.69553911975683 -43.06194953238328 -0.09647 0.141438 0.17649737 1.0
-112.73198152909478 -46.62120898807405 0.083452 -0.101567 0.2092227 1.0
-94.60559201163896 -40.929101869095106 -0.107934 0.147716 0.18314789 1.0
-129.8898891364216 -64.4828411689703 0.097728 -0.211645 0.33833727 1.0
-128.71964733317304 -64.91734975961815 -0.41376 -0.002603 0.34220248 1.0
-73.16405080476237 -38.69449103482358 -0.319579 -0.392499 0.17016073 1.0
-73.01176111470257 -38.950860216012025 0.134418 0.054552 0.17696176 1.0
-106.52405906057118 -59.506817590046694 0.024127 0.057454 0.3160252 1.0
-64.27859451251503 -38.03749708006503 -0.304627 0.210175 0.17373727 1.0
-77.13947715499289 -51.51813651304882 0.012099 0.319057 0.2558368 1.0
-78.23255527036099 -52.012815077111114 -999.0 -999.0 0.25720978 1.0
-54.125632894086586 -37.70028782853005 0.01172 0.261802 0.17575218 1.0
-89.65782331221905 -54.469850049394566 -0.062638 -0.144404 0.16448143 1.0
-91.8287219425922 -55.58041654996559 0.196377 0.030765 0.17098413 1.0
-88.86043686089506 -53.8745111052063 -0.369333 0.189582 0.16419415 1.0
-107.82601170188558 -67.53588304958242 -0.223701 0.2819 0.21862085 1.0
-109.4928049021209 -68.43621528345517 -0.13825 -0.180387 0.22352462 1.0
-116.1645853763773 -89.85567532587176 0.067018 -0.225667 0.32128036 1.0
-103.3542527809449 -83.22033468887363 0.354305 0.48301 0.29173517 1.0
-59.11831488845664 -54.79416655260794 -0.345277 0.015937 0.17097719 1.0
-87.657591918433 -94.74399198509818 -999.0 -999.0 0.3597369 1.0
-112.60218447225817 -63.05134527817867 0.31008 0.112658 0.20992842 1.0
-153.38885453016658 -88.93351710054174 -0.348999 -0.14002 0.3393983 1.0
-78.10593063666362 -51.0950811782241 0.26618 0.051057 0.16359976 1.0
-141.09749250214534 -90.45346920665138 0.334361 -0.435032 0.3576196 1.0
-118.43621660841082 -79.49195771464122 0.072857 -0.02486 0.29772958 1.0
-80.56488797268224 -54.840989837929904 -0.021174 -0.083472 0.18233874 1.0
-68.11971981174999 -52.67502898574491 0.023054 0.0354 0.17663343 1.0
-110.17839548655843 -87.89122988460588 0.268605 0.013287 0.35572085 1.0
-78.97931255511331 -67.51607961560575 -0.065975 0.009858 0.2377712 1.0
-88.75963799624682 -75.88778285095614 0.244212 0.111883 0.28045553 1.0
-77.30906480248298 -67.47453406498171 0.021211 0.129871 0.23805107 1.0
-53.54857851234867 -50.75034690563938 -0.192676 -0.226669 0.16810577 1.0
-82.00156208252534 -81.07153236881787 -999.0 -999.0 0.31080845 1.0
-121.78049059871095 -57.52659156274877 0.259312 0.108622 0.20086946 1.0
-92.93824696912489 -48.04188694888162 -0.535778 0.063106 0.16085747 1.0
-151.38803498829307 -84.46415783400194 0.11825 0.113277 0.33964378 1.0
-109.9877713160631 -76.20152242404332 -0.166757 -0.091802 0.30978665 1.0
-68.46775811027037 -50.29440837242215 0.071957 -0.13244 0.17427309 1.0
-101.69494678978946 -71.85140321131425 -0.005584 -0.123999 0.28853124 1.0
-77.20581259686854 -69.38725246339924 0.177384 -0.15361 0.2699508 1.0
-76.60033120832703 -70.57326760238912 -0.346556 -0.261933 0.2792267 1.0
-107.39163207656038 -49.208592801578696 0.000136 -0.043475 0.17844951 1.0
-154.94624979547578 -71.0596967925334 -0.058591 -0.090897 0.2911044 1.0
-90.6000191450244 -47.68849500856784 -0.180895 0.077582 0.17860042 1.0
-69.53201920728361 -47.37311022577078 0.247782 -0.009171 0.17768417 1.0
-66.29234249441365 -46.52416713604168 0.172189 -0.057433 0.17424476 1.0
-76.28004041074152 -52.66913241861724 -0.054048 0.227789 0.20785668 1.0
-91.31787598062547 -67.74533942816126 -0.038678 -0.210001 0.28380325 1.0
-160.22106686016684 -74.20134305069074 0.051175 -0.080589 0.3358094 1.0
-150.20992313412492 -68.68600817052035 0.413038 -0.482599 0.30754822 1.0
-134.74917503988092 -61.09932471063371 -0.154475 0.052995 0.26401296 1.0
-155.63038507805672 -72.70895671375327 -999.0 -999.0 0.33575177 1.0
-140.37247525724885 -72.39313924342726 -0.248874 0.001467 0.33990797 1.0
-79.88461343654397 -45.215527314245705 0.127478 0.2049 0.17767735 1.0
-80.60797883605088 -44.25398012055859 0.293808 0.117199 0.17977089 1.0
-105.58779104201666 -59.94160990093852 0.000898 0.302701 0.260045 1.0
-74.45048647394957 -45.445280729647386 -0.255767 0.172581 0.18207008 1.0
-103.1840890009801 -68.44266707708557 -0.164185 0.199836 0.32355934 1.0
-86.28952008301812 -58.25845954998706 0.055632 0.105368 0.25401443 1.0
-164.21878190883473 -65.3284420631051 0.340317 0.425989 0.3107117 1.0
-129.31074871186394 -63.55132481286672 -0.06144 -0.217561 0.32302883 1.0
-119.84425664597886 -61.31965113692 -0.048411 0.09198 0.29359558 1.0
-83.4882097980656 -51.63756429453532 0.040193 -0.144532 0.24864532 1.0
-101.33853408086783 -66.90398320739513 0.09646 -0.089091 0.35084635 1.0
-88.31704471874966 -59.099972327793125 -999.0 -999.0 0.28772262 1.0
-100.10037975168153 -66.44955839083683 -0.20264 -0.41389 0.34196642 1.0
-76.59529710896683 -53.11116016633857 0.101144 -0.444665 0.2568122 1.0
-170.17715555693525 -66.97145360816593 0.099968 -0.034986 0.35055342 1.0
-110.09296621658694 -42.480982279747074 -0.168824 0.13692 0.19816145 1.0
-166.0741810951187 -67.22148338766766 -0.177537 -0.355857 0.35915908 1.0
-148.8353334099346 -58.348511235555456 0.16432 -0.012402 0.30445126 1.0
-73.70201086068558 -35.74526194368991 -0.292652 0.13518 0.16031505 1.0
-127.11479706030906 -61.18405681983331 0.27624 -0.044397 0.33753714 1.0
-73.09103300236305 -36.84450754067122 -0.422749 0.123278 0.17529148 1.0
-69.10248934804423 -38.25553380265412 0.046397 0.09446 0.17605327 1.0
-84.6567974538839 -46.282658442696324 -0.148831 0.182931 0.23592137 1.0
-83.43726112297743 -49.78861760397772 -0.313612 -0.113059 0.2598024 1.0
-96.39145936910722 -60.37530519607981 -0.560153 0.478106 0.35163286 1.0
-92.18838531128048 -60.90309586264416 -0.341388 -0.299465 0.34961864 1.0
-84.33754598089767 -57.91885988942593 0.199994 -0.027784 0.31291422 1.0
-157.5692860963234 -56.80408590399536 -0.366944 0.071127 0.308854 1.0
-146.6526752384498 -55.792349896216365 0.100876 0.049397 0.31382075 1.0
-90.9703191148513 -37.6320264778361 -0.68792 0.375684 0.1888458 1.0
-103.64335252024303 -46.38466453445598 -0.420248 0.018512 0.25588024 1.0
-89.43830238234473 -42.65050232201322 -0.03926 -0.093776 0.22497788 1.0
-108.98267280492134 -52.01965042192692 -0.49398 0.204827 0.29562485 1.0
-90.217069676769 -48.01730135608712 -999.0 -999.0 0.27101052 1.0
-126.95318610641692 -45.62418296790058 0.139159 -0.153103 0.27136397 1.0
-91.12796088724195 -32.924626364312296 -999.0 -999.0 0.18402947 1.0
-115.96967382715064 -43.33377506773483 0.080657 -0.199957 0.25535628 1.0
-138.2408900491008 -52.423936669926825 -0.044402 0.020963 0.35810077 1.0
-96.26445197039716 -49.880801747404185 -0.246872 -0.159514 0.35056147 1.0
-86.70325260510383 -50.17436217551889 -0.352568 -0.231756 0.35901418 1.0
-56.9919323588781 -34.904032308496205 -0.123406 0.106642 0.2038036 1.0
-79.06427235040644 -50.70594859291922 -0.359444 0.112861 0.35822216 1.0
-125.84603757395152 -38.15175028035248 0.262749 -0.30759 0.2519199 1.0
-147.91760291112513 -46.45525344701914 -0.286485 -0.013384 0.32153586 1.0
-143.55640344506898 -47.17949146840469 0.079699 -0.070893 0.3336558 1.0
-95.57405762193721 -32.041690824721634 -0.003272 -0.022087 0.19852488 1.0
-86.58372397290059 -30.393121887299706 -999.0 -999.0 0.18334404 1.0
-125.7530621003139 -42.533165025746975 -999.0 -999.0 0.29804558 1.0
-113.67198262432717 -38.37646268591404 -0.188913 -0.022089 0.26192093 1.0
-112.58308950599248 -39.5688354140187 0.089485 -0.425669 0.26261097 1.0
-113.12424295784614 -42.393418885468044 0.033575 -0.055673 0.29770926 1.0
-73.89468099774817 -29.599395248756867 -0.053698 -0.025191 0.18514624 1.0
-68.14968325200306 -27.02578094113641 -0.032792 0.029846 0.17415476 1.0
-61.54758092316205 -26.720562382966758 -0.011686 0.02033 0.17056799 1.0
-72.10759941743297 -32.58570482764321 0.425986 -0.124533 0.21416937 1.0
-142.46610730968422 -40.105248724434574 0.152458 0.108448 0.30908033 1.0
-141.82496164849502 -39.92191945153657 -0.01614 0.197434 0.30860952 1.0
-137.96204860586212 -39.11770092709277 0.122637 -0.122117 0.30110973 1.0
-128.13955124870623 -38.08675933438344 0.073761 0.048531 0.29968047 1.0
-97.70958369570788 -30.481285959544206 0.053385 0.087773 0.21494228 1.0
-77.15421809572096 -24.54429909074803 0.222301 0.062729 0.16692153 1.0
-67.65935829965318 -27.065519679330134 0.303818 -0.118417 0.19228429 1.0
-118.59141604486683 -33.19182216923924 0.29541 -0.122413 0.29655215 1.0
-107.4458881173437 -30.950806854330974 -0.664644 0.299481 0.27743143 1.0
-113.19114545652673 -32.9181780666623 -0.012319 -0.19703 0.29720452 1.0
-80.09351622743682 -26.327185533202872 -999.0 -999.0 0.23557505 1.0
-104.1833192642227 -102.19764799631439 -0.071444 0.480738 0.3304072 1.0
-102.08703770757698 -101.3679201824804 -0.197679 -0.231715 0.32997656 1.0
-83.81467648610541 -58.52202109782655 -0.037703 0.105646 0.16657628 1.0
-76.37383586130208 -58.6247632826576 0.07298 -0.167985 0.16494639 1.0
-111.92771629778755 -86.34884650239879 0.174941 0.162747 0.2738404 1.0
-122.06827013419303 -93.78327571294307 0.079169 0.172771 0.31278458 1.0
-116.64035599483486 -94.97880014305827 0.043758 -0.147482 0.32223865 1.0
-117.81366946330985 -98.01184261667353 0.085181 0.083714 0.33891803 1.0
-69.80591356848839 -63.98142420108211 0.233948 -0.369444 0.18851273 1.0
-101.43702563878536 -94.5869518694438 -999.0 -999.0 0.31454062 1.0
-94.30370100394646 -91.23621852934896 -0.06536 0.130071 0.32918426 1.0
-136.70454416265133 -96.90893306708843 0.131769 -0.325603 0.31260833 1.0
-134.0162039378142 -98.76236612029231 -0.094572 0.044441 0.32362655 1.0
-85.23008693812103 -58.42354984461648 -0.029947 -0.47411 0.16777705 1.0
-89.06629567189643 -61.23315863259582 0.085805 0.291474 0.18060543 1.0
-140.94488846530243 -98.73147727155008 0.267715 -0.417309 0.34646115 1.0
-111.82834706913354 -92.28809609273125 0.108295 0.169301 0.3225861 1.0
-111.31745820830298 -91.68743216437795 0.018141 0.126102 0.3211217 1.0
-69.9381670455562 -62.987267981442976 0.102622 0.170935 0.18906213 1.0
-101.85892998741492 -93.77904466583149 0.40594 -0.299454 0.32858998 1.0
-67.22134690907629 -62.901727275620914 -0.046449 -0.28868 0.19286086 1.0
-96.67177711107804 -90.644633668046 0.267877 0.130625 0.31366643 1.0
-97.44144030477277 -97.36266701788888 0.511391 0.247595 0.32645565 1.0
-82.31329894692891 -99.69157728475209 -0.169457 -0.331616 0.3301056 1.0
-78.14113846527869 -95.62464594852653 -0.275467 -0.085975 0.31820452 1.0
-56.5769637043416 -80.33614552194369 -0.099086 0.291742 0.25196025 1.0
-82.40576459156323 -96.41476004631873 0.156669 0.250717 0.34842655 1.0
-79.90055571946424 -96.0596388382211 -0.282452 0.079768 0.34907797 1.0
