X Y e1 e2 Z WEIGHT_SEEING
228.09867940101284 -244.46594331252913 0.228909 0.181691 0.27089667 1.0
183.17031227998368 -243.15971703711534 -0.043735 0.102524 0.26306567 1.0
241.10491179810572 -288.2908631626351 -0.045823 0.000865 0.33962014 1.0
219.54539715735996 -291.5249221846571 0.178296 -0.087009 0.3363843 1.0
201.59903049126711 -246.66308529813872 0.426575 -0.332847 0.27105644 1.0
200.84264652824692 -245.95146312586803 -0.399388 -0.402987 0.2696205 1.0
226.67765396870627 -289.7490291876032 -0.055478 0.14935 0.33404908 1.0
239.7569653646924 -299.9955671509306 -0.219451 0.211162 0.35267746 1.0
172.97579655461612 -228.19300864524476 0.017404 -0.051184 0.24003702 1.0
247.97301469061378 -302.646292855682 0.167666 0.145418 0.3568579 1.0
214.64117956865164 -289.54692764239354 -0.078123 -0.135503 0.33540422 1.0
228.5620273600672 -277.1112063029244 0.159126 0.075998 0.32363778 1.0
181.99380612169904 -243.3361233407407 -0.199864 -0.098498 0.26415557 1.0
182.17364631050228 -224.53617682589808 0.068447 0.370838 0.23739308 1.0
182.35974494338163 -226.59248823386147 0.113613 0.316007 0.23793833 1.0
214.60908986853428 -246.73082840325804 0.257219 -0.317896 0.2731924 1.0
230.69645399781072 -272.1451559499288 0.427788 -0.072448 0.32266718 1.0
209.81484389098938 -244.60237233414438 0.378139 -0.366638 0.27332616 1.0
224.92314968364516 -290.45397228529214 0.275863 -0.077799 0.35712278 1.0
169.26228956671142 -218.4580471193013 0.213197 -0.347739 0.23512541 1.0
230.4396611544678 -272.69252659425104 -0.192461 0.108215 0.3256547 1.0
260.05934135544135 -286.02355972189997 0.319516 -0.128054 0.3446779 1.0
183.48843676035426 -242.75275187708488 0.028044 0.016052 0.27278242 1.0
228.8760596194346 -272.5355939951263 0.088749 0.134661 0.32473078 1.0
182.42100838720503 -210.31184166584305 0.163856 0.13393 0.21853359 1.0
161.14828411897747 -215.40672443196473 -0.07036 0.410671 0.2320621 1.0
128.11010692728004 -168.50736779397715 0.267272 -0.004943 0.17144185 1.0
129.37417430353128 -171.43545274614044 -0.097019 0.164876 0.17216904 1.0
176.3007688576454 -240.13897713291504 0.619876 0.084499 0.28691503 1.0
238.47406152983643 -244.6364250409124 -999.0 -999.0 0.2788348 1.0
238.70298389142008 -238.87825601106562 0.229977 0.417698 0.27637792 1.0
243.1953645649421 -238.54919064974646 -999.0 -999.0 0.2760792 1.0
284.5675375640208 -272.2292165383354 -0.018417 -0.013101 0.33212575 1.0
205.17954907153083 -234.458164869938 -0.047663 0.135017 0.27835807 1.0
211.6312123591927 -218.59010076655227 -0.113272 0.041812 0.25179172 1.0
211.6006302745514 -218.5363688663937 0.032487 -0.260463 0.25123197 1.0
279.0855796618337 -271.2240687082367 -0.074677 0.011739 0.34405014 1.0
218.11526716362633 -222.76078804618447 -0.272056 -0.343072 0.26525542 1.0
217.82383114733386 -224.9439298769096 0.157701 -0.060005 0.25285107 1.0
229.05891945674276 -261.8030178516692 -0.097876 0.177022 0.323924 1.0
211.4511942399201 -236.86271609454545 -0.311333 -0.079428 0.2779614 1.0
240.230149789735 -240.49061877820998 0.068843 -0.297879 0.283125 1.0
185.86417782201946 -234.80057852668733 0.144998 -0.072208 0.28255868 1.0
182.64802403282258 -231.42658757160763 -0.187393 -0.1278 0.27578682 1.0
213.09010995703926 -266.71884196059057 0.26217 -0.63163 0.32221594 1.0
220.03629131856678 -270.9158213076458 0.04081 0.169839 0.32410097 1.0
190.67658547946988 -237.94777124766972 -0.428303 -0.063913 0.28845152 1.0
214.61047816530848 -266.49993858662185 0.005574 -0.568164 0.3222541 1.0
129.25931117715155 -160.65058601453552 0.35273 0.094151 0.16376828 1.0
192.22907384191328 -240.76897777827395 0.093367 -0.126985 0.27146292 1.0
217.8684210310742 -257.2607901188998 -0.032398 0.067455 0.3226803 1.0
201.4372995817571 -235.75880570747339 0.13626 -0.007422 0.27726376 1.0
118.96434068840678 -163.78575190520465 -0.043684 -0.000579 0.16728608 1.0
201.6354844713872 -226.33792993593227 0.114232 0.116285 0.2479127 1.0
242.77257944157972 -268.6326194531072 -0.083761 -0.092045 0.3171962 1.0
241.2848685630919 -267.4515861525859 -0.373548 -0.118886 0.31524375 1.0
170.381212502964 -236.6250493552334 0.148496 0.07473 0.2755802 1.0
173.90384651408655 -239.52869440887076 0.197906 0.202375 0.28583184 1.0
225.13264498894324 -265.4489000594856 0.195928 0.434712 0.3146985 1.0
266.4326706486012 -271.255629933256 0.048735 0.115198 0.32230666 1.0
261.4992482512604 -265.0751984559802 0.012449 0.110715 0.31217098 1.0
188.19786680746617 -182.54090428793612 -0.205827 0.059382 0.18982716 1.0
191.26694286453767 -271.20565277646017 -0.030832 -0.047483 0.33736938 1.0
174.48523273792932 -241.33762030023513 -0.095928 0.034599 0.28767267 1.0
137.59675162350905 -158.86557780927185 0.290959 -0.45845 0.16439818 1.0
224.34192275377228 -231.29096696132694 -0.257772 -0.044215 0.26620337 1.0
224.99028107542188 -231.82015927510614 -0.102169 -0.214071 0.26607916 1.0
277.89309161129177 -273.8929380348767 -0.064423 -0.186781 0.336796 1.0
209.23428185844344 -217.37469104916192 0.196475 0.028211 0.2502475 1.0
278.6590701024954 -270.9797927137482 0.064624 -0.011558 0.3436471 1.0
256.34314667329954 -235.79924730951797 -0.481625 -0.305998 0.27887732 1.0
221.38598297514946 -256.6041162353374 -0.059169 0.125835 0.33005312 1.0
196.04029548517724 -204.03335603719373 0.532899 -0.2507 0.23631568 1.0
208.23426952613246 -209.91588237388203 -0.028877 0.099378 0.24609807 1.0
202.23729673573607 -187.76715001284973 -0.032266 0.042318 0.21139777 1.0
288.5235330596807 -256.32576814022605 0.124353 0.088112 0.3230576 1.0
229.3312544487581 -208.31096523965533 -0.342706 0.301668 0.24743967 1.0
207.62777158351003 -228.7264233882118 0.228005 -0.368429 0.25759998 1.0
212.4275200680432 -220.04491082548233 -0.20607 -0.046154 0.24311146 1.0
174.56326914424395 -174.2547217916038 0.222673 0.250366 0.18014474 1.0
221.9710329459991 -216.950111263904 0.34457 0.045339 0.23937802 1.0
186.57253174808338 -210.13332301491621 0.012378 0.047549 0.23856474 1.0
211.0636928253153 -235.37709804478422 0.011221 0.153384 0.2784198 1.0
221.5139914785645 -227.19473331804843 0.073732 0.184043 0.26384214 1.0
226.30440684215583 -213.02501401001393 0.372034 -0.104714 0.23872307 1.0
243.18281616454547 -226.2366232252382 0.064394 0.006528 0.25745016 1.0
197.6498583067736 -188.67873336562275 0.063404 -0.179318 0.21008967 1.0
281.7794215759545 -262.2588204879049 -0.283315 -0.057899 0.33055475 1.0
226.61623113506664 -229.3372632178735 0.652786 -0.368548 0.2796307 1.0
280.0567349774897 -259.1479981767024 -0.22448 -0.114852 0.33238453 1.0
209.4732346019815 -188.54228124697244 0.221782 0.264896 0.21388766 1.0
298.8949318740825 -270.8908391966184 -0.177269 -0.372936 0.35253868 1.0
140.393943015953 -192.78107475191015 0.151001 -0.038404 0.20533006 1.0
173.8264194447708 -236.88892318737484 0.06909 0.151521 0.26937073 1.0
157.27348093786108 -215.3006458799106 0.59442 -0.192533 0.23414186 1.0
189.07628755979533 -243.98179269334315 0.050578 0.04556 0.30217126 1.0
128.59831707517225 -167.07628716389019 -0.085405 -0.263844 0.17952666 1.0
201.24068844818356 -268.6208121112962 0.023203 -0.387105 0.31977576 1.0
202.25347166261844 -256.51035249386064 -0.064894 -0.109196 0.3180508 1.0
195.8715693189759 -240.68748105939306 0.02752 0.056287 0.29410306 1.0
192.4628410119856 -235.3436009703813 0.056065 -0.017909 0.27047977 1.0
235.72193881708773 -279.2060231590727 0.19333 0.263302 0.35679266 1.0
181.1099089293021 -239.11042707564647 0.072591 -0.037382 0.2863687 1.0
189.46144859967563 -244.84712003270374 -0.02677 -0.107974 0.2981861 1.0
182.01651410024527 -232.77961661771621 -0.134919 0.201674 0.2781655 1.0
187.9603636995762 -244.40609661221606 -0.294098 0.091847 0.28756556 1.0
190.77309878991915 -238.39359207124193 -999.0 -999.0 0.28872404 1.0
131.98039072070543 -168.9977750835724 -999.0 -999.0 0.17211682 1.0
129.03234799356412 -160.35663037815638 0.112781 -0.077124 0.16341256 1.0
219.2335827647409 -273.5853630908177 0.152993 0.019495 0.32444507 1.0
240.56782881212118 -281.9222150921465 -0.032847 0.047493 0.35732466 1.0
240.6104108664468 -282.12218693261644 -999.0 -999.0 0.35653654 1.0
182.90480311886645 -251.52902296059312 0.127451 0.398089 0.30364165 1.0
254.09477525768008 -253.81250215804866 0.155142 -0.24937 0.3359489 1.0
230.33780421450257 -264.84936279065806 0.529495 -0.438894 0.35562244 1.0
209.31478953707477 -252.99618896961903 -0.203885 0.054235 0.32388124 1.0
188.36597535061006 -264.1209954449244 0.155508 -0.46128 0.3410742 1.0
236.17013235845104 -204.12978089221522 0.283681 0.095385 0.24506195 1.0
214.51985740769288 -213.03656772469336 -0.105901 0.36377 0.25779417 1.0
266.76229580277214 -253.49530201473394 0.184981 -0.000144 0.3296658 1.0
171.77804531390956 -238.44558917604934 -0.027226 0.078194 0.29437643 1.0
195.85042169583983 -264.29914306006054 0.101113 0.203823 0.35410562 1.0
201.90382548256886 -213.1371626957638 0.067348 -0.040847 0.2591141 1.0
295.60264857534014 -253.92337119689927 -0.108667 -0.092835 0.33446428 1.0
220.15364498980014 -223.00698378887557 -0.06415 0.029687 0.2785547 1.0
191.49496697520112 -233.65316041134244 0.226921 0.600393 0.2893656 1.0
230.22108387869773 -266.56893781660455 0.177196 0.112117 0.35592377 1.0
188.44140262181716 -265.9329490364442 0.014456 -0.178622 0.3331035 1.0
189.66729689892546 -266.59767322774985 0.105429 -0.002709 0.33434987 1.0
164.47544234847675 -232.03711120864685 -0.053342 -0.069861 0.2804608 1.0
191.45351856854734 -264.0134810480739 0.028867 0.075949 0.33497387 1.0
190.57353641363198 -261.5832299530136 0.06211 0.277978 0.33244234 1.0
193.72119947126092 -264.3531247759792 -0.036239 -0.054484 0.33368978 1.0
189.7551066371594 -261.3828688304127 -0.262611 -0.003025 0.33989036 1.0
190.93877522022783 -260.44541390868267 -999.0 -999.0 0.33762145 1.0
191.79262524198862 -233.66782070489577 -0.202995 0.058124 0.2892567 1.0
223.09681704147306 -226.32772997247199 -0.162162 -0.033657 0.2793023 1.0
280.09012157980595 -266.20209431948524 0.037835 -0.042442 0.3511571 1.0
284.52245671393865 -261.3575880450188 -0.253097 0.316178 0.35389504 1.0
286.5058388080197 -262.64366648717316 0.252075 0.049857 0.3549843 1.0
245.46998679769652 -241.63724024668466 0.115521 0.105539 0.30007452 1.0
191.0065418702495 -189.49667299513618 0.325183 0.011445 0.22250943 1.0
262.0057451575057 -258.7018521421747 -0.045197 -0.007174 0.34615195 1.0
220.68250617288683 -210.41339465391272 0.464267 -0.001222 0.25474113 1.0
149.90254070915236 -192.87668377348402 -0.117374 0.040264 0.22885625 1.0
211.3009209402719 -251.44981674416687 0.448816 -0.016444 0.32204756 1.0
132.5513116582357 -154.42928937208916 0.118378 0.244405 0.16892123 1.0
138.75129609869947 -170.62429837912393 -0.189309 -0.256254 0.19123164 1.0
188.27357414637606 -233.2279822596572 -0.02282 0.165079 0.28330615 1.0
191.74829542972626 -230.2509253819656 0.224982 0.048314 0.285672 1.0
192.04556276252143 -230.4898503479146 -0.175555 0.0407 0.28694615 1.0
191.8964003145665 -230.50971051467414 0.032422 -0.190759 0.2848357 1.0
191.58183162384475 -229.58027742441925 -0.106932 0.019665 0.28328612 1.0
219.06336443703805 -242.47887953423066 0.135697 -0.209063 0.3234147 1.0
224.15084327168952 -205.53124907252135 -0.160193 0.231474 0.3152113 1.0
145.92183016608539 -143.24963398252058 0.118009 0.08397 0.20370482 1.0
160.47260220024302 -153.5961836162161 0.103713 0.068896 0.22236386 1.0
185.0616242957131 -173.10653637496756 -999.0 -999.0 0.2607473 1.0
144.0482800965915 -139.48309398450547 -0.529398 0.353875 0.20423932 1.0
221.78831444375624 -199.77073063433605 -0.402373 -0.004467 0.33205444 1.0
198.4687457897379 -169.80955627598834 -0.063182 -0.367396 0.2577204 1.0
242.72181779595613 -203.04602961680047 0.074701 0.260442 0.3302601 1.0
170.78051789878478 -146.54775425886066 0.183068 0.063754 0.2199819 1.0
242.82479246050065 -192.79177112809077 -0.2476 -0.252323 0.33460522 1.0
158.5761920021211 -158.65195100558898 -0.00686 0.051486 0.22757986 1.0
168.75204745137592 -155.2857882633858 0.198078 -0.59339 0.22101893 1.0
206.98618467914798 -187.7551648643768 0.181048 -0.096219 0.28310972 1.0
258.36913885043504 -221.38188112395335 -0.082426 0.036381 0.3583031 1.0
231.35743684966994 -189.34946476325698 0.646723 -0.399594 0.28474855 1.0
229.05680149609742 -179.82319778927334 -0.218579 -0.02018 0.26019838 1.0
221.48453573413036 -207.00562639684648 0.208714 0.323571 0.34038863 1.0
156.3694042557485 -135.3532710920066 0.281332 -0.24464 0.18907474 1.0
241.8462687448214 -203.86345888698585 -0.020025 0.027314 0.33165386 1.0
273.7496702217036 -203.81016774853526 -0.248968 0.230748 0.32282567 1.0
254.58141155041113 -180.95967843729377 -0.076395 0.127716 0.27130535 1.0
251.3751976111895 -176.02035511179193 -0.40981 0.200976 0.26012868 1.0
140.53568540971867 -136.218036919333 -0.310482 0.311713 0.19924656 1.0
253.00930928081988 -197.14427208117283 0.115663 -0.289989 0.32529786 1.0
220.098918248578 -169.0888461619197 -0.038037 -0.25563 0.2599501 1.0
244.11610513162046 -175.79807392016912 -999.0 -999.0 0.26815614 1.0
234.98678231606493 -160.7033490579864 0.091432 0.291447 0.23751165 1.0
199.97030663114913 -184.6248183745611 0.241311 -0.436042 0.31132522 1.0
212.64837353165484 -172.65314616052632 0.109169 -0.087838 0.28092736 1.0
232.69474883844978 -186.6239678370768 0.171132 0.203514 0.30836576 1.0
183.20546942054176 -143.7367084196027 0.015138 0.294046 0.21707533 1.0
314.97978306502034 -210.25418119151374 -0.100663 -0.265914 0.35958675 1.0
201.70160457915506 -181.37022240557891 -0.060757 0.363384 0.31371057 1.0
195.56854971235398 -170.21193072925215 -0.248697 0.116039 0.28874597 1.0
196.9271237524626 -170.4439371343794 0.246059 -0.171177 0.2903473 1.0
235.6554853579384 -179.20486142001113 -0.084152 -0.253903 0.3060027 1.0
239.80048210985316 -159.9476780481983 0.135463 -0.00334 0.25504208 1.0
294.61867020140215 -196.64298628294193 0.213222 -0.445734 0.34034082 1.0
303.88549679940616 -201.63809966552688 0.434554 0.150649 0.34995085 1.0
284.33754946986505 -260.21827581177143 -0.355389 -0.124747 0.35337532 1.0
226.69354553082772 -168.77466889071465 0.029304 -0.164882 0.23557937 1.0
310.84565225076415 -222.4415451194926 0.049054 -0.49514 0.34638283 1.0
296.2932472666393 -206.97123071489557 -0.191369 0.243985 0.35078198 1.0
317.73015831686286 -212.07520306649386 -0.018209 -0.028322 0.3591536 1.0
229.03013585143836 -188.1990227794911 0.498223 -0.15132 0.24012457 1.0
214.33332612390325 -221.3820320396039 -0.055664 0.117627 0.31738564 1.0
216.65357832460447 -221.35475704467916 0.055746 -0.411428 0.31655562 1.0
198.20267961097764 -201.15472580411887 -0.200214 0.317659 0.29845655 1.0
198.95114730444962 -200.4469210596495 -0.004618 0.023227 0.29724059 1.0
244.26431737462633 -249.1923173895527 -0.021779 0.032849 0.3351248 1.0
287.27913182850943 -253.61483076214637 -0.388601 0.048221 0.33926043 1.0
201.47418341657436 -177.07202437954942 0.055334 0.175677 0.22160159 1.0
213.2421239812039 -223.44123668657946 -999.0 -999.0 0.3165373 1.0
231.34295982952096 -242.58707385407087 0.371021 -0.146114 0.35850132 1.0
176.9682247144916 -185.44799488411044 -0.03593 0.302995 0.24394733 1.0
281.3857663700068 -241.96852873118516 -0.290335 0.148403 0.35350388 1.0
227.71667589729987 -235.65213241564754 -0.06061 0.095947 0.3578727 1.0
179.77330272682394 -142.7730976824793 -0.021956 0.432054 0.17558843 1.0
183.596411942148 -208.70345409097044 0.048294 -0.089202 0.30891973 1.0
176.83813744787437 -190.12029480004475 -0.440853 -0.29497 0.27225584 1.0
199.52231553256135 -168.5044758065171 -0.231727 0.106567 0.22507446 1.0
276.2664569243391 -182.56066258244482 -0.108109 -0.095397 0.31921005 1.0
277.08217510845697 -182.03424009875906 -999.0 -999.0 0.31599003 1.0
254.5690052675966 -181.1785168001269 0.404172 0.04849 0.33544084 1.0
272.02175937429314 -176.5281881680441 -999.0 -999.0 0.314861 1.0
177.33215379541733 -152.4269886968863 -999.0 -999.0 0.25124636 1.0
217.24404802569055 -152.82163086806162 -0.155847 0.409135 0.24868391 1.0
271.7032913487352 -179.45150416471216 0.152352 0.151481 0.3183012 1.0
255.38735456307546 -183.16357090030579 -0.207665 -0.330626 0.3539591 1.0
258.55850413651365 -182.45295764846716 -0.101521 -0.060733 0.3476782 1.0
256.74221952483293 -167.8303784578309 -0.19452 0.123485 0.3134027 1.0
259.0217300421596 -167.5802472699356 0.370292 0.602966 0.31406152 1.0
259.8042735644835 -165.40986643250673 0.140029 0.12202 0.31164873 1.0
165.59194164195767 -210.28480170216915 -0.36119 -0.388714 0.25842348 1.0
202.80188874536853 -230.3696779190338 -0.035599 -0.133056 0.3544902 1.0
182.46351859544578 -216.73396245638975 -0.16155 -0.589133 0.27684534 1.0
201.93143911671865 -212.00526821869383 -0.432365 -0.440015 0.34717572 1.0
199.60146333874485 -202.14129753793654 -0.412233 0.409678 0.33161548 1.0
172.46798023296049 -176.49624509932707 0.167421 -0.245702 0.26407695 1.0
180.12039925140004 -207.91981531377994 -0.37261 0.094647 0.29366115 1.0
159.6734881181234 -184.7188968037635 -0.27484 -0.044867 0.24897915 1.0
136.75984020026542 -169.467949668745 -0.077402 0.011035 0.19126344 1.0
177.78636655057366 -195.4834709156622 0.165258 0.131281 0.29243714 1.0
207.32347763849307 -242.14451150492152 -0.188384 -0.494428 0.32844982 1.0
211.85369114280778 -245.20981401712837 -0.042961 -0.034838 0.32218525 1.0
141.7612200191019 -140.7870571625833 0.160441 0.097008 0.2073062 1.0
201.16451151856666 -212.7489391516154 -0.484257 0.285454 0.31456056 1.0
219.93170985299082 -234.0286860592304 -0.188356 0.226142 0.3584122 1.0
224.25199160221217 -209.7995281737743 -0.378966 -0.236624 0.3172695 1.0
176.88456004493628 -179.21178670020552 -0.123508 -0.063285 0.26405892 1.0
169.53641373426052 -161.62495947646923 0.015451 -0.221723 0.228028 1.0
149.25934326755151 -140.06586096156113 0.178993 -0.153994 0.19134748 1.0
184.20128304753 -158.75915796917832 0.486683 -0.195492 0.21956474 1.0
221.06339072624706 -209.65031194772828 -0.01586 0.125647 0.34368992 1.0
201.30452743855005 -175.08636822303245 -999.0 -999.0 0.25925326 1.0
234.82795047702342 -201.40492779566222 0.236086 -0.312181 0.3178428 1.0
233.98681082967875 -187.57754656598996 -0.127542 0.274487 0.28332013 1.0
145.7533950839346 -140.46790992652143 0.098343 -0.192251 0.20284194 1.0
227.3883727813595 -201.48567116729416 -0.908548 0.20627 0.3332861 1.0
239.872577439301 -197.86142611572808 -0.315064 0.03713 0.31859985 1.0
261.56806176490926 -202.901988413029 -999.0 -999.0 0.33144504 1.0
215.54177442586604 -163.25625307756172 0.203575 0.374138 0.24069633 1.0
158.35611513085803 -150.58687683919322 0.179985 0.009182 0.23361605 1.0
145.16812395075732 -138.38235648448554 -0.10723 -0.127861 0.2069496 1.0
231.14814626249094 -193.3771830808271 -0.178071 0.103619 0.32584327 1.0
156.9231249226135 -129.45649098978603 -0.304667 -0.222685 0.18827717 1.0
244.82233446594805 -194.30254819040402 -0.066751 -0.021896 0.32042253 1.0
229.12611329966373 -179.38919128987797 -0.142123 0.064037 0.2871146 1.0
199.86252833145724 -187.33613397979897 -0.166777 -0.287754 0.32916525 1.0
146.27665433073327 -134.60735519998008 -0.53488 -0.210075 0.20514697 1.0
146.33486445901028 -133.36785549284383 0.356998 0.090767 0.20389774 1.0
173.69926542567413 -154.0384880988617 0.098475 0.465599 0.24580981 1.0
153.13476887466754 -126.41405138125549 -0.113137 -0.000228 0.18909563 1.0
204.692778256972 -170.5709403732228 0.065081 0.001464 0.27915913 1.0
238.7301524995624 -193.47356581192503 -999.0 -999.0 0.33487263 1.0
240.14389152483162 -192.84818736023288 -0.432412 -0.026119 0.33493334 1.0
211.35903293714657 -171.04500364925318 -0.357406 0.055386 0.27864975 1.0
201.78032230702027 -198.8029135424695 0.014494 -0.031236 0.29955536 1.0
226.37311794306913 -208.04059469131965 0.067011 0.071961 0.3171769 1.0
178.24104347297322 -156.94082606878817 0.09578 -0.103865 0.2131329 1.0
278.23054543950616 -214.14697976157194 0.018603 -0.122312 0.32407984 1.0
255.6402312846521 -196.09491500956878 0.163957 -0.21088 0.2821828 1.0
274.8271221404804 -209.34235254778196 0.00726 0.043804 0.31112638 1.0
273.0906404661533 -207.66592728258726 -999.0 -999.0 0.30771676 1.0
224.29789039028208 -195.51769226292618 -0.434579 0.266227 0.2967952 1.0
208.5668393962809 -167.94695983335427 -0.302233 -0.189848 0.24058819 1.0
269.33565759237166 -209.73555819411195 0.209822 -0.333117 0.3245566 1.0
242.49105290198685 -186.48694779039593 0.086745 -0.071801 0.2758227 1.0
229.0825040000959 -173.74270811002734 0.360423 -0.392409 0.24646118 1.0
238.2308993661103 -175.95891091345695 0.169106 -0.383766 0.24964255 1.0
201.8490008925038 -195.57876671097227 -999.0 -999.0 0.31704214 1.0
146.07027761180876 -141.01333737532246 -999.0 -999.0 0.20286267 1.0
189.83995706119825 -172.7912828659639 0.061865 0.004654 0.26094967 1.0
165.72524271184187 -148.37949599904948 0.005172 -0.271427 0.21367653 1.0
201.23221210895335 -179.38587759311181 0.044591 0.103761 0.2773572 1.0
171.27572491209494 -150.5560579503137 -0.189669 0.099262 0.21854754 1.0
200.90084631681694 -171.26487799157024 0.08269 0.17494 0.25788155 1.0
240.27316489075895 -202.48445134856428 -0.174645 -0.131781 0.3282459 1.0
248.9621514678157 -183.4073145099571 0.001425 -0.033915 0.2793011 1.0
236.8609921770328 -170.90097889803033 0.190431 -0.043711 0.24927104 1.0
259.4006010074524 -185.26603976443147 -0.086759 -0.169891 0.2778335 1.0
200.54999778110925 -140.06649434908937 -0.208893 -0.008724 0.1921388 1.0
206.34241899589406 -192.00607924124907 -0.164271 0.028793 0.32040787 1.0
156.226615308156 -131.37927982303017 0.058426 -0.380936 0.18845178 1.0
222.1181294403686 -185.45569054685973 -0.315407 0.298319 0.29777247 1.0
219.4772574936889 -178.26485743200195 0.034804 -0.05342 0.27873 1.0
247.97710610050194 -195.79720502077564 -0.05902 0.140884 0.32035795 1.0
219.17146182043484 -168.1820341974955 0.40701 0.146412 0.25870028 1.0
218.54340669964702 -147.69749079314002 0.2793 -0.039191 0.21272719 1.0
172.26680939478692 -154.87041916991885 -0.173857 -0.028178 0.24358162 1.0
177.81744035234072 -158.31594308770977 0.299025 -0.132428 0.25240725 1.0
213.0204803261892 -172.84514603955174 -0.543527 -0.053983 0.2789502 1.0
225.30081145855837 -181.7383801391912 -0.271593 -0.22846 0.3014767 1.0
170.6509891003615 -135.75278076009232 -0.295421 -0.155498 0.20098723 1.0
168.88857317207146 -132.60910114355013 -0.181498 0.156828 0.19600144 1.0
175.0641286767076 -132.13796061480207 -0.437697 0.262323 0.19452143 1.0
223.87364200105918 -169.3843899063018 -0.034492 -0.119693 0.26700345 1.0
217.84204555962344 -162.24518138267933 0.065748 0.260265 0.25537783 1.0
251.3902726437126 -186.14352865592838 -0.052829 -0.048885 0.30718154 1.0
299.64257484455555 -205.26986188673325 0.072645 0.012577 0.3506725 1.0
309.43297008616554 -207.87484170005735 -0.543462 0.09626 0.35845977 1.0
199.22139504411362 -133.9323108407766 0.27255 0.096816 0.19252433 1.0
138.20330584026516 -122.07380765158412 0.394131 -0.135278 0.18627396 1.0
174.37628580665654 -151.1681044708317 0.42745 -0.180563 0.24224405 1.0
257.53421795944274 -200.93791959201124 0.209958 0.364265 0.3594319 1.0
234.78381080453804 -179.18843161470843 -0.254328 0.033738 0.30567917 1.0
172.79873468166593 -122.03020953682153 0.037561 0.193236 0.18189219 1.0
190.17298422133672 -126.84413281252542 0.079188 -0.103898 0.18875633 1.0
302.01618353089117 -201.71580446161545 0.014457 0.285625 0.35596925 1.0
192.67071235539828 -128.22164615648128 0.204625 0.090435 0.18976848 1.0
304.2432244689658 -202.24105048107947 -0.243614 -0.152298 0.35739028 1.0
193.214442692252 -128.78416065968676 -0.031512 0.469039 0.19043079 1.0
169.08812784914153 -182.72076214406107 -0.062692 -0.256134 0.21699202 1.0
216.06554303568245 -204.13567056563696 -0.181902 0.122534 0.24959685 1.0
243.8358605721383 -212.9942768052606 -0.152902 -0.305971 0.26015025 1.0
267.917270459163 -210.3260263848432 0.40204 0.118238 0.3242418 1.0
223.10837562421304 -169.8575173959459 0.186865 0.272792 0.23696913 1.0
230.44468094861753 -171.50467121475813 0.141276 -0.124305 0.24095741 1.0
227.10365555891195 -169.0912685631422 -0.445619 -0.214336 0.23616484 1.0
229.98498357684986 -167.89955627135868 -0.009889 0.089039 0.23145302 1.0
224.1107737891595 -163.0430944679179 0.129417 -0.321118 0.22314277 1.0
230.53242225233174 -167.44099561039815 -999.0 -999.0 0.23057508 1.0
230.37149040023027 -166.36169236351355 0.32004 0.045232 0.2386546 1.0
269.3574190115145 -201.72196878940343 0.158996 -0.074004 0.32437772 1.0
267.7868656627486 -200.9672981622535 -0.302417 0.128348 0.32161942 1.0
270.95298840206016 -202.7816998182224 -0.37666 -0.26165 0.32641557 1.0
271.2763497401674 -202.31452853121837 0.091042 0.220124 0.32370144 1.0
277.1817956065262 -203.19688732911382 -0.256794 0.238423 0.32607976 1.0
292.601037105072 -213.18576989064752 -0.090526 0.222959 0.35220128 1.0
277.4187023090615 -203.7618378519839 0.134439 0.196368 0.3260621 1.0
234.938311035399 -168.09314025070623 -0.036547 -0.156653 0.2484429 1.0
288.30613527863454 -202.60068686258205 -0.304361 0.392169 0.33558244 1.0
302.7658663435738 -212.10781752288003 -0.030552 -0.35712 0.35983858 1.0
232.93490931314577 -161.29110575889496 0.085541 0.014605 0.24108608 1.0
314.4152554327142 -210.957411579203 -0.34923 0.209651 0.35831288 1.0
190.74987506504272 -130.2111826889104 -0.128741 0.343868 0.18919729 1.0
307.10287120265434 -205.49416458442656 0.04894 0.08582 0.35705343 1.0
205.35754611081822 -186.6713730800451 -999.0 -999.0 0.22688204 1.0
228.57630720133128 -248.4075623831802 -0.175069 -0.238667 0.3556107 1.0
216.98109105492497 -231.7643532132022 0.135692 0.246543 0.3198406 1.0
259.041842238588 -247.32528134612025 -999.0 -999.0 0.3468755 1.0
203.64809886309123 -188.36374354357935 -0.016217 -0.117886 0.23736772 1.0
273.23945034378954 -250.28129718534075 0.431539 -0.004662 0.3518929 1.0
186.33822237716274 -155.30140514725306 -0.070541 -0.215678 0.18394913 1.0
190.45667467795042 -157.92299242437062 0.133605 -0.348228 0.18532997 1.0
191.07119547359846 -205.6668087606893 -0.246592 0.11435 0.27807394 1.0
231.9770192854691 -242.320020814464 -0.021802 0.671827 0.355627 1.0
231.9494870019675 -243.98420732341026 0.057724 -0.18026 0.3550926 1.0
283.86214506277264 -246.47551019847992 0.244856 -0.216101 0.35311946 1.0
284.0121755176777 -224.8153394768798 0.014357 0.180627 0.30825514 1.0
213.05522499041976 -220.48040674463522 0.06552 0.304572 0.31538492 1.0
180.9954578642844 -184.10532561344226 -0.285397 -0.170307 0.24481215 1.0
176.98542127029884 -174.53346000636418 0.301673 0.409107 0.23058335 1.0
257.7733632209902 -237.38904692761295 0.169654 -0.065917 0.35177732 1.0
181.85143717152354 -165.58933428989045 0.231885 0.330307 0.2115907 1.0
283.50971723967035 -241.18424007329597 0.286261 0.335258 0.35449234 1.0
234.34438359649306 -198.4267111895157 0.28748 -0.086182 0.26788878 1.0
218.061366930861 -182.3958707935979 -0.029234 -0.38541 0.23828487 1.0
215.66977148723035 -170.43021181548866 -0.08796 0.127921 0.21821484 1.0
185.56112936076806 -144.4418442231723 -999.0 -999.0 0.17559525 1.0
178.65763603928212 -186.31732405291748 0.127075 -0.245128 0.26059657 1.0
169.04269724452539 -167.6653857327188 0.28706 0.280665 0.22497156 1.0
218.57782662226757 -216.216474682847 0.27117 -0.133853 0.31678 1.0
161.22041944846032 -157.2611086797188 0.268477 -0.030153 0.20609853 1.0
179.81601069612512 -175.09390653290066 0.17957 0.171544 0.23816386 1.0
156.03739505772285 -150.24729789048368 0.081863 0.336406 0.19295353 1.0
230.08141274352397 -219.03627266534215 0.188095 -0.2645 0.32267097 1.0
163.22413879109325 -153.683666745341 -0.097339 0.302016 0.19911431 1.0
197.98302039642593 -178.3383330761906 0.252745 0.099141 0.24028173 1.0
265.03192617832354 -222.8347752958954 -0.223363 0.001089 0.3253032 1.0
267.10986938733805 -221.98566090051062 -0.120241 0.251192 0.32337424 1.0
288.4810207630132 -221.2035105207206 0.325406 -0.236249 0.32211718 1.0
165.20294908906627 -163.80252765883483 0.206657 0.172707 0.2234554 1.0
183.42789553136592 -180.78575896351853 -0.104482 0.411006 0.25406948 1.0
208.90184572812672 -200.8895292296632 -0.201455 0.034987 0.29694766 1.0
221.10401496772877 -210.62069588458786 0.140999 0.197066 0.31750453 1.0
210.36096666837977 -197.56818501784787 0.031531 0.072269 0.28995773 1.0
275.0726128769467 -229.77199886151888 0.362251 0.194176 0.35337675 1.0
187.78055511599092 -152.00877725525933 0.26966 -0.286791 0.20129709 1.0
236.6803010782334 -192.3460068438666 0.154635 0.184734 0.2712548 1.0
269.9060236382943 -216.61713605200734 -0.134989 0.284535 0.32422894 1.0
228.91939838982933 -175.08500985239598 0.153946 0.187759 0.23756075 1.0
289.60914867506665 -218.27861939669833 -0.076453 0.177864 0.32270405 1.0
291.1615320736543 -215.5011069933561 0.19963 -0.542671 0.31591272 1.0
220.3941753296761 -212.27396435031056 -0.059675 -0.370219 0.25956994 1.0
269.06818131888923 -259.7791110413777 -0.304902 0.374571 0.3473795 1.0
148.21506973719903 -158.1371243596805 -0.144406 0.335487 0.181555 1.0
226.29553446673182 -244.49991509055394 0.043625 -0.026206 0.329591 1.0
257.3925877216727 -257.15361163216755 -0.076701 -0.15099 0.35111266 1.0
196.84325850312158 -172.42229853503127 -0.128265 0.138118 0.2015921 1.0
187.06349968332043 -160.67788737545686 -0.516132 -0.425217 0.18231511 1.0
188.75332968624585 -160.34028117755176 0.099148 -0.098274 0.18273076 1.0
293.5993845821269 -252.09859369516525 0.293842 -0.091446 0.3504361 1.0
249.80791178904104 -211.0522861500426 0.05336 -0.237973 0.26805025 1.0
234.77565245250295 -196.77886592949443 0.148472 0.286625 0.24319464 1.0
286.42277131697494 -235.92764278545442 -0.10724 0.057444 0.31679547 1.0
156.0697325873804 -180.7577308621645 0.092042 0.378122 0.2320751 1.0
231.81283380388788 -247.16486310538252 -0.153711 0.12541 0.35687402 1.0
230.92121535796915 -245.46571862507378 0.207746 -0.067035 0.35352507 1.0
166.2482840386854 -160.8939991561224 -0.020604 -0.229966 0.19599424 1.0
165.65417168609744 -159.48666533102633 -999.0 -999.0 0.19358754 1.0
233.1766374523102 -194.92146941156523 -999.0 -999.0 0.2501864 1.0
188.2929574342816 -156.16247508895077 -0.34767 0.064388 0.18585505 1.0
116.82678166387477 -133.48876771587592 -0.016161 -0.171806 0.1625196 1.0
176.0405137260863 -187.10680808956855 0.191338 -0.275014 0.24930401 1.0
176.61826932814355 -185.49243418117885 -0.024597 -0.112742 0.24446961 1.0
180.3211285532289 -185.68323917154885 0.078172 -0.113872 0.24528246 1.0
186.86791465854537 -185.1330574344903 -0.669951 -0.215015 0.24301794 1.0
175.7701174436204 -157.63974690126673 -0.235642 0.090855 0.19684489 1.0
173.18015341584783 -156.34614769285787 0.028609 -0.351084 0.19334336 1.0
262.07236234078164 -230.78391417040768 -999.0 -999.0 0.33000258 1.0
227.83291056244295 -185.23476392733522 -0.251451 0.035706 0.23896976 1.0
155.28730016143388 -168.4506385766398 -0.27321 0.503862 0.22425549 1.0
206.69906595663733 -222.81204573202456 0.173138 0.250882 0.3276959 1.0
208.13666092738814 -214.62635023129803 -0.160373 0.142745 0.31229982 1.0
228.1397040139562 -235.31847773198453 0.203907 0.119731 0.35817146 1.0
209.53838122109534 -215.7354580864411 -0.031675 -0.111954 0.31463432 1.0
211.42931520819735 -213.7117566272035 -0.162318 0.014971 0.30733988 1.0
243.48022972925568 -234.40818554747364 0.052419 -0.108917 0.351184 1.0
180.38453069544187 -164.18308616433146 -999.0 -999.0 0.21168223 1.0
257.19713552125756 -228.33805021668715 0.126617 -0.183596 0.3353171 1.0
258.3056491601645 -224.57712587346577 0.045078 0.067812 0.32384518 1.0
207.97500099402615 -178.75167856753666 -0.113503 -0.148268 0.23644282 1.0
216.80270856323799 -176.38204333017464 0.166839 0.287923 0.22993289 1.0
218.1901680965704 -173.5232173258126 0.047329 0.229695 0.22715001 1.0
181.84529007958702 -142.77069773309097 -0.009136 -0.29658 0.17530087 1.0
292.01985697299546 -225.40004051460653 -0.003085 -0.222529 0.32266194 1.0
191.75975732691097 -215.78617690821977 -0.072931 -0.293866 0.3258401 1.0
208.87791795983256 -228.20608556658925 0.054314 0.230015 0.35586977 1.0
212.23566684998454 -220.42552449464694 0.460592 -0.101142 0.33442765 1.0
153.21219299973953 -158.717121805147 0.421604 -0.390451 0.21121284 1.0
217.44770523408823 -212.8715037185058 -0.063878 0.070335 0.31463787 1.0
179.64919715863195 -173.48064855828034 -0.253749 0.37657 0.23629501 1.0
204.3679336877418 -189.53096235208727 0.051041 -0.062888 0.26741925 1.0
143.92820924448725 -132.88180862787883 -0.311483 0.317978 0.16780022 1.0
228.64477225063567 -208.92128666131953 -0.008417 0.046361 0.30540875 1.0
237.72915010824278 -205.77391393943032 0.048901 -0.234553 0.2953348 1.0
278.6910889160201 -232.08655875374944 0.199828 0.057418 0.35287696 1.0
211.8684096587998 -164.63678239538183 -0.087329 -0.343953 0.21755105 1.0
259.18368022463454 -199.85152611584635 -0.272127 -0.378486 0.2831278 1.0
236.42207297330583 -177.5127085909984 -0.060513 -0.740421 0.23726083 1.0
179.91334957951153 -148.8799436696192 -0.200371 -0.099446 0.24178793 1.0
219.11881854538456 -168.6504729060921 -0.119023 -0.061997 0.290938 1.0
239.05891232291464 -175.3166120015848 0.083062 -0.125395 0.3093833 1.0
176.67597662724455 -126.69813094860315 0.064604 0.023556 0.19578242 1.0
229.73979813731222 -159.0988822957461 -0.095109 -0.135339 0.26569587 1.0
236.56653919280978 -172.30301061964332 0.148858 -0.44696 0.31096268 1.0
265.792261561096 -180.1376657074877 -0.162595 -8.6e-05 0.3275788 1.0
265.99438777093155 -178.37084857482876 -999.0 -999.0 0.3266828 1.0
272.8988085968817 -176.94148675391182 0.040412 0.051612 0.3163091 1.0
274.4781668458848 -178.05870987165548 -0.233588 0.201199 0.31730342 1.0
238.6444196274748 -170.24178014040174 0.194067 0.034077 0.31877786 1.0
264.07749564222655 -172.93695523329674 0.101221 0.068063 0.32741916 1.0
223.77590149444876 -143.85277550355687 0.00861 -0.081714 0.2503316 1.0
257.88008127072237 -170.50622076588326 0.001411 -0.086373 0.33105087 1.0
221.0229004108514 -141.51799419037403 -0.152226 -0.129376 0.2527914 1.0
210.56441041360253 -133.30460429410047 0.010655 0.04869 0.23527074 1.0
159.72436805327402 -144.10008471910953 0.06625 0.086833 0.23454294 1.0
243.02938096541214 -187.87950416205356 0.165566 -0.081465 0.33600456 1.0
246.8671222288505 -178.29073605332684 0.221948 0.305493 0.30994493 1.0
255.48848626617684 -182.54557514384672 -0.057514 0.069873 0.3137711 1.0
282.4570823423951 -199.16904429750045 -0.445462 0.033624 0.35896483 1.0
272.04179967012465 -192.73298907654197 0.124142 0.149366 0.35828778 1.0
268.18084751165276 -178.64631962127808 0.134001 -0.156743 0.3185428 1.0
190.5617554596571 -126.85453726849026 -999.0 -999.0 0.21899825 1.0
179.79195067321 -113.62513050515197 0.173337 -0.097985 0.19397518 1.0
145.34812700308532 -189.81753305209926 0.10598 0.359093 0.23346184 1.0
117.83132637686221 -149.0960076057948 -0.193273 0.412959 0.16885966 1.0
197.56308578813213 -241.57061397760506 0.203996 -0.162515 0.33198172 1.0
118.92463214557522 -133.4647253979223 0.177335 0.175395 0.17370103 1.0
211.4804913363437 -254.76511514539675 0.543077 0.356189 0.34398866 1.0
206.52036148592666 -249.5059351344049 -0.103724 -0.119561 0.32896906 1.0
137.4564233561326 -136.4382963054248 -0.179727 0.13558 0.2021032 1.0
136.8309810902274 -136.07978717338906 -0.225779 0.290437 0.20125966 1.0
187.318788594093 -188.58436180305333 -0.10763 0.126142 0.30843565 1.0
169.77543036193404 -170.0967856922392 0.139425 -0.355079 0.2684461 1.0
160.7669878921301 -162.98349302883395 0.289333 -0.414045 0.24477583 1.0
149.75156169057104 -152.99995865200708 0.124605 -0.135373 0.21942054 1.0
172.03865434642086 -179.92772922226115 -0.000896 0.152455 0.26365772 1.0
208.1979426285313 -230.6995431649476 0.077742 -0.063823 0.31808412 1.0
113.04419700662177 -145.54760796651448 0.011551 -0.104789 0.16706608 1.0
157.93521922807193 -194.64346671546215 -0.015607 -0.121481 0.24783866 1.0
157.78470535107297 -194.03386880037934 -999.0 -999.0 0.24418479 1.0
160.15018200774327 -188.12207604923802 0.037999 -0.166538 0.24974187 1.0
159.55812359992004 -187.59652596135228 -999.0 -999.0 0.24834166 1.0
166.6835819377677 -200.19231912785145 0.046996 -0.453001 0.25131154 1.0
181.64695014734028 -197.5846580591587 -0.082865 0.061986 0.29605803 1.0
213.8312226884187 -244.02021662935408 -999.0 -999.0 0.3597758 1.0
201.80082870654132 -232.0408015554362 -0.034568 -0.086325 0.33167228 1.0
185.66859384775893 -218.99789822328265 -0.392817 -0.103285 0.2756333 1.0
154.97833760823502 -164.76004107610976 0.286196 0.093167 0.23186815 1.0
124.4666056299166 -132.1106937294355 0.208916 0.228493 0.17482099 1.0
146.06976046826736 -144.55472982284823 -0.143248 0.247842 0.21636721 1.0
141.05883242257318 -140.05198007801536 0.006703 0.026908 0.2060888 1.0
208.43043397129534 -208.28453777666545 -0.001392 0.102838 0.35157672 1.0
152.13146254388548 -153.96400034679758 -0.354747 0.06874 0.22061114 1.0
206.69990676925627 -213.6772157507311 0.177749 0.029993 0.3338364 1.0
210.49182143837984 -227.3841470727919 -0.10645 -0.015412 0.32485402 1.0
211.7618939876138 -234.5966484736779 0.093658 0.339231 0.31966782 1.0
