X Y e1 e2 Z WEIGHT_SEEING
31.00134744818069 358.1845119237534 0.01918 0.033786 0.25828862 1.0
205.22671091308365 346.6219037774682 0.067784 0.019066 0.23481621 1.0
315.8736014836163 445.7995520812708 0.053242 -0.136111 0.33449307 1.0
115.69200015429475 461.8733463054858 -0.115447 -0.105809 0.34146014 1.0
141.85153398629683 452.7322727267766 0.093306 -0.392447 0.33293384 1.0
161.70296907269685 457.8606117219907 -0.116877 0.034466 0.3376789 1.0
277.6248140759004 394.7087232525188 -0.145435 0.006393 0.30024552 1.0
400.3394673268151 431.1358572384179 0.13161 0.08793 0.34895462 1.0
232.16459615551878 311.41664805984885 0.165082 -0.215511 0.21443637 1.0
219.07939727877044 269.35520640028756 -0.056028 -0.057583 0.17865221 1.0
422.57769523071414 445.4427840924478 -0.06615 0.324102 0.35913274 1.0
244.74992446837112 339.1938783808457 -0.239668 0.225365 0.23522355 1.0
347.3841576590329 376.44839064716604 -0.137169 -0.119711 0.2744642 1.0
361.3552606846332 377.7667664126501 0.078776 -0.128943 0.27610368 1.0
473.16665870141776 420.84833987243877 -0.073645 0.38239 0.3283289 1.0
529.5853158056609 411.8416957823232 -0.100019 -0.195346 0.32114214 1.0
537.4053447984604 411.6473298225956 -0.068299 0.140572 0.3230393 1.0
425.99133203229235 427.0312684929149 0.114892 0.265192 0.32465455 1.0
374.64730479037104 376.86008401962664 0.073662 -0.20867 0.27286017 1.0
471.69217132009726 395.0102274286751 -0.070015 -0.238752 0.29477707 1.0
452.63512237084876 461.18539807487497 -0.370028 0.047535 0.34949872 1.0
283.4629900711018 285.2867156732182 0.022004 -0.346505 0.18225302 1.0
427.5193734430043 359.4844926834365 0.19944 -0.163404 0.24747513 1.0
564.7434404411282 450.29085494573025 -0.34994 -0.271817 0.34468976 1.0
344.5076253468454 431.7324500142247 -0.338728 -0.139465 0.30896837 1.0
395.307430153046 451.724450566776 -0.146311 -0.018216 0.3310351 1.0
391.66228105951745 384.6712051250427 -0.270188 -0.332641 0.26582333 1.0
443.17723112884386 412.5281020207411 -0.346453 0.295114 0.2938014 1.0
158.91876920726352 366.0918231114484 0.040081 0.051962 0.23849447 1.0
310.9261391567175 459.6533572945918 -0.077108 -0.438913 0.32998604 1.0
344.5862184004066 469.44915581946765 -0.333517 -0.122445 0.34302068 1.0
375.00649050192686 464.1691557664841 -0.311036 0.005278 0.33830917 1.0
377.11757128362063 451.32412780036856 -0.741973 -0.1789 0.3239397 1.0
355.9086984974574 392.8880190117248 -0.511548 0.281346 0.26701555 1.0
459.926231123017 453.28978439544994 0.093141 0.038815 0.33056095 1.0
644.2694269936061 447.4264987877669 -0.096964 -0.249648 0.33383328 1.0
606.4237737173399 417.19683136575753 0.069811 0.018797 0.30136812 1.0
289.9622989013545 400.13574985327733 -0.047825 -0.020237 0.26639515 1.0
280.952196053694 384.1613194689536 0.00588 0.192072 0.25261846 1.0
415.6655684406615 467.4730116009113 -0.128142 -0.089564 0.3364764 1.0
481.83336504203163 482.34231792933366 0.006286 0.240311 0.35635933 1.0
535.266614403751 466.72186632067576 0.082179 0.085738 0.3396725 1.0
514.8636561781802 368.82442009967065 -0.096656 -0.25495 0.24852154 1.0
138.56770369764587 467.5912938821382 0.338887 -0.323291 0.3236504 1.0
235.10647814559385 485.6984103326678 -0.129945 0.085478 0.34354725 1.0
460.74638907106146 474.5618379208701 0.248187 -0.349067 0.33972266 1.0
555.9240877856214 467.8639897899675 0.14085 0.047659 0.33825344 1.0
614.0856415839188 428.5003583321992 0.275886 -0.156073 0.29696447 1.0
541.7664144954299 358.95342575361155 0.057195 0.051115 0.23380226 1.0
98.4695054207857 282.9094269158403 -0.179473 -0.107115 0.17479497 1.0
163.33754934883987 460.7204404756221 -0.110641 -0.15638 0.3373649 1.0
127.20898167965449 353.3634053725719 0.15395 0.05643 0.23242207 1.0
117.96671951008058 292.0960649569276 -0.498291 0.084104 0.18198578 1.0
236.99144363117816 448.32675164225884 -0.218326 0.215542 0.32526076 1.0
371.5080784239655 352.52534245987204 0.520813 -0.110572 0.2378463 1.0
365.0365106642825 449.8742243386692 0.627024 0.254958 0.32567537 1.0
459.7365844168255 432.1127786649895 -0.596719 -0.043505 0.31162867 1.0
156.16564163316582 453.2845905612567 0.519403 0.4293 0.31790742 1.0
239.78873036527222 487.2318623201742 -0.524993 -0.256805 0.35657138 1.0
347.0201493399545 468.17534361178355 0.100978 -0.009884 0.33702785 1.0
345.0954608152366 442.8424087204602 0.009608 -0.031864 0.31206387 1.0
449.1695422139004 457.29072584651504 0.049773 0.558082 0.32903895 1.0
511.3335047515205 478.94078170551165 0.094147 0.060364 0.3543542 1.0
609.8893851310826 456.70100477442554 0.237346 0.084297 0.33853483 1.0
288.1573327335386 271.59431477194727 0.539309 0.638573 0.16292058 1.0
232.05491219092966 407.19325657428163 0.089392 0.067862 0.26586834 1.0
303.9099389655305 385.4875815920372 -0.317885 -0.144185 0.24935354 1.0
575.6024226344218 459.25918967381796 0.078478 0.212065 0.32558957 1.0
616.0102805611347 427.60654129418106 0.429524 0.106776 0.29896894 1.0
675.8489368610828 460.7983455174834 0.020916 -0.091826 0.33385903 1.0
219.7582880896352 378.0360244774798 0.156895 -0.349318 0.2375621 1.0
137.92730645605695 402.1426494272587 0.140574 0.144046 0.30295572 1.0
161.92750848605692 403.43289227830206 -0.100479 0.076384 0.30329317 1.0
227.74015692111578 412.1277574269422 -0.131427 -0.232435 0.31452763 1.0
328.1748339082572 361.3682119537624 -0.064551 0.057853 0.26750124 1.0
502.3903967947665 381.04012100835274 0.229107 0.34125 0.2922302 1.0
214.6909271744694 436.05141866116014 -0.125955 -0.561773 0.33723825 1.0
64.01536143871427 419.79360946727684 0.282783 -0.420185 0.3089819 1.0
209.43626620103544 296.60683721467626 -0.093482 0.010268 0.19738111 1.0
331.6470354433524 402.12557884313065 -0.063901 -0.030536 0.2979075 1.0
338.8781622310418 405.3626805180778 0.471717 -0.756987 0.30116066 1.0
384.061055326815 355.10258313125985 0.072076 0.094166 0.2547188 1.0
342.3455668250284 434.3273731563597 0.338757 0.209696 0.32793677 1.0
457.30439688803153 431.07340145166347 0.121075 -0.581685 0.32749245 1.0
293.06644623801213 257.5494244216687 0.092498 0.403609 0.16586505 1.0
484.9303211638917 424.30058409767184 -0.0182 0.016641 0.32388717 1.0
119.10129097382655 280.8857441754817 -0.031091 -0.269415 0.17720608 1.0
238.99610496978963 440.66802387991845 0.589987 -0.231884 0.3246008 1.0
206.57115160013768 350.8466498167498 -0.289569 -0.241321 0.23651408 1.0
280.6219670528217 434.4532083791918 -0.228734 0.112717 0.3197216 1.0
433.5040229446281 434.11879101638453 -0.231527 0.169982 0.32533652 1.0
612.2326450661194 448.2064038909447 0.132702 0.209175 0.35285383 1.0
103.62855947879014 428.5989912322324 -0.042764 0.178052 0.33438566 1.0
137.08424308119936 400.895475687213 0.323616 0.189747 0.30194014 1.0
40.87522671638554 392.3550604494005 0.253077 0.790186 0.28834817 1.0
97.0567930375585 447.8153418650514 0.050773 0.026412 0.34882382 1.0
129.85323102269453 350.8964624300279 0.000565 0.243722 0.24830063 1.0
178.05460913095746 440.81906169937827 0.249176 -0.020929 0.34283552 1.0
189.38892644362966 457.20260414502 0.05319 0.081188 0.35056052 1.0
271.0434102976426 373.00926324110134 -0.52032 0.389814 0.26383138 1.0
175.08207535610882 295.7519494703566 0.098112 -0.149347 0.23744845 1.0
225.44642964981938 388.88327739303907 0.234581 -0.229618 0.341309 1.0
231.2251435208852 324.76114438387094 -0.194101 -0.0798 0.26610747 1.0
229.8949398405719 322.7398361697784 -0.343515 0.084557 0.2644048 1.0
180.9638846990548 392.71847814770706 -0.063681 0.524687 0.33819735 1.0
191.11199282577437 327.3884316691122 -0.2043 -0.030577 0.2624301 1.0
150.63731341857803 334.22532599536316 -0.264782 0.053789 0.26235506 1.0
271.2567872131295 349.2072535025839 0.228624 -0.057997 0.28255355 1.0
270.51625786116847 339.0421917349683 -0.223987 0.031128 0.26638237 1.0
82.44436275991761 375.94031862875255 0.279541 0.146257 0.29629523 1.0
303.9880321565868 401.41733466192153 0.039829 0.094808 0.3319744 1.0
51.87957274685689 345.5969348187238 -0.231742 -0.394547 0.2583273 1.0
159.47640641812228 322.8736014912571 -0.291776 -0.131573 0.2374547 1.0
199.03656102551847 383.6904241492405 0.045969 0.082087 0.30127865 1.0
226.578126240352 412.51636735688425 -0.146484 0.107278 0.33564568 1.0
370.9555115853191 425.6616915784777 0.088767 0.097804 0.35880628 1.0
375.34554345545513 406.1312449933535 -0.112311 -0.096871 0.33474976 1.0
362.44156217903196 383.5925779024128 -0.003526 -0.024218 0.30919516 1.0
386.66046935866154 389.821268900403 0.288357 0.236885 0.3168253 1.0
338.79272387607864 311.226751568415 0.166288 -0.053503 0.23392318 1.0
467.8166441473402 387.41286574230384 -0.177859 0.413846 0.32064965 1.0
36.222276450987955 396.30142812740115 -0.044431 0.225719 0.3083888 1.0
94.726307470039 383.7969045743313 0.313426 -0.022391 0.29379824 1.0
165.47966859004592 326.24980012272874 -0.136011 0.394977 0.23674685 1.0
217.59611356508725 401.0871829234753 0.238766 0.491255 0.3161694 1.0
379.66443978660715 382.52633788981734 0.224069 0.15508 0.30267116 1.0
408.5493439800962 374.8268256083756 -0.123687 0.158587 0.29644814 1.0
417.7258258458697 382.1279625526161 0.24881 0.048928 0.30518925 1.0
200.10469298423342 399.662394295168 -0.20337 -0.095907 0.30882964 1.0
226.85513224438765 404.0549222835844 -0.459448 -0.549525 0.3145944 1.0
275.94646597725495 372.86386277904415 -0.139014 -0.072301 0.28335968 1.0
359.51487050551276 408.0017526370535 -0.418808 -0.313666 0.32386732 1.0
341.5910631837704 307.4260183385878 -0.250813 -0.047306 0.22346365 1.0
237.2513198361923 376.9409724517407 -0.242092 -0.328314 0.3152634 1.0
267.8072824449043 393.3854500816146 0.054442 0.295145 0.33667457 1.0
272.6988272081988 311.82077653681677 -0.196827 -0.072935 0.24488041 1.0
332.28589729623144 381.768888739121 0.249458 -0.690072 0.32788914 1.0
122.77239319427089 306.91190207979093 -0.291556 0.146766 0.23094924 1.0
166.3156066078148 364.9479085594668 0.656851 -0.110451 0.29366845 1.0
207.95733146917956 363.62102956317716 -0.037836 -0.070576 0.29380804 1.0
275.5871956458287 364.1068124632102 -0.090464 -0.197167 0.29629204 1.0
296.79795549951217 399.09142452490727 -0.114703 0.192332 0.33897614 1.0
243.35570134676664 323.3924853638485 0.043557 0.062046 0.2507409 1.0
174.06265700792162 318.43747850705057 0.117013 -0.084318 0.24037501 1.0
308.96674805292474 348.22748178839527 0.200589 0.526335 0.2759444 1.0
309.280519732761 337.85114501521707 -0.272599 -0.247396 0.26564673 1.0
407.3008560243909 391.7279401489068 0.045437 -0.112771 0.32431975 1.0
52.58530392595568 379.25626092489694 -0.045927 -0.189233 0.2916443 1.0
140.23516616339037 416.8502190378926 0.263252 -0.323116 0.3345291 1.0
141.9915956724032 418.22118637418805 -0.035709 0.136093 0.33597705 1.0
146.36546808502993 377.99259619314034 -0.525357 0.312742 0.29028812 1.0
165.2950727413745 335.32619991143446 -0.32312 -0.388136 0.24662189 1.0
246.6356244505973 408.96946042898895 0.194455 -0.608146 0.32935345 1.0
200.67528044661478 274.2647559474208 0.140796 0.313426 0.1919022 1.0
292.3499411337747 384.785557310309 0.244593 0.100168 0.30388677 1.0
124.55115290138937 427.4787115285545 -0.103237 0.004968 0.34209755 1.0
150.65768323288813 440.53284807977656 0.238614 -0.304659 0.35704452 1.0
156.2535637759319 439.39254242633217 -0.147574 0.050154 0.3574036 1.0
209.54003993301424 400.13532445676753 0.441372 -0.137387 0.310685 1.0
216.5174736012943 394.08638189232096 0.632699 0.327823 0.3060489 1.0
242.54797398905913 368.89165923066116 -0.302102 -0.106793 0.2790924 1.0
180.16226610171083 406.3507160159862 0.43134 0.070574 0.35882282 1.0
217.84451257929587 317.17880338946196 -0.046178 0.297471 0.25409114 1.0
271.56578617424697 388.3148012327633 -0.052526 0.025526 0.3391123 1.0
239.64338891788566 382.4386438054395 -0.122035 -0.255613 0.32461616 1.0
243.46857825119463 389.319255835441 -0.096705 -0.350765 0.332521 1.0
288.95416317851937 385.5037442228179 -0.225648 -0.439869 0.3322279 1.0
33.586573220828576 254.03197584413152 0.338984 -0.464888 0.16170591 1.0
55.92536730737344 422.93437155802394 0.045989 0.161996 0.31507537 1.0
81.05333901085986 483.785421947674 0.568607 -0.222846 0.34265935 1.0
61.05730223796601 420.0717094899031 -0.033976 -0.072204 0.31196368 1.0
58.61840422752576 333.14833359540665 0.256972 0.363472 0.22726126 1.0
66.30436036133489 346.2576275377487 0.027988 0.262019 0.2381432 1.0
93.97645519054277 391.397444121114 0.110907 0.256606 0.28231293 1.0
106.46037148995903 320.6605520218709 0.246261 -0.06208 0.21568426 1.0
202.5751717068818 412.5834461044378 0.2602 0.190657 0.3078283 1.0
157.5535772792572 304.356887720575 0.306198 0.229794 0.20293683 1.0
42.832659941194386 439.95074283876244 0.243841 -0.24485 0.3228745 1.0
52.63676424279674 469.7700366382777 0.140432 -0.187526 0.35587543 1.0
93.83437450747525 388.2623506856211 -0.21053 -0.114786 0.2697096 1.0
207.67472193609544 408.00752164575596 0.039741 -0.243449 0.29107594 1.0
204.63371802695775 345.7624586843256 -0.024963 -0.013114 0.23407373 1.0
253.71159145529006 435.53922049712025 -0.407787 0.058256 0.323151 1.0
273.9757866447813 461.7984843235837 -0.188183 0.029927 0.35219985 1.0
250.1740431716336 321.73573506844764 -0.52844 -0.069921 0.21391392 1.0
382.50066082776203 431.767445543293 -0.15875 -0.060553 0.32147485 1.0
48.09567440384708 455.1956491330611 -0.126357 0.819036 0.3349203 1.0
127.326631176266 454.8992680782235 0.2902 0.253027 0.33541766 1.0
147.85876460011957 341.7824423804975 -0.421034 -0.164846 0.22621697 1.0
150.58814683862292 333.3247211320596 -0.000976 -0.033642 0.2186486 1.0
221.5748887410608 474.57166598587645 -0.258231 0.213225 0.35938892 1.0
198.61264388678103 412.22743673934605 -0.025381 -0.289494 0.29081085 1.0
287.2842421426557 438.78910812260926 -0.223467 -0.193245 0.32132906 1.0
327.748999118198 422.67107501193357 0.033014 -0.088646 0.30430084 1.0
341.2406726318684 437.14705822372224 -0.050407 0.005103 0.321414 1.0
325.3755464588144 336.2070892733472 0.19476 0.1487 0.2260085 1.0
361.1500085869243 327.09835503119945 0.074446 0.054228 0.21977408 1.0
468.0033173565932 425.3270075325127 0.12773 -0.323038 0.31555733 1.0
383.271030230706 339.5556069284062 0.091596 -0.075793 0.2301256 1.0
386.9650313916554 305.5476741283072 0.211664 -0.06033 0.2031163 1.0
532.5374871981065 418.86001562504913 -0.313758 -0.157531 0.3121685 1.0
197.8265623282211 264.75199019815534 0.080842 0.18933 0.17789243 1.0
288.1797720148341 299.5021624343265 0.110926 0.059333 0.21024103 1.0
437.85378577873416 433.4225117572722 0.428294 0.228341 0.35102165 1.0
457.2844119582138 430.93727547338636 0.138225 0.410641 0.3503358 1.0
312.1890733141873 286.3682922073958 -0.273609 -0.0856 0.1997105 1.0
338.7813843684243 309.10929041518466 0.121689 0.099081 0.22110431 1.0
490.3460456396617 407.54999498447256 -0.108626 0.116601 0.32786506 1.0
230.23232259207617 408.5118822725151 0.454237 0.185247 0.30737895 1.0
223.85905224784494 366.9304114689905 -0.018482 -0.044339 0.26639143 1.0
237.39387740189136 370.73631632067617 0.338742 -0.168237 0.26899153 1.0
273.35146194666595 404.5654617021783 -0.267648 -0.027759 0.30640447 1.0
382.88043838552977 445.867704748194 0.1701 -0.489591 0.35568646 1.0
234.05456776298422 268.1355929382217 -0.218028 -0.03471 0.17920533 1.0
336.25062433001676 368.6947374273174 -0.032642 0.181192 0.2712324 1.0
298.5502873904335 314.8395315687753 0.292326 -0.096516 0.22096214 1.0
332.77847753699024 311.93147274081434 0.189618 -0.054021 0.21898766 1.0
333.50138499893933 312.59887002339894 0.056857 -0.16906 0.22007383 1.0
458.6299651818158 399.30730321247205 0.099752 0.266429 0.3102637 1.0
504.40742746410064 404.9857514195516 -0.291947 0.031231 0.32016522 1.0
514.9071773399025 404.6559125617116 -0.141211 0.100065 0.31854302 1.0
272.41935506973556 450.59653458106584 0.099938 -0.400092 0.35160026 1.0
235.9133150802057 370.8968935868477 0.374362 0.262833 0.26493803 1.0
200.59017032160372 298.5257281456034 -0.176404 -0.147023 0.19958064 1.0
290.1739181805373 437.8802806332008 0.034952 0.11636 0.33689284 1.0
211.49129166166173 273.3927010044265 -0.285195 -0.137777 0.17968689 1.0
371.5857701629819 448.2885438295265 -0.065264 0.048303 0.35425246 1.0
276.63161508839795 319.79498697859617 0.182061 0.019288 0.22076647 1.0
359.479166086455 300.8479683878269 -0.044163 -0.468125 0.2086185 1.0
507.49948468532887 410.6624595025427 0.017191 0.020552 0.31994367 1.0
340.0921572072179 340.54740269413566 -0.262477 0.438427 0.23653135 1.0
334.2077598818894 337.9667999154188 0.321286 -0.275537 0.23517978 1.0
361.05427727507197 299.8352818465019 -0.335449 -0.196263 0.20319612 1.0
362.5319937331707 298.9264489240466 0.098504 0.033521 0.20378223 1.0
420.89670494061266 336.5147035338177 -0.17026 -0.220752 0.23713051 1.0
414.8320253701927 336.53327368325745 -0.22559 0.065556 0.23787254 1.0
393.57193697993375 349.5567313925541 -0.061196 0.233539 0.24298947 1.0
295.43690797719546 259.018915071201 0.218468 -0.115345 0.16591161 1.0
407.6930809621906 349.6822038517236 -0.053564 0.086268 0.24363716 1.0
522.0013509898961 435.36490379545495 0.057383 -0.469763 0.33375657 1.0
424.27627861024433 346.7873292396577 -0.333252 -0.226214 0.24222928 1.0
336.386946935564 265.9619564853739 -0.010724 0.11841 0.17361669 1.0
440.76726707441367 322.63416631140814 -0.071251 0.372282 0.2197968 1.0
182.16534925117148 353.0689916481752 0.237329 -0.120773 0.23446834 1.0
291.5095070882599 443.114545071285 0.036991 -0.011206 0.32233042 1.0
371.3065248771438 444.53221708632327 0.115729 -0.056675 0.32803512 1.0
292.62320774936103 332.3491497618887 0.188178 0.036941 0.21936926 1.0
454.4678574541149 461.1739374000289 0.194466 0.113962 0.3491434 1.0
352.43966277207414 337.0270327797381 -0.484643 0.264068 0.22608799 1.0
556.5657455594211 419.48016681216524 0.750154 0.051984 0.3118483 1.0
503.10637148434546 370.8541130815036 0.007718 0.007386 0.26177874 1.0
85.5505627340436 351.28715268875703 0.295111 -0.037076 0.2272923 1.0
232.5787689039955 453.3691152531999 0.121736 -0.039731 0.32783753 1.0
188.45189776736407 345.65446788609273 -0.007788 -0.375433 0.22418766 1.0
200.31671505426448 358.14400616508493 -0.098098 -0.198588 0.23624685 1.0
409.2329539347669 475.6705211823419 -0.297218 0.002338 0.35593632 1.0
304.8481907621336 280.4948536330597 0.148783 -0.064739 0.17583086 1.0
440.85421525151844 342.8691252867101 -0.090669 0.058498 0.23022774 1.0
399.03423340066394 310.99357515318275 0.274212 -0.021069 0.20390487 1.0
426.12061256553517 307.44377776069575 -0.446358 -0.085278 0.20230271 1.0
105.36737154568421 359.7095687617382 0.101374 -0.344123 0.23235801 1.0
100.04167999332181 359.37924952972344 -0.233997 -0.41658 0.23124489 1.0
158.47992411834926 365.0967934700231 0.132869 0.002646 0.2376625 1.0
204.43050047694445 359.47541201708657 0.626083 -0.166978 0.23286662 1.0
190.55093628155407 278.70452061301296 -0.062181 0.357423 0.16973278 1.0
197.62574158546332 278.0437221670087 -0.362904 -0.157869 0.16929194 1.0
267.70024062327826 326.15457243971696 0.338852 -0.03794 0.20740327 1.0
445.6389586534089 456.92641525009395 -0.103017 -0.152778 0.33175918 1.0
297.01689173086896 294.3387790706881 0.268761 -0.08337 0.18409282 1.0
296.93329741149665 283.6978074239135 0.14039 -0.211251 0.175877 1.0
443.8829844067151 339.73998799499424 0.089821 -0.149589 0.22423723 1.0
412.01887255331866 314.5235408961222 0.153124 0.226252 0.20417598 1.0
212.02379454596493 433.01112480716444 0.46462 -0.137684 0.29630497 1.0
140.70550311838753 283.2506965850227 0.286025 0.17187 0.16898464 1.0
234.0486803182109 399.90328528699945 0.165915 0.439211 0.26504108 1.0
274.9085052809234 345.2735334390835 -0.192642 -0.137282 0.2203643 1.0
320.12389624445814 367.4720296343128 0.006906 -0.180073 0.23857798 1.0
442.39906718754105 464.5217844987143 -0.003946 0.463742 0.33483246 1.0
440.42572627025476 462.93070073390805 -0.044898 -0.001134 0.33330506 1.0
264.20414880440876 268.130743477267 0.066819 -0.437889 0.16090374 1.0
463.12174257347954 455.8082906569418 0.094018 -0.214375 0.3271037 1.0
512.4243451718023 476.73422320418325 -0.040821 -0.045986 0.35158285 1.0
329.55941627565716 295.3118706543343 -0.397368 0.061856 0.18273394 1.0
446.241038105173 398.9527739206769 0.26948 0.456446 0.2713224 1.0
359.8287774917217 282.28001754182276 -0.038137 -0.135245 0.17482644 1.0
563.8542523420165 392.0130941083827 -0.160085 0.044408 0.27088314 1.0
490.7808339271144 334.16186849910565 -0.210836 -0.044174 0.21962236 1.0
140.90013892607843 458.6346786380576 -0.281403 0.055016 0.31467563 1.0
143.4645126095837 462.28663801076044 0.102502 -0.15391 0.31814188 1.0
131.3786305700225 341.6957120485711 -0.415664 -0.127004 0.2106382 1.0
392.1808089423291 429.60170305804843 -0.064552 -0.164652 0.29353005 1.0
360.43040781641196 355.0228693189781 0.014072 0.033212 0.22734246 1.0
383.79719974279215 330.9730327387651 0.250595 0.203473 0.20867518 1.0
566.4052737720745 469.4335858872401 -0.125559 0.042372 0.3383344 1.0
447.2029480731907 321.8135344459117 0.018958 -0.137434 0.20428436 1.0
508.4808705117273 353.3899115862201 -0.44376 0.286023 0.23185842 1.0
500.42373978848843 333.6535837627392 -0.022737 0.151245 0.21631356 1.0
156.42412450273613 315.38691276441904 -0.016434 0.152983 0.1889892 1.0
214.38480444668522 377.3156973508166 -0.189149 -0.155391 0.23753156 1.0
215.30201092552693 349.5819056480276 -0.043639 -0.150344 0.21575218 1.0
245.93308255826818 357.31946941714506 -0.000695 -0.289118 0.22248441 1.0
391.8726211002908 480.38283233859755 -0.088001 0.000525 0.33722836 1.0
463.3937132611741 375.17721565743847 -0.347241 -0.033891 0.2436099 1.0
474.4131816035054 375.4943896029745 -0.273153 0.017057 0.2435081 1.0
511.49698394298065 366.4699421099013 0.314872 -0.020848 0.23928206 1.0
534.9843601018855 360.3002310194554 -0.036888 -0.081713 0.23393473 1.0
64.09612512514383 346.91304373136916 0.5047 -0.216963 0.22609933 1.0
94.12926564300687 439.05800203419346 -0.014982 0.079843 0.31218004 1.0
180.77028038960808 357.88257673066863 0.047794 0.134908 0.23687702 1.0
209.3339566547452 341.26490552660186 -0.166469 -0.022429 0.22277135 1.0
228.83649897160473 322.4952368322671 0.407744 0.25992 0.20840116 1.0
348.1471098400741 441.5006823088816 -0.537744 -0.343239 0.32176733 1.0
359.4803626459138 442.4782937130756 -0.13545 -0.018271 0.32307586 1.0
295.1032309408268 320.28721187019875 0.140559 0.161348 0.20863725 1.0
327.4206521059644 334.3813817524599 0.061454 0.224297 0.2202486 1.0
457.5675554465477 464.06400356080434 -0.246011 0.153646 0.3508632 1.0
365.53285752604495 331.7516380011688 0.063882 -0.279216 0.22049217 1.0
365.14499448328144 330.34401246830544 0.029069 -0.280751 0.21966782 1.0
411.05917240970075 324.2904638652001 -0.062981 -0.116006 0.2155488 1.0
460.8091301929069 326.37246974772245 -0.192606 0.080317 0.22042283 1.0
56.638885316020975 320.1469506287984 0.074443 0.190706 0.20099702 1.0
75.27529296940872 350.14774303731485 -0.493255 -0.327327 0.22582813 1.0
116.17423103448347 358.77186965092045 0.363492 0.215643 0.23235019 1.0
196.69122490060388 420.77103625385 0.459447 0.142274 0.29121572 1.0
255.95729278469616 464.89647416647375 -0.430877 0.188574 0.33660343 1.0
273.37222674726377 473.9620865959236 -0.036011 0.104333 0.3468281 1.0
227.58595838956387 355.5024862935862 0.2494 0.120845 0.23114574 1.0
226.1224894036656 324.9394129950526 -0.065705 -0.44899 0.20730704 1.0
293.2362720460618 416.4739043807025 -0.030906 0.224864 0.28862196 1.0
319.23738428567015 335.2289922997679 -0.396307 0.423237 0.21721958 1.0
438.15320851968096 448.9259030391731 0.320959 0.373649 0.3276661 1.0
459.10036258568 450.90443614861306 0.294861 -0.426795 0.32984295 1.0
401.7541254573116 338.1294843683733 0.092921 0.004888 0.22383507 1.0
98.33877087447063 392.56193720985584 0.101462 -0.177467 0.2587038 1.0
167.9784252921366 474.23466092270206 -0.131834 0.447379 0.34065917 1.0
231.48659688723032 392.86294615819185 0.169961 0.139409 0.26053932 1.0
372.7871564004262 467.9633629305664 0.037216 -0.436382 0.33874553 1.0
315.2719733233064 363.78346491945814 0.041076 0.387214 0.23832157 1.0
429.9330811305908 459.99599336852515 -0.350563 -0.092394 0.331424 1.0
427.8444492672944 451.4564058341595 0.11351 0.277571 0.32305846 1.0
447.4718595168393 463.1386861486448 0.175863 -0.208623 0.3352694 1.0
341.2691788294756 333.10046939375434 0.254164 -0.558915 0.21380983 1.0
317.99492829729144 293.36470440641745 0.15155 0.114692 0.18276696 1.0
514.2530671045575 473.85059408498506 -0.167931 -0.122785 0.35049325 1.0
557.1989566194391 406.08476278425087 0.344097 0.09404 0.28620636 1.0
234.17155805498703 400.16081738105044 -0.076899 -0.164815 0.26412293 1.0
238.79809478119193 402.7885363128566 0.159501 -0.068534 0.26541403 1.0
250.63134150580947 352.34224984871975 0.016565 0.103233 0.2227106 1.0
277.8847446381003 381.0156331301062 0.194767 0.128907 0.24765457 1.0
304.5045928587855 377.80741877746516 -0.248207 0.012083 0.24492624 1.0
356.36882118908187 436.02699289497264 0.424968 -0.193012 0.29985857 1.0
412.6645350143863 443.5470396355237 0.091534 -0.011963 0.31049567 1.0
427.9204519330998 344.35918478067754 -0.208924 0.122235 0.2225476 1.0
553.6490874927987 432.6980092448419 0.063921 -0.266108 0.30434412 1.0
498.0374969484436 352.8982641690642 -0.053846 0.048939 0.23270512 1.0
649.4149237640232 457.8789133734663 -0.081489 -0.431539 0.33506003 1.0
454.03995451371804 312.7252627593859 0.051693 -0.009174 0.20024933 1.0
73.04436064709807 358.6958916576075 -0.094397 -0.187579 0.22291245 1.0
166.79474518853536 372.17679958292155 -0.189549 0.030792 0.2340918 1.0
183.51546019685654 373.6622992173752 -0.217873 -0.047855 0.23534733 1.0
247.2059764641926 352.8131098291517 0.036458 0.277277 0.21967009 1.0
265.8102600976711 362.4105463381501 -0.307302 0.138279 0.22873719 1.0
268.35557976092343 363.58965910421927 -0.079587 -0.297436 0.22969869 1.0
388.2773017823289 348.97684939476835 -0.021606 0.11829 0.22169329 1.0
357.04141878828506 293.38839196272363 -0.787919 -0.282255 0.1783643 1.0
361.0964256667794 296.17612909714666 -0.049047 0.148006 0.1805802 1.0
366.0983023330344 299.65128139293193 0.247421 0.283914 0.18309277 1.0
141.73436080747902 289.02970410467617 -0.253693 0.54941 0.1676459 1.0
209.88416427458554 370.2304702921097 0.103938 -0.177049 0.22981317 1.0
209.7698405604013 368.45604726985067 0.006831 0.270258 0.22929156 1.0
498.6703200534008 378.40483468166013 -0.144616 -0.420167 0.24506594 1.0
652.6760688830501 433.4784938778247 -0.197128 -0.020477 0.30176947 1.0
533.681374733078 342.1338656273206 -0.047936 0.046358 0.21958481 1.0
564.6701086191744 360.52262510823095 0.477854 -0.030157 0.23562457 1.0
476.9214245806049 372.2812306839541 -0.453537 0.048088 0.2910008 1.0
50.747925499846566 306.8863579925895 -0.012606 -0.047112 0.20830917 1.0
77.94075390732539 409.92611395941304 -0.633136 -0.126695 0.30915496 1.0
120.80577112613449 407.61894848829604 -0.066859 -0.774173 0.3088286 1.0
129.68551432039962 359.88123139754043 -0.394812 0.190287 0.25769985 1.0
161.89542725819953 401.0742984651086 0.021067 0.239811 0.3022961 1.0
225.40876806301117 313.97944423525166 0.010357 0.057072 0.21758468 1.0
289.5515609473037 402.2613287687896 -0.199631 0.004648 0.30665094 1.0
236.7070382533257 312.2939064018395 0.053445 0.029909 0.21724859 1.0
328.3244780294464 366.4343571310415 -0.151219 -0.18324 0.27028173 1.0
457.5396575925989 397.9849903893947 -0.235701 0.156329 0.31051564 1.0
511.21083342580926 428.11925441784575 -0.226687 0.08631 0.34754518 1.0
501.6070316225845 380.4295204139129 0.023765 0.080128 0.29142722 1.0
389.59609866128534 289.9068244501081 0.630414 -0.021881 0.19926572 1.0
37.51743275978785 346.53056440449643 -0.0733 -0.403472 0.22958283 1.0
53.266433863524085 470.60150027585576 -0.25044 -0.039216 0.35606673 1.0
30.317607491564985 249.38669479362412 -0.099785 0.103449 0.16319077 1.0
157.27887838254725 331.59804535782365 0.00064 -0.094204 0.2359967 1.0
161.04515570449973 338.315930014161 0.045452 0.053038 0.24284601 1.0
211.25965120667004 425.01364199778504 0.406737 -0.47609 0.3355235 1.0
287.8985844338589 420.1588474552909 -0.151024 -0.06459 0.33251253 1.0
345.7327052852024 412.0925030133745 0.066133 0.052514 0.32432297 1.0
334.54181740254506 340.72776401133615 0.151851 0.243141 0.25047112 1.0
315.233740145188 308.7758499611048 -0.277974 0.053912 0.22039339 1.0
420.20913684321886 403.2245066918487 0.099124 -0.020851 0.320359 1.0
344.110322975968 309.4451173694476 0.019562 -0.182157 0.22306886 1.0
337.7139324623995 304.5560396884342 0.121077 -0.414455 0.2191717 1.0
342.55789451766594 311.1663731828364 0.233859 -0.826412 0.22506079 1.0
457.41129243751857 407.82382765472096 0.059641 -0.308337 0.32739785 1.0
352.69295183194237 305.82009623843817 0.066797 0.171479 0.22013068 1.0
423.61506648480696 370.3662618942103 -0.219018 -0.437965 0.2850438 1.0
33.48382751548419 336.8534447313994 -0.041281 0.069061 0.23252906 1.0
48.110869749569666 336.3931223029621 0.269511 -0.06807 0.2311042 1.0
232.88633550476612 435.69988874968095 -0.157789 0.017892 0.33450457 1.0
229.96306774492987 368.860860641331 -0.185953 0.160127 0.26564026 1.0
274.4180206109012 432.3602545835058 0.014825 -0.113976 0.33455542 1.0
257.3375732626892 393.69778625966427 0.297539 -0.447114 0.29041126 1.0
206.42679306240933 296.95851952070245 -0.208853 0.134646 0.19976754 1.0
196.97320137158303 272.4159482391873 0.050683 0.180194 0.17952028 1.0
249.7480610018776 284.34091986566483 0.153873 -0.060976 0.19143465 1.0
340.53540396056513 332.72220344066346 0.194706 0.190874 0.23626325 1.0
511.4079199041036 432.99484860408694 0.296594 -0.240119 0.34728605 1.0
222.8187022488752 342.9205852985114 0.052167 -0.234787 0.23692426 1.0
295.3557867747307 440.2592489717411 -0.117093 -0.252661 0.33799496 1.0
233.29387702939755 340.4549145288225 -0.174448 -0.360429 0.23523097 1.0
272.67396139407435 340.9622735900992 0.05568 -0.00334 0.23676358 1.0
265.9528793882266 318.6539478634811 -0.174837 0.116037 0.21705371 1.0
272.09887052311205 321.80748240394195 0.216565 0.44468 0.21912108 1.0
374.5318572298046 427.97276936326864 -0.146316 -0.240206 0.32586798 1.0
73.17515024172681 401.6074993588034 0.098544 0.081737 0.2869189 1.0
94.8144035053665 353.00597327944456 -0.286062 0.039306 0.2391877 1.0
182.8676017651918 421.7030648792117 -0.066375 -0.221801 0.30771965 1.0
205.67605081803455 403.94177628590046 0.196395 0.011105 0.2913138 1.0
225.66911874763005 424.78010301770706 0.465732 -0.045984 0.31372938 1.0
418.22127054676577 430.5167579216889 0.15237 0.144319 0.32489705 1.0
370.24195332216567 342.44430157090073 0.047479 0.235699 0.23872218 1.0
148.5850892152731 342.0101002496547 -0.06248 -0.177217 0.22704089 1.0
159.80153767274444 361.2106411465798 -0.100952 0.113197 0.24359636 1.0
241.44795001044562 439.71636947777205 -0.181581 -0.16165 0.32299343 1.0
280.2197318732887 424.7742651480759 -0.077941 0.218082 0.3082545 1.0
302.33263989556434 433.6392661086269 -0.434017 -0.0295 0.3189776 1.0
332.4251832498469 451.5016885734416 0.015314 0.271445 0.33959562 1.0
329.4220541771982 436.2240484875773 -0.226271 0.168485 0.32260972 1.0
373.48200818033996 466.4713560284056 0.106671 -0.047666 0.35651606 1.0
401.31835983749187 432.70359509160716 0.199944 -0.077398 0.3204567 1.0
294.86614506391334 284.5306403265107 0.005499 0.005307 0.18383785 1.0
287.28538850502497 275.179399799482 -0.000207 -0.193751 0.17712323 1.0
273.8775913559122 260.3759869137554 -0.299082 -0.151165 0.16549025 1.0
357.3791946772001 323.24744498870865 -0.210635 0.061393 0.21815515 1.0
403.8146963184368 327.87826114030355 0.254497 -0.150934 0.22310974 1.0
579.8025668378726 453.16908456923227 -0.002875 -0.301056 0.35309324 1.0
438.5283816761468 323.80778467002875 0.194957 0.294312 0.22155386 1.0
47.929094778933475 268.7336751756813 0.023957 -0.361426 0.17788056 1.0
164.23049129587415 399.9197908103101 0.225952 0.085284 0.3028255 1.0
169.77883537288784 399.05588724773617 0.132514 0.705002 0.3024478 1.0
178.63746758558986 379.47515218575694 -0.05967 -0.009119 0.28107807 1.0
213.2254105140914 409.05792730178314 0.6131 0.27034 0.31503353 1.0
233.8794058236759 425.0246501683728 -0.303436 0.288883 0.3340437 1.0
34.27717780259649 332.1240042810883 -0.096333 -0.002256 0.22909097 1.0
95.84165710685232 446.21206632194844 0.209932 -0.046782 0.34846255 1.0
78.10195455544903 316.0118026243066 -0.149644 0.256516 0.21573186 1.0
128.64071072023572 358.4883657988593 -0.109576 0.070209 0.25599656 1.0
193.5162745235982 442.0252055392516 -0.036682 0.140754 0.3443005 1.0
192.38280022079712 407.80857196207205 -0.021789 -0.729786 0.30635267 1.0
175.96479412273948 421.56201807132976 -0.081892 -0.327552 0.30955988 1.0
220.76049212799597 420.0036534345027 -0.216787 -0.389132 0.30999258 1.0
226.70221964631475 423.0887639073325 -0.033896 0.245811 0.31374946 1.0
280.43955508361176 434.4102094275378 -0.061096 0.149315 0.3269803 1.0
267.2208657688511 314.51148747131595 -0.341487 -0.128865 0.21196333 1.0
352.50353842016176 406.8430771694017 -0.340825 0.332825 0.29980987 1.0
302.9424243811984 338.68291365970754 -0.164366 0.113361 0.23441188 1.0
327.6540287841458 344.3953114032262 -0.071017 -0.068815 0.2397528 1.0
321.8125931734542 337.10919741484867 0.106657 -0.145073 0.23311625 1.0
171.50704792140777 296.87220630134476 0.421793 0.129293 0.23852679 1.0
230.38788005723174 391.0563315221774 -0.001096 0.020367 0.35118324 1.0
205.31747189019543 312.3071437463123 -0.066232 -0.014313 0.25546065 1.0
231.95121921133358 388.32626939845113 0.239658 -0.010719 0.34362933 1.0
227.9131003189093 324.64199594706207 0.286461 -0.067557 0.2657266 1.0
228.23310302446527 320.5270907693625 -0.268317 -0.093975 0.26119167 1.0
228.49503183580902 321.21244217471593 -0.018462 0.072261 0.26267046 1.0
182.9262788336685 301.00461409166945 0.174762 -0.162348 0.23344484 1.0
268.55120269997485 394.8189457051697 -0.107035 -0.033663 0.3454957 1.0
223.3276709037378 317.58400763752496 -0.130808 0.195902 0.25396618 1.0
268.4259594878876 372.4104014101934 -0.005585 0.184934 0.31690758 1.0
233.00667563791387 313.1977067703857 -0.102202 -0.06776 0.25007433 1.0
295.2496081586317 382.96567511021397 0.186052 -0.038496 0.3326715 1.0
110.24119920416013 303.9368590861135 -0.005545 -0.020073 0.230333 1.0
183.9607193686254 315.130781131928 -0.407165 0.000998 0.24300112 1.0
238.56277368189487 316.6953912457834 -0.257943 -0.227261 0.2475683 1.0
291.59444029506153 381.2415275316884 0.238825 -0.143397 0.31977093 1.0
312.4804137128316 380.4455502671056 -0.031593 -0.053152 0.31899545 1.0
180.61549463036565 317.03575067498986 -0.080091 0.044524 0.24040304 1.0
182.93282208715428 309.26659663986743 -0.248385 0.121586 0.23324393 1.0
269.36162719570393 392.56673449020354 -0.037822 0.064 0.32549107 1.0
220.44301821442403 301.8540719733574 -0.404892 0.154591 0.22674783 1.0
272.43283677852753 338.31934655675576 0.107657 -0.273899 0.26546037 1.0
288.0934518583462 314.31480644324034 -0.185833 0.224493 0.24351235 1.0
292.21304788586934 315.3015711540826 0.24127 0.07445 0.24337263 1.0
378.1887086600573 364.2672564781293 -0.252196 -0.048445 0.2997458 1.0
58.92003681258203 397.43635402813095 -0.038364 -0.188022 0.3190283 1.0
49.92289530438856 316.1450666065249 -0.018369 0.366852 0.23205423 1.0
99.19756761268175 286.82688436773594 -0.058356 -0.116264 0.20508581 1.0
112.68435877025725 312.11595361713626 -0.153877 0.386245 0.23047243 1.0
174.29138699898715 234.78876572475798 0.209533 0.213516 0.16249557 1.0
216.3666901310463 274.26556616600976 -0.189278 -0.14068 0.19854167 1.0
325.1702746746774 414.40075719551936 0.4912 -0.095071 0.3497038 1.0
253.85011923209552 307.5286240527635 -0.028208 0.086755 0.23040304 1.0
254.79553857626453 306.59860855118615 -0.229374 0.671674 0.22941375 1.0
283.8522925107604 308.5469139602795 -0.411306 -0.069126 0.2320791 1.0
376.57624061597375 385.4173859527729 0.144137 -0.10666 0.31752855 1.0
373.7921342840902 383.1426210034278 0.149945 -0.149115 0.31589475 1.0
309.90428142393796 314.40055282763865 -0.115989 0.161057 0.23949197 1.0
386.4869658292873 382.2056429871118 0.174315 0.167959 0.31605303 1.0
349.7071161271094 325.42904216978167 0.216469 0.102994 0.25252765 1.0
67.98091335787103 297.26898111963385 0.189915 -0.255596 0.21120004 1.0
125.54048170653061 298.3655308200865 0.263479 0.297262 0.2142885 1.0
203.53537916186363 391.49205264557565 0.006016 0.178653 0.31025988 1.0
205.26659174021984 393.39295867222444 -0.141713 -0.093663 0.31226403 1.0
241.0322408612911 411.2155840332651 -0.144525 -0.132557 0.33518696 1.0
186.98063715462442 302.24626945968527 0.324766 -0.209509 0.21955942 1.0
215.75890439617186 278.1271439509843 -0.099795 0.141984 0.19834849 1.0
340.6810021587243 383.36022003755306 -0.09532 -0.178334 0.30729318 1.0
390.20227188834804 394.48216356212384 0.20653 0.266788 0.3228249 1.0
389.6839531834747 391.5444823784024 -0.497224 0.392243 0.31871438 1.0
430.1284865433444 418.74211269284035 0.33511 0.0303 0.35513902 1.0
48.40970691798047 300.2885444132464 -0.124793 -0.029109 0.21072312 1.0
50.97286855702209 299.53970901455483 0.262443 0.072955 0.21079232 1.0
51.12572588140452 266.60292590883216 0.078916 0.268437 0.18137613 1.0
77.95287120282691 431.20344628412346 -0.116576 -0.089933 0.34733003 1.0
65.07982899554162 314.2850029735186 0.219422 0.054932 0.22426765 1.0
89.23219739502028 383.87976220823174 0.219823 0.701699 0.29394144 1.0
94.03518089269552 391.1860941116855 -0.100086 0.553668 0.30176783 1.0
95.1966382759751 389.1745242327808 -0.291792 0.085355 0.29878607 1.0
93.65441971386706 382.5405957589797 -0.123727 -0.201358 0.29248464 1.0
97.26303423309731 386.0224163498063 -0.282927 -0.042512 0.29753497 1.0
132.6147103397047 424.31243917393203 0.395417 0.169241 0.34052134 1.0
107.33047055538805 294.28113356415577 -0.023372 -0.074625 0.2060868 1.0
164.21715922140757 325.86317080739536 -0.122436 0.067185 0.23599993 1.0
199.56074248674977 357.88691332653553 0.056855 0.076993 0.2701045 1.0
214.3264756614947 319.28436716738554 0.183348 0.197819 0.2325373 1.0
282.6638587474965 401.8953450506557 -0.04827 -0.063994 0.32049805 1.0
174.92134745934857 240.3053304161413 -0.276572 0.299673 0.16266103 1.0
295.68266433595113 404.2564911851069 -0.161782 0.033463 0.32252762 1.0
274.056125561722 374.5522627553081 -0.132505 -0.10682 0.28900462 1.0
207.61638735948108 276.334791261863 -0.150829 0.336168 0.19329613 1.0
244.18591832615147 316.04757988263856 -0.290243 0.062912 0.22963427 1.0
290.54897318189194 316.30664158193815 -0.058782 0.037608 0.23303714 1.0
302.21016056782184 303.4114122969549 0.006174 -0.022932 0.22170675 1.0
350.28449682137307 322.0267820707083 0.091023 0.170082 0.23981799 1.0
345.646671233049 317.1152688260469 0.286393 -0.025401 0.23586057 1.0
210.35448351130168 440.02535114045617 0.238138 -0.24091 0.3551344 1.0
203.60041094978067 394.0862113105992 0.139114 -0.209737 0.3034534 1.0
219.25198897720009 393.39711676166763 0.174352 0.376018 0.3031971 1.0
224.08227998080054 401.14629209393934 -0.022016 0.082998 0.31129614 1.0
208.7533244920236 363.9138714646372 0.189429 -0.054954 0.27148125 1.0
209.19836524300948 361.1141733771246 0.084711 0.257745 0.2685171 1.0
253.33442925591393 376.3232067791806 -0.064999 0.043017 0.28513297 1.0
359.37965053536647 409.37911640189066 -0.366975 -0.700209 0.32620525 1.0
258.13240000490674 276.58229965200564 -0.220948 -0.031877 0.19222786 1.0
262.1650714227452 279.0550294565243 0.390307 -0.097952 0.19438781 1.0
309.8832202851017 305.0487949810639 -0.083538 0.337371 0.21964557 1.0
362.38396771114816 318.6951013412871 0.021751 0.227445 0.23403892 1.0
126.18260386953008 303.5998165766909 -0.169168 -0.007899 0.23074076 1.0
158.31923609202616 295.03239768761046 -0.192914 0.181286 0.22425814 1.0
131.17587416751638 225.57986649612704 0.048825 0.315476 0.16065627 1.0
184.2361426796893 313.1044802767439 0.033655 0.056703 0.24314195 1.0
240.24936801383137 384.20939830368025 0.225075 -0.084212 0.3255863 1.0
246.30698471467016 391.75250359305784 0.417474 0.003072 0.335173 1.0
253.25378920971295 392.8318649296873 -0.130614 0.173999 0.3353523 1.0
214.62430333500373 321.41311980209355 0.140106 -0.108417 0.2525777 1.0
281.4080377171971 379.1977365832613 0.234201 0.05509 0.31944793 1.0
270.54631959179505 332.4547368035459 0.249368 -0.029838 0.26584002 1.0
80.84030118721297 280.84193506527726 0.215443 -0.260357 0.20414515 1.0
125.02443321194403 306.5061727623151 -0.296508 -0.316683 0.23106565 1.0
131.2184421005179 304.85952589119717 0.303808 0.025773 0.22957547 1.0
296.99409834380185 402.8377020839216 0.10769 0.267022 0.3420475 1.0
269.6525602163144 332.3683447686976 -0.147856 0.104095 0.26225835 1.0
324.71751437984557 386.7204335183658 -0.056906 0.515186 0.32719254 1.0
284.99420393049627 312.9163251994324 0.100191 -0.209705 0.2441428 1.0
350.98316340237847 383.4806008295965 0.317383 0.228938 0.32492292 1.0
114.66476316302945 312.79423565851397 -0.067014 0.093899 0.23218144 1.0
105.40520097326178 252.73214278986867 -0.322406 0.54474 0.17736393 1.0
226.4161217479379 288.29132223554444 -0.056604 0.577006 0.213293 1.0
312.97233823078466 396.754876382303 0.384368 -0.215389 0.32915312 1.0
314.89519597878774 395.8964910678219 0.298502 0.001948 0.33026305 1.0
327.45268307744647 337.3002996902135 -0.272467 -0.013712 0.26526085 1.0
99.2604938664896 412.2904858306369 0.038907 -0.018047 0.3360063 1.0
120.70072057360362 401.3487957142844 0.291765 -0.275054 0.32290423 1.0
136.67234016481734 398.1219054835024 -0.316467 -0.022835 0.31853193 1.0
158.61458731672303 249.02491835929234 -0.317675 0.018005 0.17272787 1.0
254.3465695222083 397.03993546087645 0.72404 0.020848 0.32132873 1.0
167.96986852924655 245.29435024633602 0.25361 0.209417 0.16947491 1.0
181.76760338108585 258.9216577072775 0.230397 -0.046164 0.18205395 1.0
306.3040185232052 413.7433326245898 0.065178 -0.072076 0.34305674 1.0
320.3670284967864 411.94692420657407 -0.291904 0.279976 0.34146255 1.0
318.2926095046745 414.12251971003604 0.171391 0.470869 0.3450567 1.0
266.4604248410683 328.35649534317986 0.193793 -0.202758 0.24893142 1.0
327.741399787909 395.1322310992134 0.056278 0.292841 0.32347348 1.0
327.62467046049767 394.29914638923225 -0.302189 0.326487 0.32287392 1.0
397.69607858950235 412.7256256738101 -0.065624 0.115391 0.34743586 1.0
390.8089992659686 394.3555499507504 0.317051 -0.078305 0.32536563 1.0
348.22732912421264 325.72836619388 -0.101944 -0.094601 0.2503648 1.0
49.00484241754764 297.825016037726 -0.128166 0.070336 0.21079537 1.0
79.45984949670807 384.7434227204065 -0.2485 0.176442 0.2984225 1.0
141.24069195926003 419.74981200692497 0.141481 -0.201318 0.33847812 1.0
177.73867833470314 403.2890655378335 0.029205 -0.015893 0.32110384 1.0
186.87835121794538 386.4352053092245 0.056768 -0.271264 0.3010641 1.0
159.22098231336219 322.2526217414184 0.238585 0.182013 0.2346206 1.0
161.53689123749845 326.5331274734909 0.087074 -0.024405 0.23857602 1.0
178.69039956538865 355.9418790527024 -0.076334 0.134287 0.26975533 1.0
161.54868943051864 303.86012077703384 0.334359 -0.07264 0.21817243 1.0
209.98058667076498 390.3429018705114 -0.232391 0.135437 0.30778348 1.0
215.5253994416184 390.4117836464515 0.49543 0.245313 0.30574906 1.0
229.619598522344 413.46366802224765 -0.261552 -0.146281 0.33506322 1.0
284.93411083065666 400.63733386458824 0.226171 0.091329 0.3224423 1.0
217.44936347663312 279.15986846634286 -0.032272 -0.155658 0.19746156 1.0
269.54324794486433 333.07787293788857 -0.093453 -0.316798 0.25000307 1.0
378.8832668769779 426.31826232713763 -0.329832 0.157134 0.3552268 1.0
344.05209777312945 384.83124312497216 -0.364426 -0.514139 0.30628818 1.0
300.0585893195607 333.1366118999134 -0.016471 -0.011527 0.25020084 1.0
330.0799400974987 318.3773049681669 0.012517 0.213044 0.2379971 1.0
350.5155309159353 313.59721868967364 0.05363 0.103822 0.23584162 1.0
433.65603161181645 371.1821808026911 -0.097878 0.21 0.2987038 1.0
75.16807086500948 353.6127122960766 -0.143374 -0.156609 0.26031572 1.0
202.51915194398993 361.35409626314987 0.003498 0.194439 0.27138302 1.0
194.13901153989178 322.43615065377196 0.290229 0.038259 0.23120174 1.0
242.10033859518478 368.60584284765815 0.242248 0.14397 0.27850303 1.0
276.8539878073958 371.3039277416053 -0.01493 -0.002156 0.28451425 1.0
338.8784812437244 423.3200986380604 -0.064963 0.165012 0.34537512 1.0
258.00153442241293 297.46537784887306 0.282686 -0.033838 0.21231861 1.0
388.13688771253777 429.29304671756563 0.243044 -0.013157 0.35396266 1.0
264.8912939546322 268.3213067637998 0.298624 0.053416 0.18681645 1.0
463.1449977801135 422.23310666043074 0.197635 0.063447 0.35070077 1.0
242.2682898789895 386.34358346774997 -0.169604 -0.221517 0.34467945 1.0
175.78804003881473 272.246271672581 0.087375 0.120346 0.2105583 1.0
211.81310639371614 313.42786741463135 -0.224928 -0.025742 0.25500783 1.0
217.85705783519094 391.98312210208866 -0.30273 0.120861 0.34155464 1.0
231.9280421316294 378.77489115329314 -0.182019 -0.123124 0.32564658 1.0
232.26861218403343 378.12963502161205 0.142798 -0.053691 0.3242976 1.0
225.11000150301217 323.63298388580654 0.080105 0.339164 0.2623125 1.0
222.03908864646513 312.389875354264 0.139687 0.034237 0.24973881 1.0
241.21914428319752 390.04089665468894 0.115411 0.011619 0.3331639 1.0
240.6615451406869 384.22925258436743 0.299748 -0.214285 0.32625413 1.0
243.81100334068586 387.00162238006044 -0.093629 0.23305 0.3306891 1.0
247.95090721526415 390.9205804939051 -0.132178 0.122877 0.3351279 1.0
253.26771141906252 386.6968524278915 -0.0388 0.054977 0.3313029 1.0
248.68918205117632 375.9848092928243 -0.218501 -0.191447 0.31747922 1.0
260.6560096098781 386.8060586679664 -0.009999 -0.166252 0.3323865 1.0
269.5062590493237 392.3315399874032 -0.023257 -0.103009 0.3392159 1.0
270.4707315785722 345.34077902792785 -0.089618 0.289027 0.28318 1.0
213.05538373423664 264.715183870282 0.1026 0.008062 0.19839858 1.0
264.10402007238395 311.69384622608766 0.016455 -0.243837 0.24629687 1.0
48.71316698140559 382.36810785481197 0.160528 -0.098814 0.2878159 1.0
44.819184803249115 324.7090233762117 -0.028508 -0.141169 0.22198151 1.0
44.02818461957228 298.3614183056609 0.318252 -0.033544 0.18590908 1.0
64.41948379206413 456.87027908325626 -0.136172 0.339554 0.3151987 1.0
68.00076266152503 499.14288871392006 -0.180892 0.276136 0.35671338 1.0
