X Y e1 e2 Z WEIGHT_SEEING
-304.22411166934074 187.7511473161304 -999.0 -999.0 0.35653678 1.0
-304.38414145523564 188.31663366011003 -999.0 -999.0 0.35880476 1.0
-271.91875697413013 162.0620825921554 -0.207458 0.383292 0.3053873 1.0
-217.53085353153446 156.51285698221193 0.379516 0.297758 0.28185055 1.0
-206.03696674595156 162.79066642670188 -0.064796 -0.031323 0.3013588 1.0
-251.99370890235414 159.6723010430703 0.044466 0.028566 0.2894866 1.0
-263.5727050543871 175.3870825239751 -0.233652 0.425099 0.33029816 1.0
-238.93780534487396 168.034164696921 0.332786 -0.574312 0.30579716 1.0
-236.0939817327034 168.33354953393555 0.572951 0.376196 0.30675134 1.0
-248.75448061401036 152.40606569086148 -0.306399 -0.339934 0.25791413 1.0
-269.993970471307 169.4298079741691 -0.012959 -0.230043 0.29431558 1.0
-240.53858839980438 151.90262473674494 0.166864 -0.110382 0.2539354 1.0
-314.6068630526657 198.33782708048872 -999.0 -999.0 0.35994402 1.0
-304.6684038532597 194.2179279526985 -999.0 -999.0 0.34828705 1.0
-241.09911985576625 145.03701937137495 -0.123423 -0.676606 0.34105644 1.0
-150.3908412190875 116.11073521684627 -0.083834 0.231638 0.23875713 1.0
-168.14824241957345 130.4433282770065 0.056879 -0.262721 0.28131223 1.0
-139.2149339175618 122.1875127125541 0.326978 -0.220943 0.25100267 1.0
-129.9274115730906 141.06033391111552 -0.142883 -0.12289 0.3007951 1.0
-141.31216308810124 134.76755907906653 0.135081 0.165226 0.2730564 1.0
-141.50844294710376 135.197365300036 0.192677 0.078742 0.2745901 1.0
-125.95414827001112 138.83220335533804 -0.043802 -0.794124 0.2702358 1.0
-184.57027601226417 157.30981304228803 -0.138576 0.297514 0.31512752 1.0
-196.14350964053494 112.19665733690212 0.039979 -0.02699 0.19671261 1.0
-198.05183907539643 150.92284779481568 0.043569 0.016329 0.27654347 1.0
-204.67933360384748 144.65355886248062 0.194393 0.083366 0.32224822 1.0
-156.0254500461708 121.78958015477023 0.492712 -0.081524 0.24011637 1.0
-223.76306016563862 126.16277623549823 0.281355 0.128115 0.2561895 1.0
-228.3736417792525 158.70764104551432 0.093208 0.132881 0.34095415 1.0
-167.53481359615543 160.0159138870094 -0.205394 -0.225793 0.33018786 1.0
-202.9112698932505 169.70244538255096 -0.00361 0.05232 0.35146904 1.0
-305.205348181385 170.62131192804927 -0.117482 0.485693 0.35951373 1.0
-237.7475648553178 141.93500695693842 0.238546 0.020883 0.27162388 1.0
-155.10850012255415 111.47306796671748 -0.17891 -0.207251 0.19118008 1.0
-227.3658936606396 169.22835690520245 0.141434 0.053174 0.33766693 1.0
-231.8907378061725 172.59888458079817 0.013928 0.376911 0.34788468 1.0
-232.66403715454103 174.16396784392222 0.180299 -0.011072 0.3504766 1.0
-249.8816867577658 150.07058550545452 0.035195 0.037882 0.28529125 1.0
-242.57522762126447 156.6977120623837 -0.220496 -0.297803 0.29755363 1.0
-230.35317856744558 176.9814915315141 -0.151566 0.022664 0.3437661 1.0
-194.78181273938446 139.12000581528935 -0.209176 0.342886 0.35639593 1.0
-193.48805482876625 139.25834255152023 -0.275758 0.161313 0.35490066 1.0
-196.99515613908608 124.46972578442933 0.09201 -0.036629 0.29778454 1.0
-202.26525753508935 141.70556605054972 -0.189928 0.002566 0.35543963 1.0
-175.60262701291325 125.05494435731163 -0.282076 0.309576 0.29406613 1.0
-167.77949749239696 124.28972803401453 -0.045688 -0.161247 0.28941643 1.0
-169.46969453091913 131.02915963163937 -0.019358 -0.203333 0.3120615 1.0
-173.1785159821962 128.52636949017335 -0.14843 0.329707 0.34210533 1.0
-203.71451757308134 134.23093288821542 -0.110197 0.160745 0.3560917 1.0
-147.34799068797858 118.60102007564215 0.075262 0.205321 0.29060838 1.0
-196.90955556673856 141.61392190904957 0.067298 -0.268275 0.3545921 1.0
-140.1286438985178 128.03588691297685 -0.072768 0.119421 0.30254507 1.0
-189.56339098396748 122.33236311734417 -0.501165 -0.482445 0.2803248 1.0
-208.51486911938014 137.72420202470698 -0.042415 -0.615245 0.32967797 1.0
-181.5672226134253 138.06614587139495 -0.013636 -0.171362 0.32707855 1.0
-142.9750719329514 114.17070974198515 0.580043 0.286075 0.23654415 1.0
-264.5116350383745 163.34886859097662 -999.0 -999.0 0.29079378 1.0
-248.09002556065857 154.3073100984816 -999.0 -999.0 0.26670316 1.0
-305.4984473636617 188.75097711637636 -999.0 -999.0 0.3595817 1.0
-269.87460889983186 161.4244554554692 0.066997 -0.352354 0.30234313 1.0
-247.89606522800702 157.3267578060036 -0.067277 -0.020396 0.28951955 1.0
-228.09021375276905 147.34451770659132 0.182289 -0.11916 0.26442763 1.0
-269.17757512528544 178.52300750879766 0.357877 -0.213508 0.34539756 1.0
-238.1916849309568 180.43865069756924 -0.038602 -0.440735 0.34331438 1.0
-217.39993699160505 129.91999447355693 -0.018096 -0.028731 0.22017345 1.0
-227.84913068573982 149.14753281956803 0.640687 -0.231708 0.2559252 1.0
-178.05310804039323 103.1435048566868 -0.104069 0.300823 0.16016272 1.0
-254.12369367523854 150.4527018242109 -0.004465 0.164451 0.25729758 1.0
-241.84959042341464 152.14601129456003 0.272169 0.013741 0.25593898 1.0
-171.34930222378972 111.03623368310127 0.060509 -0.596401 0.17073177 1.0
-301.5447800042087 178.71191581347088 -999.0 -999.0 0.31966057 1.0
-267.7001683735159 168.48212069847392 -0.039214 -0.194196 0.28638455 1.0
-268.0477613646875 170.911962097184 0.233789 0.053702 0.29453233 1.0
-292.7077163175108 177.80252271510818 -999.0 -999.0 0.35697222 1.0
-255.46214546363873 156.19658257874505 0.387585 -0.115398 0.29752636 1.0
-219.48561679289358 145.13421173654845 0.095783 0.00401 0.26333022 1.0
-161.73889815099128 115.17309610882987 -0.098946 -0.009928 0.19170596 1.0
-164.2736371101207 118.33934884307561 0.067859 0.123544 0.19573504 1.0
-230.50043304608099 179.86810805090573 0.414186 -0.410665 0.343469 1.0
-296.0385364064188 169.00976906623296 0.302836 -0.169715 0.32497722 1.0
-268.7057276606914 181.17418881058964 -999.0 -999.0 0.34462252 1.0
-268.1542462520007 180.55685153013653 -999.0 -999.0 0.34454578 1.0
-164.7592200961488 114.9524783326336 0.109599 -0.089181 0.18469065 1.0
-162.33827170693047 114.82447256178084 -0.092377 0.187942 0.18535654 1.0
-230.29564992762894 168.61525461219713 -0.360569 0.072572 0.3070591 1.0
-298.61259908669336 172.48633067310385 0.386441 -0.083213 0.32263234 1.0
-257.1102060422602 162.880899223281 -0.324738 -0.068776 0.28977805 1.0
-261.75367901189713 167.65334200989474 0.225304 0.194827 0.3010131 1.0
-258.3431859963886 168.43816906137 -0.124109 0.151234 0.30202842 1.0
-189.91916823209252 117.54096622701684 -0.225323 0.018088 0.18207268 1.0
-240.88410035807115 153.31135471686318 0.232795 0.474728 0.2554359 1.0
-150.1921411542385 116.01908741461315 -0.226726 0.27266 0.23846315 1.0
-119.51124104437308 94.87937733245144 0.172958 0.110971 0.1829675 1.0
-184.41668277791715 148.482342692246 -999.0 -999.0 0.33383673 1.0
-169.79955833419496 153.85885760900067 -0.115426 -0.13483 0.34574613 1.0
-149.12861450644428 136.68370395956495 0.168075 -0.023618 0.29178542 1.0
-115.86302629109171 111.70403825039159 -0.114943 0.062314 0.22043599 1.0
-140.4445033091378 137.93796921553934 0.24293 -0.03865 0.2942146 1.0
-127.02888497826613 141.65210392699757 0.067112 0.081863 0.30080745 1.0
-186.97151828132996 100.9017869280695 -999.0 -999.0 0.20205234 1.0
-177.21597479439032 102.56268997480875 0.148047 -0.432554 0.20284627 1.0
-150.29276007050157 103.33179985630665 -0.198569 -0.436732 0.19958203 1.0
-195.90198479395923 146.0192660280524 -0.170874 0.116944 0.31496152 1.0
-141.36666107051715 117.37447671523802 -0.370047 0.061481 0.22901158 1.0
-131.42028642309177 114.59569666959739 -0.382516 0.084963 0.22155093 1.0
-177.7742636128244 157.54412452991002 0.030608 0.058661 0.34290963 1.0
-178.12029192619536 158.0107049810521 -0.340907 0.21514 0.34396675 1.0
-132.46909058471056 127.10879800645039 -0.08843 -0.11825 0.25501838 1.0
-125.31433547975358 127.06583745017352 -999.0 -999.0 0.2537223 1.0
-171.50067937404063 135.17452721574625 -0.327241 0.234549 0.2707929 1.0
-140.78040911988666 119.18287594009522 -0.050438 0.08303 0.22689183 1.0
-150.87190983414567 133.55444141046553 -0.354087 0.011111 0.25867313 1.0
-133.8591171554316 125.8532169579897 0.09505 -0.051964 0.23898162 1.0
-132.27224001838425 131.22273095538364 -0.081624 -0.298746 0.2522127 1.0
-125.69681951495087 138.51282590028185 -999.0 -999.0 0.26944324 1.0
-137.65945328937025 158.70831590138275 -999.0 -999.0 0.3255413 1.0
-194.01211789350506 123.92619780917627 -0.115783 0.046302 0.23840337 1.0
-153.01702740458708 110.97022493215991 0.285648 -0.218356 0.20250033 1.0
-188.771732472681 155.72616353766253 -0.069237 0.289205 0.3152891 1.0
-282.8128395320451 161.86379929345125 -0.166743 0.058872 0.34107533 1.0
-280.9666110988435 161.57686860161053 -0.042972 -0.142035 0.33892447 1.0
-280.49195341470136 162.63037750151867 -0.238204 -0.102769 0.34057912 1.0
-223.29580852177904 151.68609868277133 -0.081132 -0.032194 0.29494813 1.0
-188.39740791217864 162.30335669280188 0.146772 -0.242161 0.31990516 1.0
-156.7410387575014 140.10594878352015 0.167033 -0.159186 0.25605217 1.0
-247.4845953716573 148.0923767490394 -0.297077 0.306674 0.28490356 1.0
-179.47806722712048 110.78892381464001 -999.0 -999.0 0.19341436 1.0
-228.35218475891736 143.88517667759896 0.484946 -0.579659 0.2680409 1.0
-226.3637067861287 143.3856713282675 -0.406267 -0.120602 0.2661067 1.0
-209.82062482308632 135.69573212399956 0.129883 -0.551823 0.24868824 1.0
-264.8562575466048 172.22983487584028 0.404515 -0.280455 0.34710184 1.0
-154.5370187350213 109.9081239991043 0.028198 -0.186551 0.18614201 1.0
-199.5274131155668 147.62311901494544 0.331174 -0.222818 0.27407795 1.0
-218.07628335669162 124.33470444100632 -0.069137 0.00155 0.26735198 1.0
-197.26453274276335 116.90301345630607 -0.115787 -0.234112 0.24363263 1.0
-253.42472528927254 149.68099819702448 0.319066 -0.027338 0.35001463 1.0
-249.0180587420894 148.44263025518435 -0.207784 0.104685 0.3489276 1.0
-158.24828630427422 98.06833949117424 -0.196403 0.108986 0.19342849 1.0
-152.92410290685464 98.17993884550768 -0.226088 -0.011572 0.19392245 1.0
-195.48087907207508 133.6939914806889 -0.15722 -0.157443 0.29112858 1.0
-206.5529806295952 145.38176901236025 -0.025636 -0.038761 0.32630637 1.0
-175.85974760337857 128.80164208363587 -0.222081 0.367859 0.27006063 1.0
-170.7248685980844 126.10578244495258 0.037739 -0.025412 0.26404807 1.0
-117.343182015343 97.4510171979732 -0.309126 0.074579 0.18359771 1.0
-172.3400029910287 156.1579317072823 -0.18178 -0.014264 0.34595233 1.0
-170.8624062805483 154.86318454053895 -0.392377 0.149055 0.34757575 1.0
-122.78794316189796 148.51297062904345 -0.318349 -0.143809 0.31536037 1.0
-184.65850312585872 99.50138236095857 -0.023888 0.499749 0.19465405 1.0
-250.53866091404564 153.34534051438965 -0.462076 -0.132017 0.3417883 1.0
-120.79545731762646 98.7189080837996 0.08108 -0.047319 0.1824874 1.0
-141.7906718504252 117.15980051112491 0.031852 0.362148 0.2265505 1.0
-187.8624836072687 158.32436076632462 -0.027233 -0.027739 0.34422886 1.0
-161.19840963891133 142.41704509643625 -0.207004 -0.354192 0.2945335 1.0
-158.89063742131347 156.96863615369412 0.119336 -0.071407 0.33033434 1.0
-154.37997380861378 158.46024717237344 0.051175 0.255412 0.33554316 1.0
-197.84583224276358 143.22083104125676 -0.063933 -0.078532 0.28929073 1.0
-143.66690477425468 119.98820649266047 0.276366 -0.227665 0.22531764 1.0
-128.53793061406677 126.34623733608089 -0.113839 0.330979 0.23645999 1.0
-112.69661299364614 128.32789148592013 -0.225671 -0.084926 0.23898172 1.0
-162.13532769757387 109.19206081811451 -999.0 -999.0 0.19539872 1.0
-245.47483853529636 163.70059521684348 0.126497 -0.249057 0.34531006 1.0
-158.02294228209607 108.49276245506366 -0.018555 -0.019633 0.19432117 1.0
-150.89548651981337 107.63655249718005 -0.122254 -0.326571 0.18986566 1.0
-233.39255778302459 141.05775226926244 0.348462 0.226273 0.26900652 1.0
-259.6356395705833 170.93597405983388 -0.227251 -0.341261 0.34686604 1.0
-199.14532128609943 134.73163652245026 -0.024197 0.099837 0.24664445 1.0
-235.42558870418694 172.18499182451507 0.065339 -0.191636 0.34873435 1.0
-197.7660339122117 146.64227832990503 -0.353281 0.128508 0.27485445 1.0
-157.23591592980083 124.64863599086391 -999.0 -999.0 0.21895579 1.0
-194.20889836135515 113.72744678884453 0.456612 -0.308432 0.19605267 1.0
-267.45016634190307 156.93020050773035 0.028151 -0.149265 0.30403534 1.0
-257.05117462442337 157.03492007235235 0.170412 -0.379486 0.30358553 1.0
-259.6410702302643 167.98305415582794 0.211512 0.09229 0.32775933 1.0
-162.09615255256807 115.42024458177993 0.018176 0.152016 0.194683 1.0
-230.6557833619324 177.3692297204937 0.229485 -0.145513 0.3439172 1.0
-114.43275706583442 85.04512689508317 0.021433 -0.239988 0.19933131 1.0
-151.16851553193263 97.23016827472038 -0.049274 -0.163325 0.23099968 1.0
-125.18809855076157 80.47991409390829 0.187414 0.457948 0.18201536 1.0
-151.30444754223862 97.99383652419479 0.368007 0.113865 0.23185222 1.0
-158.05254828148716 107.92012183373555 -0.125902 0.044236 0.2632399 1.0
-149.60210568919416 118.98586432980417 0.451797 -0.146809 0.29250926 1.0
-166.6984862928263 102.15869407056663 -0.4274 0.040196 0.23692153 1.0
-181.17793960258035 122.41335589096973 -0.093587 0.012035 0.29626533 1.0
-181.79291099752484 121.23358981256119 0.449338 0.133331 0.29727936 1.0
-125.46611645576705 85.1558614373129 0.087875 0.139031 0.18280457 1.0
-202.23014419841374 137.5405301132732 0.05462 0.142767 0.3532762 1.0
-103.18572690247433 78.18511238207361 -0.532151 -0.318505 0.1629341 1.0
-154.48061278046947 127.68429754726013 0.120353 0.242241 0.31260952 1.0
-187.82484994345896 112.34303494320295 -0.060573 0.09479 0.26081288 1.0
-183.8376077881913 124.4763030021364 -0.24828 -0.107805 0.2885256 1.0
-130.7822359980911 92.77742093808189 0.207196 -0.479762 0.19562604 1.0
-174.31773871317094 124.86460526126687 0.142076 0.095483 0.2915992 1.0
-174.97673499867977 125.05039744607522 -0.058368 -0.116265 0.29383838 1.0
-176.01351640275425 125.74511394226795 0.349117 -0.616208 0.29636747 1.0
-182.2758246258984 130.99712207975614 0.278573 -0.082206 0.3085048 1.0
-174.00267636518169 124.47181549467342 -0.016978 0.250068 0.29049426 1.0
-173.21278788218294 125.18496914028685 -0.006156 0.134376 0.29269737 1.0
-172.66841129779726 125.86509328701133 -0.114868 0.244757 0.29441276 1.0
-168.55666554503983 126.35215791775647 0.2213 0.25359 0.29431894 1.0
-167.29548261436295 125.58067800514372 0.033161 -0.001072 0.29100952 1.0
-167.25450165107068 126.18639458123606 -0.126287 0.047461 0.2922288 1.0
-166.377677005585 125.85275313212873 -0.360679 -0.021224 0.29103458 1.0
-168.32947421858458 127.8145683635976 0.180967 0.125391 0.29530162 1.0
-165.42955563046792 125.83699414479709 -0.328149 0.087781 0.29043645 1.0
-163.24964931861945 124.21826938059398 -0.135015 0.094471 0.2856056 1.0
-157.31788211125604 120.53935971100795 -0.423399 -0.069955 0.2739867 1.0
-130.00339579095416 121.09543364150963 0.056614 0.130149 0.2682166 1.0
-90.13485178708059 87.70324425118778 0.074542 -0.155459 0.17549036 1.0
-124.32059530197111 125.00968192286766 -0.087218 0.087008 0.281271 1.0
-152.64236309041343 94.24819348034003 -0.077047 0.260051 0.19329654 1.0
-149.06060707584544 93.44145564184912 0.023906 -0.043461 0.1941963 1.0
-191.46991778459716 127.24780215813152 0.015312 0.100817 0.2859115 1.0
-193.74875333077887 132.27497480459678 0.025877 -0.299933 0.30498856 1.0
-156.13945244365024 108.96071278355261 0.04188 -0.053421 0.23283057 1.0
-138.41955427571844 107.40217033547538 -0.036448 -0.283013 0.22274368 1.0
-160.96406625392257 130.36852790750393 0.056813 0.027489 0.29145736 1.0
-149.50631679924476 138.62472722120262 0.211387 -0.036504 0.3135738 1.0
-147.73402841026106 96.78495458449001 0.222848 -0.085601 0.2324411 1.0
-160.16366479806143 105.81979241188546 0.096939 -0.061419 0.2642227 1.0
-142.8711717800035 94.5488158963903 0.154782 0.311545 0.22720253 1.0
-114.98793067444356 79.53285570228248 0.131057 0.228363 0.17976394 1.0
-154.19450184851598 114.17861862501795 -999.0 -999.0 0.28859377 1.0
-152.42491152884384 114.21725309853021 -0.047211 -0.449617 0.28678143 1.0
-204.22465040553953 134.18269412682824 -0.195473 0.183725 0.35625932 1.0
-201.72501240284151 134.52139504289138 -0.271444 -0.01841 0.35393226 1.0
-160.50064985832944 111.17915708248206 0.13763 -0.000517 0.26608807 1.0
-101.1451239096451 77.27707445926475 -0.061113 -0.283619 0.16337658 1.0
-98.4639859048502 81.25926647420708 0.259911 -0.204461 0.17384942 1.0
-144.4485749825578 91.43002192566784 0.419914 -0.196754 0.20005497 1.0
-207.15172332957704 131.67935700002153 0.306675 -0.156063 0.33017248 1.0
-134.0287713212207 86.52260866213172 0.04106 0.027915 0.185768 1.0
-171.1246396060668 110.98888989391331 -0.628043 0.168329 0.2545391 1.0
-195.83308975748417 133.05860503849917 -0.162982 -0.434067 0.32816234 1.0
-179.25861017968847 124.10274991764595 -0.314695 0.151617 0.29615226 1.0
-176.91564336187687 123.48459396239052 -0.24719 0.090357 0.2922319 1.0
-174.99033116846906 124.51896332481631 -0.141378 0.110961 0.2937646 1.0
-142.78231460359413 104.91155326626857 -999.0 -999.0 0.23509915 1.0
-145.41884052522695 114.16322394995747 -999.0 -999.0 0.25865266 1.0
-136.20164875961805 125.53279516776409 -0.22775 -0.360491 0.29344475 1.0
-139.6982670768317 127.35256406251706 0.16085 0.20632 0.30105186 1.0
-138.19365114915803 126.45105720030847 -0.447789 0.10407 0.2970858 1.0
-127.08308587493694 120.63871987229666 -0.066186 0.13161 0.27436557 1.0
-174.72768499743947 101.77046892878222 -0.036438 0.364792 0.22297645 1.0
-227.23007887928532 140.87558422843884 0.134605 -0.022645 0.34353852 1.0
-196.35746102433066 145.51391241707665 0.087505 -0.112399 0.3555768 1.0
-164.9330501908559 128.24574508104988 -0.103719 -0.057542 0.29411846 1.0
-171.46446566735628 133.90618679771154 0.229392 0.434637 0.31264606 1.0
-185.93753776316575 147.072259877625 0.231199 -0.276205 0.3588684 1.0
-151.1511297944234 126.6955504121588 -0.033851 -0.073901 0.2808949 1.0
-142.55871810805536 132.70742909128046 0.11207 0.270962 0.30057192 1.0
-150.82489128923612 97.09287225072038 0.19099 -0.077071 0.19690904 1.0
-215.62506709168102 141.63177109045506 0.287741 -0.032378 0.3301832 1.0
-140.21499798850536 96.76790032542924 -0.161091 -0.429069 0.19398753 1.0
-128.31980727749297 94.48550252543716 0.249525 -0.092255 0.18536861 1.0
-150.30025585586264 111.31478915706452 -0.051038 0.242974 0.23120078 1.0
-146.27060434621995 109.38360174922236 -0.480028 -0.19158 0.22593564 1.0
-142.87427414075194 115.16947184802491 -0.042601 0.148933 0.24029903 1.0
-134.32652830713604 132.395505143137 0.118364 0.190577 0.28705877 1.0
-133.81520347725058 138.29928351690063 -0.040529 -0.1608 0.3010021 1.0
-128.80835670015665 143.92011552505625 0.249385 -0.126617 0.26796937 1.0
-195.35124827573702 161.65527125497664 0.121433 0.120641 0.28892362 1.0
-200.75808741329047 185.8138120325056 -0.192009 0.1679 0.3565692 1.0
-221.40034312280895 183.56581487161068 0.033958 0.277322 0.3425837 1.0
-257.0146079456106 183.8032839587508 0.479311 -0.438578 0.33847648 1.0
-207.61645152964266 155.32168711292476 0.002053 0.047849 0.26028392 1.0
-276.98228351361723 178.54573356268952 0.08962 -0.369448 0.29773417 1.0
-271.47511832941666 185.1642609274804 -0.027574 -0.083119 0.34712023 1.0
-280.30413423794613 193.28262608271544 0.13313 0.018939 0.3479255 1.0
-122.4579000810575 165.08712784192062 -999.0 -999.0 0.35884434 1.0
-97.45994969961428 128.2769141557474 -0.214156 0.306763 0.2309915 1.0
-193.358307039103 166.12454499283544 0.259829 0.172685 0.30096984 1.0
-141.43761249659082 122.15750147772934 0.172301 0.279454 0.19745873 1.0
-186.1116578139535 167.73743203393983 0.077313 0.20534 0.29989752 1.0
-145.34896792601018 132.70640903105155 0.068444 -0.066203 0.21732809 1.0
-203.08877202909997 186.66910591669176 0.051969 -0.07859 0.3538392 1.0
-166.43683897654293 122.52771071692736 -0.143071 -0.590101 0.1944172 1.0
-165.53596667910705 121.6653296017445 0.087444 -0.079191 0.19381952 1.0
-205.15269838392402 151.66505645915805 0.273235 0.026498 0.26072446 1.0
-186.8286256047642 141.95285641790366 -0.229524 0.26125 0.23546362 1.0
-276.04995627629023 189.57756052076633 -0.535389 -0.012355 0.34853575 1.0
-209.8641654009024 152.01212687636763 -0.35243 -0.290178 0.250594 1.0
-209.12352058233813 156.14493307533482 -0.053809 -0.095609 0.25986275 1.0
-263.3539546840592 171.61474738714455 -0.406673 -0.222228 0.29283193 1.0
-257.74666046439387 169.86141684329306 -0.089452 0.220712 0.28607616 1.0
-161.28623049081926 128.77781138619847 0.0321 0.044228 0.2092932 1.0
-154.47710356778728 132.52065547887392 0.083373 0.237997 0.2138752 1.0
-154.56101505616985 132.79618958239124 -0.181646 0.061214 0.21464948 1.0
-151.15182619663642 135.59499166165912 0.026447 -0.217874 0.22044541 1.0
-192.79464003268217 132.26530182528774 0.178276 0.081336 0.21537073 1.0
-263.01111107067896 189.17324583491998 -0.198454 0.030572 0.34821096 1.0
-263.9861077484247 190.38474818870904 -0.200342 -0.386471 0.3522616 1.0
-255.29889719001625 186.95710240128403 -0.012707 0.089345 0.34039086 1.0
-166.8071209271344 123.59694299322821 0.191066 -0.126497 0.19411416 1.0
-220.18140335349304 164.62382329378167 0.214542 0.21191 0.27588373 1.0
-110.54573256377516 149.28225043683705 0.321956 -0.399693 0.32196695 1.0
-75.75250683807243 97.45958556726983 0.031927 0.336711 0.17526713 1.0
-127.85061372511903 160.11852675187365 0.231429 0.034574 0.3287786 1.0
-126.67343638064385 158.5014623486208 0.491522 0.072514 0.32501423 1.0
-126.93240166021421 158.88025579898468 -0.669021 0.073872 0.32675734 1.0
-92.4309682345976 125.58927046763807 0.262335 -0.307641 0.23266956 1.0
-126.50254132873913 129.78919808527795 -0.063169 -0.295691 0.23754302 1.0
-130.82176158059596 134.27240073258173 0.167087 0.186027 0.25171643 1.0
-128.4217928741207 143.1880075192406 -0.109704 -0.018582 0.2678738 1.0
-144.29545561764942 160.79661444865454 -0.058154 0.111043 0.3218625 1.0
-144.53407341402811 175.01424245023847 -0.279492 0.27158 0.35843834 1.0
-102.33931024129 130.1883941403609 0.276045 -0.157867 0.23434073 1.0
-100.59612261959956 130.40116632678996 -0.282382 -0.048854 0.23469448 1.0
-98.00514214791886 133.54795209925808 -0.156263 -0.093358 0.24572247 1.0
-110.48687596867514 105.52278284034176 0.01743 0.314869 0.17622739 1.0
-84.49533041194637 105.01207001315025 -0.085716 0.118263 0.17378859 1.0
-105.15970298747963 148.34624413358858 -0.440933 -0.013707 0.31147882 1.0
-121.68666863850885 147.8611562938991 0.305122 0.17411 0.30294636 1.0
-101.74144578030058 127.08777431843812 0.101528 -0.334446 0.24274719 1.0
-76.82928069000195 101.92165780545645 0.084993 -0.041205 0.18162535 1.0
-111.03131501757463 149.9822381681527 0.268747 0.053492 0.3060926 1.0
-102.81306421942617 125.87838196499403 0.096526 -0.378313 0.23151936 1.0
-131.90018307020415 162.39954389212994 0.329202 0.145459 0.32562456 1.0
-102.11307274162161 132.2169212897292 -0.194298 0.082751 0.24323674 1.0
-125.92945799043402 136.71394435461093 0.045804 0.157635 0.23896639 1.0
-196.08764113723328 198.10628322535788 -0.077151 -0.12706 0.25851688 1.0
-249.42543522278913 200.78654347256392 0.120137 -0.038809 0.32306284 1.0
-244.98514058644406 215.32082056865246 -0.424135 -0.558372 0.35052666 1.0
-176.68064375099598 174.486223658003 -0.282804 0.279824 0.25726822 1.0
-178.9958844551464 197.9875543502526 0.211644 0.620376 0.30338532 1.0
-149.08475163063926 187.87846929740564 -0.054874 0.358724 0.26781005 1.0
-148.7051277925263 197.99191176767948 -999.0 -999.0 0.28960958 1.0
-251.1434000554708 204.17769027785056 -999.0 -999.0 0.3088722 1.0
-226.6113984007379 204.59520480092525 0.166591 -0.126296 0.28457066 1.0
-242.2611472734775 227.2920850244931 0.601696 0.501901 0.32855502 1.0
-187.39006722458868 195.3046228935059 0.216702 -0.055744 0.26280555 1.0
-210.05400363014783 228.7136334430843 -0.177029 0.181327 0.32744807 1.0
-201.99265652312192 204.30179421660014 0.456187 -0.0556 0.27279735 1.0
-278.5566078548073 201.12809540575915 0.541103 -0.134778 0.33131552 1.0
-279.85782673149237 206.07571220160867 0.2086 0.052353 0.34222385 1.0
-213.14974050792353 174.27214172183594 -0.437337 -0.428365 0.26644337 1.0
-174.04140268574167 159.50206287589265 -0.149409 0.253969 0.23351476 1.0
-271.8161365188835 217.88499051886487 -0.129029 -0.402759 0.35952708 1.0
-151.69158497501752 183.07912612227452 -0.029566 0.120575 0.26311722 1.0
-186.43441655703643 188.69218725117253 -0.078995 0.283455 0.27060542 1.0
-169.5579826906768 200.75505448351478 0.111447 0.107078 0.29206026 1.0
-129.51808419369 156.73270978408976 -0.004452 -0.22242 0.20914502 1.0
-150.43351067751462 207.52473475105324 -0.514076 0.348903 0.30626652 1.0
-218.8499301616648 204.68011134946394 -0.029104 0.154406 0.29908344 1.0
-173.0945929931408 190.79640129739607 0.549381 -0.115703 0.26365405 1.0
-196.0572885612037 232.38828494046157 -0.130789 -0.436351 0.34854507 1.0
-169.73600301543541 197.077673943488 0.026467 -0.276229 0.2690376 1.0
-203.89041061833916 238.67223514432445 0.672761 -0.44103 0.35642356 1.0
-229.8476838493547 243.50375193978346 0.273168 0.023989 0.35828146 1.0
-126.47056395131432 143.81543832208186 -0.057129 -0.24415 0.236613 1.0
-145.14338350103884 191.7784139150355 -0.348406 -0.242266 0.3579969 1.0
-113.5016140717201 178.86995246733545 -0.341094 0.395863 0.32090154 1.0
-94.07496962605605 192.96864517154987 -0.29799 -0.038582 0.35119224 1.0
-117.56585209475125 179.23934792687007 -999.0 -999.0 0.29830658 1.0
-206.19264948454844 164.9296409344865 0.014566 -0.081547 0.26043177 1.0
-236.13822626701844 207.2984309453121 0.637395 -0.006121 0.35565168 1.0
-235.92299879225536 207.26454004776446 -999.0 -999.0 0.35492584 1.0
-212.49198437050467 204.36135634040195 0.045592 0.173492 0.34378847 1.0
-168.32341845512155 205.41132243325762 0.190173 0.183986 0.3412014 1.0
-132.05605145444085 181.32962725367042 0.230817 0.152154 0.2804799 1.0
-162.34695857831306 172.9978829587624 0.436335 -0.156471 0.26030976 1.0
-178.02883784576125 183.47502291453029 -0.005995 0.118262 0.3332844 1.0
-149.59063121936302 176.06653984819494 0.079564 0.038652 0.30729654 1.0
-142.72707881769202 180.10432216169585 0.058523 0.006521 0.3172253 1.0
-93.14843697393034 173.1123563175925 0.162605 0.181231 0.29316264 1.0
-211.39834838865508 179.6600896190179 0.130222 0.023098 0.31651536 1.0
-93.31694541682006 141.3477426497018 -0.151296 -0.224993 0.21979436 1.0
-145.8550199960113 201.54610147883685 -0.053567 -0.016863 0.3458146 1.0
-125.20859993588499 179.43425735252652 -0.227181 0.429611 0.2929166 1.0
-251.52232299615932 194.7234249307679 -0.544394 -0.204605 0.3378357 1.0
-237.1290960621017 199.5098650706438 0.137326 0.02562 0.34534347 1.0
-194.66783141162858 202.33453161005028 -0.24673 0.150837 0.34168407 1.0
-146.16267974161704 166.81288094234884 0.295702 0.088213 0.25568393 1.0
-254.03014941173507 174.44639361764237 -999.0 -999.0 0.28367385 1.0
-230.96217354873053 160.62528806531387 0.074038 -0.087595 0.251817 1.0
-282.35158842326786 201.3472613897086 -0.237315 -0.098695 0.34706223 1.0
-83.51156952188629 154.08285008116985 -0.774218 0.095698 0.29544044 1.0
-98.8817918842353 176.61743338791686 -0.160448 -0.068486 0.34389615 1.0
-95.5252199478858 153.70149155113302 -0.053444 0.336492 0.31315896 1.0
-92.88875013967468 156.79386188416777 -0.228973 -0.256428 0.30995604 1.0
-77.87885660029488 157.04186981069756 0.354895 -0.111485 0.29185343 1.0
-115.37730000504725 154.87328714233416 0.030115 0.06702 0.2804017 1.0
-147.30611149533803 176.70203280732227 0.023277 0.195448 0.32828516 1.0
-144.3623929883693 175.5505289628772 0.090696 0.062383 0.32828 1.0
-233.6801676782858 235.17984334026877 0.191181 -0.080996 0.33259818 1.0
-284.42962650669654 205.60026108301685 -999.0 -999.0 0.3393418 1.0
-206.86115474061847 153.94675049942248 -0.50681 0.685324 0.2249995 1.0
-197.4743967229118 154.8063540724331 -0.116935 -0.009796 0.22454856 1.0
-207.55016589694873 162.8187097249533 0.061516 0.407958 0.24145938 1.0
-170.58404331161688 140.64939555544447 -0.207156 -0.036578 0.19740282 1.0
-129.82387554120228 155.05267219009482 -999.0 -999.0 0.2152509 1.0
-258.6996307239191 198.9581508136141 -0.283981 0.159578 0.3094515 1.0
-203.4536889350428 158.11607812060987 -0.074363 -0.201136 0.22320913 1.0
-225.28785115343044 185.20459919271897 0.094538 -0.159381 0.2774012 1.0
-174.3170366952705 147.51929513141573 -0.284715 -0.018394 0.20206308 1.0
-244.03560803674063 220.8169406635749 -999.0 -999.0 0.34859943 1.0
-141.60183145966718 130.85651109693865 -999.0 -999.0 0.17171834 1.0
-183.31911829545012 184.0931348589076 -0.093104 -0.198224 0.26784995 1.0
-181.87845819917405 183.22292081500748 -0.269414 0.025481 0.2667259 1.0
-177.5517865118794 183.89376755597942 0.531138 0.298382 0.26414838 1.0
-112.88860756167584 132.8406624891676 0.290831 0.136517 0.17329347 1.0
-268.6154505547201 215.06858521450445 -0.009714 -0.020334 0.33456272 1.0
-246.67848478939564 197.9359140608826 0.15975 0.432576 0.29448542 1.0
-220.04569984375516 217.28821011645135 -999.0 -999.0 0.33017057 1.0
-161.92285474945697 171.34836169949332 -999.0 -999.0 0.23495983 1.0
-159.31330189313445 173.39281912738662 -0.059019 -0.130604 0.23590925 1.0
-146.19065867709716 158.16184937847444 -0.347704 -0.061766 0.20985053 1.0
-263.52647149202863 222.09985518206523 -0.186134 0.143761 0.3369613 1.0
-210.6045554668192 233.6495524351956 -0.512839 -0.078912 0.34915206 1.0
-259.52261743854785 238.62339203439586 0.236286 0.106092 0.35423502 1.0
-238.9337393127578 226.43135730665773 0.073532 -0.138549 0.32833606 1.0
-235.91196420967708 223.85134014144998 -0.369199 0.211121 0.32515943 1.0
-238.1548439790284 232.2222133452471 0.086973 0.015195 0.34157547 1.0
-155.80936953591763 163.88220359539022 0.426371 0.004419 0.20972559 1.0
-176.95810290067675 197.12010022684902 -0.059595 -0.118919 0.2638314 1.0
-244.4064837645201 239.7449870276474 -0.168754 0.084557 0.3442009 1.0
-210.36870393408716 171.8504366465358 0.129453 -0.211783 0.26127553 1.0
-154.8232501469541 173.3320330824127 -0.10784 -0.025004 0.25509876 1.0
-144.18973359005577 174.8524943804619 0.184669 0.305886 0.2572461 1.0
-181.91655558589505 138.5786787701195 0.079742 0.003004 0.19352408 1.0
-198.93343106060385 155.03641663718827 -0.071012 -0.44732 0.22021087 1.0
-233.16287287500043 182.9367608551471 -0.082765 0.113845 0.2750339 1.0
-265.8244147735211 209.62996368337085 -0.050994 0.213147 0.33607993 1.0
-192.7616064061476 180.79938127670204 0.05076 0.142246 0.26551676 1.0
-190.753676581657 224.5903259980412 0.426462 -0.024688 0.3562608 1.0
-180.8238441961981 139.78477372533445 0.03014 0.086908 0.18837665 1.0
-235.94358709397622 186.31666977214596 0.128153 0.128026 0.2759018 1.0
-173.36934402967708 163.7393604717362 -0.250926 -0.356998 0.22578387 1.0
-217.78056866925112 215.55027831595135 -0.235016 -0.223547 0.32743177 1.0
-183.8820108959019 185.5596722209115 -0.044088 0.268439 0.26417592 1.0
-182.93264569293117 186.7107630274977 -0.015954 -0.050262 0.26702142 1.0
-152.56361131825662 160.63140849706508 0.199189 0.253393 0.21735013 1.0
-162.25900380059127 170.23267946845857 -999.0 -999.0 0.23458867 1.0
-188.1991937531498 209.6876597708815 0.240752 -0.088322 0.3150853 1.0
-110.45778845733282 136.05232634550907 -0.251149 0.166802 0.17396183 1.0
-254.5804139195273 210.55026688540764 -0.025753 -0.034033 0.31566986 1.0
-255.9576495445903 212.20041682398696 0.163664 0.085366 0.31952965 1.0
-240.54352470467884 202.39885177534637 -0.077666 0.113225 0.29720354 1.0
-231.020686520836 204.5310026701352 -0.062429 0.172925 0.29879156 1.0
-254.5865845774751 231.96323140178998 0.341769 0.560877 0.35794708 1.0
-229.96827034668073 219.39015281522953 0.061318 -0.211981 0.3286165 1.0
-229.33505673373446 228.54822796479547 -0.296972 0.095824 0.3460705 1.0
-183.59870259749653 189.3044403696604 -0.013536 -0.109599 0.2643683 1.0
-163.88432199371832 172.997160663361 0.056768 -0.283719 0.23324575 1.0
-221.71916516060992 211.07601104216292 -0.180074 0.364408 0.30272976 1.0
-138.59602336375906 135.64140943830805 0.441294 0.364162 0.16788946 1.0
-191.05860439199728 194.14095033176204 0.083468 0.06013 0.2643064 1.0
-185.74449681586722 194.43764247689174 0.363547 -0.73307 0.26363277 1.0
-163.73254219045975 175.3377096986828 0.1178 -0.252312 0.23080032 1.0
-170.61979389695998 175.8712428705233 0.176111 0.127944 0.2260103 1.0
-146.59198293950482 146.25465160847622 -0.249628 0.109936 0.24814087 1.0
-124.49337833775114 143.139634790508 -0.195556 -0.173993 0.23630382 1.0
-107.58615090326524 131.13253898624276 -0.044998 0.126372 0.20919028 1.0
-151.0597601208138 193.34690717338134 -0.213139 -0.001708 0.35992476 1.0
-77.99946531665202 146.65945926492316 -0.306574 0.421289 0.24108812 1.0
-163.173824494133 130.54726630093455 -0.311883 0.161043 0.20961316 1.0
-159.99341670305685 165.95377580795665 0.276688 -0.186487 0.28081018 1.0
-91.57986077055853 110.9314557638349 0.359392 -0.260883 0.16505092 1.0
-146.52086307186408 178.5469581172805 -0.048315 0.389004 0.30804902 1.0
-97.81080038808999 139.83235192118033 -0.217842 0.162482 0.21919602 1.0
-109.48690178999814 170.18862473493425 0.226831 -0.50373 0.28533724 1.0
-109.14896085402839 169.55647345280508 -0.431287 -0.313293 0.28538254 1.0
-109.76744558528235 175.33121683041938 -0.054689 -0.341378 0.29852822 1.0
-107.38779686053645 170.41686178017363 0.110813 -0.141733 0.28391555 1.0
-114.53405306264074 189.43916224733837 -0.046054 -0.010536 0.3312414 1.0
-95.99930690458147 190.8071118655667 -0.070597 -0.137523 0.3360237 1.0
-91.87314724532874 189.31716044174925 -0.046394 0.014161 0.33248237 1.0
-243.98365314414465 193.0542837890941 -0.441552 -0.619326 0.34896788 1.0
-238.80083816416783 194.6222968755641 -0.398126 0.069085 0.3495662 1.0
-144.19082737562695 119.95024273220216 0.253038 -0.123544 0.18284376 1.0
-161.43012523171438 135.673081696696 0.258565 -0.559891 0.21194574 1.0
-169.94080813940548 152.26460839677137 0.073874 -0.023921 0.24499086 1.0
-156.03696127357932 151.2142437796342 0.115943 0.095925 0.2392927 1.0
-121.32570095695732 124.94228789646247 -0.028433 0.072884 0.1859604 1.0
-176.28416846852647 195.4603244317564 -0.010105 -0.092316 0.34071264 1.0
-168.0447491261485 194.8676297222103 0.160882 0.267919 0.34107053 1.0
-106.05621125975951 131.2003824496852 0.143368 0.138489 0.19673052 1.0
-117.14515138332905 180.13375359192426 0.208723 0.171799 0.29649115 1.0
-110.85633827393355 201.82154716115087 -999.0 -999.0 0.35304826 1.0
-97.17418989982338 177.48549585546203 -999.0 -999.0 0.29179725 1.0
-287.9773851887342 198.08454874560593 -0.034627 -0.149412 0.35636365 1.0
-179.69002774267838 137.66418449507074 -0.235887 0.209171 0.21251646 1.0
-139.65653501542857 118.90454969966817 -0.091673 -0.078666 0.17252424 1.0
-153.7567907704059 140.75746413832314 -0.327157 -0.259593 0.21169178 1.0
-168.42977071827892 167.0556332718532 -0.246516 0.187057 0.266067 1.0
-169.41560084755508 168.25349545938315 -0.271115 -0.14276 0.268186 1.0
-184.24832443732555 188.59443376989003 0.312024 0.01008 0.3121539 1.0
-128.8889456434804 134.80169793467346 -0.135538 -0.242639 0.19877033 1.0
-128.61204023818073 135.15357533224346 0.017251 0.000994 0.19966397 1.0
-130.7517830719923 205.28041461304198 -0.369866 0.241333 0.34602255 1.0
-107.91941948502523 178.21008945006787 -0.018166 -0.322059 0.28043088 1.0
-255.7181827180608 172.80147755480053 -0.053103 -0.10931 0.28521207 1.0
-290.50501304055604 202.60386808522034 -0.175411 -0.551211 0.3582765 1.0
-248.9475411329463 183.2783344642178 -0.000235 -0.128038 0.30459175 1.0
-168.34931747190205 132.38823768918115 0.151408 -0.05285 0.194892 1.0
-187.01529753149296 152.5982146524213 -0.043511 0.196531 0.23236914 1.0
-160.76487186334774 139.7654099954485 -0.070898 0.054563 0.20695293 1.0
-140.854453755708 123.8669306097076 0.028347 0.03898 0.17682399 1.0
-228.39621895936105 203.15517875445985 0.204847 0.342917 0.3427391 1.0
-210.12638815841424 204.22157497284815 -0.00825 0.294809 0.3446933 1.0
-154.22483947909413 168.55485223478763 -0.001092 0.004201 0.25711092 1.0
-184.37295240287474 203.95542249570767 -0.313661 0.018326 0.33879396 1.0
-136.75166864826426 165.2839405239073 -0.269784 0.004551 0.2504476 1.0
-86.6133096177496 138.13229993819357 -0.193834 -0.115564 0.19344263 1.0
-206.93003069008995 170.16296365538955 -0.172975 -0.021447 0.25888526 1.0
-218.40665081664375 210.342688142708 0.23201 -0.150041 0.34576914 1.0
-167.7440185948627 202.53610586874996 0.044371 -0.219151 0.32121444 1.0
-106.34523737834591 183.6901037514357 -0.053722 0.111763 0.27385235 1.0
-105.64999803694447 183.38368194770229 -0.062431 0.2239 0.2736011 1.0
-124.30142678691446 140.62992290254937 -0.16743 -0.165557 0.23432697 1.0
-106.83974954025753 121.73338992975414 -0.663454 0.362528 0.19460642 1.0
-116.90582749308754 133.87495778456574 -999.0 -999.0 0.22063513 1.0
-148.3307370440735 185.74116018745795 -0.274237 -0.338368 0.3480298 1.0
-137.8632852707321 173.48728297008444 0.493085 -0.5008 0.314414 1.0
-136.83014528619273 173.73001554912747 -0.3965 0.173887 0.31331864 1.0
-118.74072664111591 177.5920379909368 -0.00105 0.029354 0.31956095 1.0
-114.93523390305637 175.90088452246826 0.011916 -0.025419 0.31925595 1.0
-77.58679133199338 140.16131217628904 0.115652 -0.128733 0.23041034 1.0
-151.98195434535768 150.1147137559797 0.026088 0.108249 0.25135067 1.0
-149.04862494465564 172.99661571906523 0.06338 0.010877 0.29904935 1.0
-140.8090647608576 179.40411384202963 0.25102 0.148196 0.3166085 1.0
-138.05186273235083 180.50518432918375 -0.027833 0.183864 0.31719068 1.0
-137.9448588074024 180.35539036245152 -999.0 -999.0 0.31757283 1.0
-142.08576465996353 192.61658681523826 -0.294673 0.327484 0.35056895 1.0
-123.68332064489684 185.6343757074701 0.115907 0.080629 0.3310754 1.0
-90.4422074647353 145.49339320323452 -0.123041 0.615608 0.23514214 1.0
-106.8626232549455 173.8193651715997 0.137538 0.136289 0.29766697 1.0
-101.75526852368337 172.6616868066739 0.600304 0.127899 0.29558352 1.0
-101.69556297300491 174.15941624181798 -0.026431 0.647002 0.29702953 1.0
-93.4484815588649 172.60062434082278 0.103905 0.209237 0.29340643 1.0
-89.29101193521461 169.91094023592677 0.025224 0.117878 0.28911826 1.0
-163.76318476821677 133.8733854500088 -0.772317 0.431302 0.21091227 1.0
-219.95242629444107 193.36025499579142 -0.145965 0.115983 0.34825847 1.0
-217.64296675316595 191.31392571555966 -0.164026 -0.121539 0.34843254 1.0
-108.0657097353503 128.7321321647625 -0.026342 0.012858 0.19617715 1.0
-142.82988383981723 177.30984911532087 -999.0 -999.0 0.3002296 1.0
-80.30028487658758 122.58484947279027 0.393613 0.027986 0.18286686 1.0
-127.68039578417772 198.6904107843177 -0.263152 -0.237001 0.35081154 1.0
-109.1796672274988 172.61412973920218 -999.0 -999.0 0.2833473 1.0
-70.62604872935489 142.55402762448125 -0.224508 0.238634 0.2188064 1.0
-224.8903544795473 200.33337169952875 0.120116 -0.132628 0.3552713 1.0
-178.08534009986016 167.01534074933835 -0.108558 -0.0392 0.26936698 1.0
-167.12871215556987 158.9992153671864 0.26308 -0.224739 0.25323853 1.0
-207.61074456368252 197.18014701290983 -999.0 -999.0 0.3450006 1.0
-168.8048204724021 167.85391002215934 -0.063702 0.098476 0.27397272 1.0
-120.76570933729666 126.64559167969976 0.585886 0.123005 0.18635496 1.0
-140.80785998381708 199.6975057992386 -0.303313 -0.087637 0.34322065 1.0
-109.38397375440226 156.68393864201286 -0.122582 0.384566 0.24177477 1.0
-174.37988699619711 125.72951870296012 -0.158887 0.286095 0.18834515 1.0
-189.29650627326163 151.55417108317405 -999.0 -999.0 0.23300044 1.0
-252.76260800552606 204.8291541433259 0.166381 0.00443 0.35762632 1.0
-172.8737999136275 162.85963473167257 -0.071707 -0.253011 0.25436994 1.0
-174.0788206325479 172.78524406572626 0.094039 -0.100165 0.27550897 1.0
-188.19015066236864 201.030287852384 -0.164663 0.21105 0.34004626 1.0
-80.12421797142505 134.76872354863826 0.141586 0.239527 0.19203873 1.0
-252.0414319361094 176.85310487930815 0.175209 0.08952 0.28376472 1.0
-253.9095783051786 185.95949995980618 0.080787 -0.205548 0.3052087 1.0
-170.70502794468285 131.36711784550423 0.119734 -0.033955 0.19029744 1.0
-165.42474011257576 138.72224997043145 0.230919 -0.052239 0.20220552 1.0
-138.9670010733252 124.15113266943439 -0.073567 0.008912 0.17476678 1.0
-212.67497949070264 206.31801588682643 0.220478 -0.154351 0.344572 1.0
-171.81141935236784 185.60758500255093 -0.176553 -0.069549 0.29021016 1.0
-177.93801855215878 189.23083114138007 -0.110419 -0.351835 0.29837677 1.0
-191.7464093624811 205.9780228747835 0.157979 0.140349 0.3371223 1.0
-176.02550058218102 192.47174059244412 0.091324 0.077812 0.30446303 1.0
-162.4252568112937 200.0524137040424 0.011598 0.135685 0.32013056 1.0
-113.33080063626556 147.96166486851183 -0.082352 0.012727 0.21040635 1.0
-106.50142029333945 149.63443687933693 0.127361 0.07281 0.31059316 1.0
-85.59954341041238 130.59336699866827 -0.11943 -0.223705 0.24515069 1.0
-59.35932538748644 101.74366427254543 -999.0 -999.0 0.17866826 1.0
-71.01362508451876 125.14289270030038 -0.222341 0.027552 0.23045793 1.0
-120.50786342197095 166.57473738557712 -0.0069 0.048254 0.32938516 1.0
-101.05600314957462 160.32308477140327 -0.242196 -0.055476 0.3103931 1.0
-81.35215228246712 155.6020416050985 0.180018 0.154068 0.29632655 1.0
-65.15025264961359 130.2492084157257 0.061755 0.081579 0.23390242 1.0
-129.2033001738599 170.07977171350245 -0.061259 0.194026 0.32661226 1.0
-128.1997377524598 169.69864691808414 0.205535 -0.043336 0.32532787 1.0
-102.3221741849007 138.1798080809746 0.089251 0.18245 0.24438909 1.0
-116.17518144194784 170.14547709323583 0.265603 -0.227826 0.32967868 1.0
-115.77375931609353 170.19980982970748 0.13012 -0.071799 0.32746848 1.0
-116.65002462216093 172.06138533913477 0.753325 0.010608 0.3313978 1.0
-117.17000399830204 172.86101397238352 -0.082605 -0.201655 0.33426642 1.0
-84.94693538851674 138.4144685407097 0.017467 0.004159 0.24507524 1.0
-87.36638904480363 156.88406139288455 0.030581 0.104941 0.28749508 1.0
-71.11456969257823 139.13167309316904 0.122818 -0.133009 0.24528165 1.0
-87.35772415614181 174.3273812907353 0.254236 0.128004 0.334438 1.0
-88.05147180065582 103.092171401649 0.338171 -0.182778 0.16507916 1.0
-130.62188799334814 169.5991611202534 0.019126 0.028186 0.31241757 1.0
-102.05383611282801 141.4419625788297 0.061724 0.149057 0.24286471 1.0
-79.30105618285569 122.25956379184004 -0.016231 0.537833 0.20008071 1.0
-89.74243238070272 131.91867387407916 -0.354272 0.096373 0.24578659 1.0
-90.12168739791959 164.5809445193565 -0.055407 0.040524 0.32884464 1.0
-116.4822092504996 169.34124135662924 -0.407742 -0.046499 0.33202863 1.0
-94.24191079317649 141.10698107628792 -0.005297 -0.159581 0.2556541 1.0
-112.48159870559621 168.82523964534457 0.095689 -0.344868 0.32940632 1.0
-74.56727816897077 124.46755542662956 0.240918 0.024322 0.21499993 1.0
-101.35843559743874 166.0155629062762 -0.013794 0.256705 0.3189846 1.0
-96.48958290620635 178.0379551488757 0.124777 0.151463 0.35573825 1.0
-67.32862197611563 131.70491016620272 0.082655 0.329514 0.2339641 1.0
-79.08909745373727 158.7561525840805 -0.04774 0.052186 0.29690516 1.0
-113.39552816466335 111.65552214170478 -999.0 -999.0 0.1874336 1.0
-145.36846133539157 180.92554691400048 0.04879 0.098 0.3514994 1.0
-110.01340770483495 140.82390017747943 0.068148 0.044948 0.24944758 1.0
-106.4310604069158 176.30374672843985 -0.311574 0.137944 0.33809662 1.0
-57.975176171998434 114.02487190191691 -0.465333 -0.66358 0.18442297 1.0
-146.38055639713184 171.24787629968074 0.201545 0.262669 0.31388268 1.0
-87.0150495724662 163.23248130261993 0.069099 0.071169 0.28911057 1.0
