X Y e1 e2 Z WEIGHT_SEEING
542.3215308106486 -351.012632729284 -999.0 -999.0 0.32683694 1.0
586.9050422467818 -360.5668696863266 -999.0 -999.0 0.3420639 1.0
464.91937379452094 -283.4439097423845 -999.0 -999.0 0.24178492 1.0
625.3140611610096 -364.16023084677903 -999.0 -999.0 0.34538034 1.0
579.2276181049383 -356.67615620692663 -999.0 -999.0 0.34149814 1.0
577.85259067575 -351.17648998276053 -999.0 -999.0 0.33428493 1.0
486.16954909121284 -293.11564048409303 -999.0 -999.0 0.25937098 1.0
610.2722516699487 -361.28689121673875 -999.0 -999.0 0.35032204 1.0
569.606176583073 -336.7966050425156 -999.0 -999.0 0.31348032 1.0
572.0202672372425 -333.3071058346943 -999.0 -999.0 0.31133083 1.0
626.1077394207848 -363.0765628597089 -999.0 -999.0 0.35268527 1.0
540.6125901007747 -346.4943199287285 -0.292516 -0.054597 0.3355428 1.0
585.4864791978715 -350.7101923417845 -0.188622 0.109364 0.34142247 1.0
580.1373448413917 -339.8228761376467 0.261303 0.091614 0.33234122 1.0
607.3796128149495 -351.2443449045912 -999.0 -999.0 0.34972906 1.0
598.2341939214624 -342.54781596049537 -999.0 -999.0 0.33539593 1.0
550.58870381429 -309.03835678687614 -999.0 -999.0 0.2900577 1.0
416.9912411075297 -273.5974370363759 0.174302 0.456964 0.23228486 1.0
537.739162021593 -312.40990556975515 -999.0 -999.0 0.27961558 1.0
513.8957430608828 -315.8787959721297 -0.010272 -0.01929 0.29068252 1.0
595.4617431182274 -362.05443969395856 -999.0 -999.0 0.35362363 1.0
568.4371130989081 -325.0945748374567 -999.0 -999.0 0.3099005 1.0
539.710062371934 -340.8504113607529 -0.030785 -0.278836 0.33893335 1.0
532.0758692298583 -325.9074288200942 0.100894 0.203322 0.31794378 1.0
540.3998991782244 -329.8146006436926 -0.526553 0.199261 0.33084166 1.0
503.5477518182236 -304.0556672684858 0.024149 0.021238 0.29218486 1.0
572.1659043949578 -338.84684719525063 -0.067261 -0.087904 0.3445628 1.0
584.1058747121966 -332.3435153680452 0.027054 0.122084 0.33348328 1.0
594.7211776240038 -329.38452696209436 0.0682 0.430527 0.3342328 1.0
622.8364587812899 -336.97215964834174 -999.0 -999.0 0.34773862 1.0
534.4666297338271 -303.2882028331176 -0.184565 -0.15954 0.30524117 1.0
548.320247408649 -307.17401767000956 0.036748 -0.033102 0.31090483 1.0
506.51003786416425 -279.02722614039743 -0.130862 0.145242 0.27043298 1.0
437.86553572385566 -231.85728469452616 -999.0 -999.0 0.20941679 1.0
555.9785243752893 -329.40700580045035 0.4618 0.316272 0.35282215 1.0
501.05139619720876 -258.9503515203 -999.0 -999.0 0.24877225 1.0
525.4782338772894 -295.51041621331103 -0.076395 0.158894 0.30649132 1.0
480.72470436633034 -242.49554249253643 -999.0 -999.0 0.22849785 1.0
608.1367585933583 -312.2719911371127 0.019593 0.24909 0.33416656 1.0
596.9504442267878 -304.1517624633474 -999.0 -999.0 0.30641532 1.0
459.5282880643654 -233.49012766797395 -999.0 -999.0 0.21372958 1.0
459.22375158007145 -232.6008313707818 -999.0 -999.0 0.21350884 1.0
503.6178962098674 -288.80274438088486 0.100821 0.127047 0.29979533 1.0
562.2260251285779 -317.72725960118834 -0.095918 -0.470065 0.34570095 1.0
553.5221496975693 -311.0355452155127 0.10388 0.044762 0.3316554 1.0
563.3606597162913 -314.2448188871002 -0.074215 0.351536 0.3382547 1.0
569.665227716672 -313.72784697631084 0.144944 -0.448398 0.33845264 1.0
581.2518790314401 -313.57555733646217 -0.216223 -0.010017 0.33563924 1.0
417.7914528444305 -221.9029558827397 -0.475505 0.466572 0.20740268 1.0
598.2585579521567 -314.88149984469317 -0.136163 -0.189246 0.33746225 1.0
482.2702302540143 -291.94793400184 0.64149 -0.175887 0.27488562 1.0
537.3322171072217 -324.77088325937154 0.078807 0.141407 0.31727445 1.0
590.8678787164346 -350.4710226053774 -0.229971 0.196761 0.3578308 1.0
535.7795266357009 -312.9809461261787 -0.300353 0.528364 0.3020931 1.0
540.3442991048422 -308.2904965339113 -999.0 -999.0 0.2944952 1.0
538.8114505732087 -307.333473924109 -999.0 -999.0 0.29314628 1.0
457.2814833810103 -257.89111188392127 -999.0 -999.0 0.23037079 1.0
516.1715695493683 -316.30258710352314 -0.049716 -0.454343 0.31596145 1.0
526.585874227832 -319.60370156739015 -0.342738 0.558185 0.31824237 1.0
551.940983152252 -330.4783613220643 -0.076987 0.00033 0.3356555 1.0
532.3408150497 -310.89502401289457 0.036149 -0.188682 0.3062873 1.0
604.9573689903186 -345.27619712966845 -999.0 -999.0 0.3551322 1.0
584.6879217807141 -330.70081190161 -0.319997 0.137795 0.33405453 1.0
518.3606906930004 -305.1396392034557 0.127641 -0.313103 0.30557087 1.0
514.7253694528979 -301.69458540890844 -0.34298 -0.509763 0.30008698 1.0
479.29238878762516 -283.25591475699446 0.037227 -0.279738 0.2797618 1.0
582.5302113559009 -330.5972283112542 0.160666 0.170478 0.3487806 1.0
622.5776918071057 -331.7402257541849 -0.111418 0.056708 0.3526792 1.0
505.6058573462757 -263.4777069288055 -999.0 -999.0 0.25171477 1.0
439.6769513389834 -226.2579845866051 -999.0 -999.0 0.20520516 1.0
515.5142927938009 -298.30720527756085 -0.111586 -0.044863 0.30912092 1.0
515.8247646496696 -296.8653867648332 0.11681 -0.100599 0.30773872 1.0
522.9745563396975 -302.26373171366316 -0.050373 -0.32127 0.3140815 1.0
540.1733858900832 -288.27816817180246 0.043331 -0.134331 0.29348913 1.0
570.2955056663674 -301.0506985764056 -0.026778 0.020036 0.31190145 1.0
606.4380530128507 -319.66512615159616 -0.105177 -0.162694 0.340786 1.0
503.986970350651 -256.43875706803306 -999.0 -999.0 0.24819693 1.0
475.02142212492873 -310.3520590911956 -999.0 -999.0 0.26649022 1.0
593.2986154753125 -375.2703666038465 -999.0 -999.0 0.35695377 1.0
589.588265363997 -361.63352969872864 -999.0 -999.0 0.33950064 1.0
558.5284201214986 -336.80253237716545 -999.0 -999.0 0.29825184 1.0
538.9906684765439 -315.1696287549073 -999.0 -999.0 0.28101915 1.0
502.4709791487262 -330.9703255293897 0.153402 0.085986 0.30136296 1.0
549.4529414017309 -358.01486262959054 -999.0 -999.0 0.33826518 1.0
543.9404900758128 -351.96267047632017 -999.0 -999.0 0.32840142 1.0
459.29073681632167 -266.6795509744546 -999.0 -999.0 0.22286709 1.0
463.35104634582217 -267.90006506861454 -999.0 -999.0 0.22466506 1.0
466.8657335576645 -270.33624127464066 -999.0 -999.0 0.22697067 1.0
391.5271178954136 -241.97524619699317 -999.0 -999.0 0.20131671 1.0
576.816482272675 -349.8841798281696 -999.0 -999.0 0.33439058 1.0
487.27795201354616 -295.63909784983724 -999.0 -999.0 0.26059756 1.0
488.67993983047853 -296.3091457083792 -999.0 -999.0 0.26155913 1.0
571.1383548478996 -333.49474595270044 -999.0 -999.0 0.3106535 1.0
626.140958615843 -363.0989124984663 -999.0 -999.0 0.35312468 1.0
535.7958765447714 -339.10718603172154 0.234996 0.130776 0.3244961 1.0
580.0291331729186 -351.3089995009354 -0.119115 -0.189381 0.34315097 1.0
591.0307613040297 -357.1098138440939 -0.125809 0.114669 0.34996325 1.0
487.7621226237957 -290.81545435086747 -999.0 -999.0 0.26018238 1.0
592.0700892370866 -351.20119047720493 -999.0 -999.0 0.3433073 1.0
592.274701866909 -351.19148781594436 -999.0 -999.0 0.34341323 1.0
537.2097442016203 -318.0056752267414 -999.0 -999.0 0.29460973 1.0
539.4848113160444 -318.17149593974347 -999.0 -999.0 0.29544237 1.0
582.2261333140643 -325.2972884069926 -999.0 -999.0 0.3059101 1.0
547.5886080754168 -337.18175831074217 0.297686 -0.209344 0.3295907 1.0
525.6073177834861 -319.57984376120584 -999.0 -999.0 0.30332205 1.0
604.314528487672 -356.87581046551634 0.12633 -0.108496 0.35666838 1.0
543.1505611659665 -316.2290308045535 0.1216 -0.264269 0.29976872 1.0
503.9855419040916 -329.71365703800967 -0.051456 0.209477 0.30140948 1.0
494.0920548247939 -317.58561363391215 -999.0 -999.0 0.28610063 1.0
543.5154974746985 -348.30625850367295 -999.0 -999.0 0.3271759 1.0
550.6685950087109 -339.95820450477856 -999.0 -999.0 0.31475505 1.0
517.0368611703033 -316.7822499727858 -999.0 -999.0 0.28603843 1.0
434.0822258453402 -264.9120066991984 -999.0 -999.0 0.22277409 1.0
608.8063807231089 -356.54015834755336 -999.0 -999.0 0.34036592 1.0
560.5850559234718 -327.2805859348414 -999.0 -999.0 0.29993826 1.0
534.6827825615478 -312.53256628741053 -999.0 -999.0 0.27951667 1.0
583.8174945723358 -337.93792888785276 -999.0 -999.0 0.3137352 1.0
402.6122237376681 -259.84297792237055 -0.263281 0.102608 0.22286934 1.0
519.7603475274482 -325.7201356739817 -999.0 -999.0 0.3018649 1.0
581.2421712128764 -353.4566548542257 -999.0 -999.0 0.34104064 1.0
532.283725050094 -316.83329639127743 -999.0 -999.0 0.29236764 1.0
542.6625580502683 -322.60398934109503 -999.0 -999.0 0.29867616 1.0
544.3198661571505 -307.9194364174833 -999.0 -999.0 0.2800868 1.0
623.27334370158 -349.0811802570872 -999.0 -999.0 0.33666533 1.0
483.28584549521054 -289.4004858232012 -0.218766 -0.013509 0.26128918 1.0
549.248336880447 -325.0956009786801 -999.0 -999.0 0.30697137 1.0
541.9664393751068 -319.1075608453551 -0.135974 0.084507 0.29896876 1.0
515.2842985100436 -286.44743153481147 -999.0 -999.0 0.2592456 1.0
453.66382669384546 -286.73650927023687 -0.324081 -0.092384 0.2641697 1.0
536.9923116429935 -313.2075571304989 0.080835 -0.492335 0.29949963 1.0
540.727135006098 -334.87756747392734 -999.0 -999.0 0.3397484 1.0
538.7391581027429 -333.55104371868714 -0.277155 -0.228741 0.3378406 1.0
447.40075171486865 -276.04099706837627 -0.198734 0.66594 0.25615752 1.0
461.2364312587459 -284.3815019436858 -0.213916 0.228099 0.26661992 1.0
537.2881198144206 -330.8375477727148 0.065168 -0.160026 0.33119166 1.0
551.2277833291162 -331.49398242942897 0.462447 0.06377 0.33383793 1.0
489.33264010511266 -293.7745197181187 -0.239701 -0.214066 0.27867383 1.0
425.5179626935958 -240.96490840033604 0.244794 -0.019456 0.21317159 1.0
420.70074630266987 -232.97850746481237 -999.0 -999.0 0.20404497 1.0
439.42030397922076 -238.32781941379474 -999.0 -999.0 0.20914707 1.0
519.0953843437135 -279.80961413083315 -999.0 -999.0 0.25945345 1.0
471.54487187911246 -281.47492992775227 0.230643 -0.245581 0.2691628 1.0
447.418327046896 -260.83352704809016 0.14335 0.146758 0.24122523 1.0
464.8398690688609 -266.6918918101834 -0.233376 -0.164461 0.24846756 1.0
558.8771075294941 -311.3430414933811 -999.0 -999.0 0.30884847 1.0
427.9872898479649 -238.2654083992976 -999.0 -999.0 0.21360546 1.0
586.6759349646585 -317.5877937551793 -999.0 -999.0 0.31557888 1.0
440.1383150942992 -234.27695031886952 -999.0 -999.0 0.20836118 1.0
313.15606459851216 -187.18983362223372 0.084388 0.096369 0.16220056 1.0
427.512517904466 -255.71212293547535 0.338338 0.203313 0.2404995 1.0
515.1726784237779 -307.20091952599586 -0.044566 0.368821 0.31236577 1.0
431.77795626606576 -257.5205186954876 0.450376 -0.813103 0.24333121 1.0
555.1421362249495 -325.75278747390576 -999.0 -999.0 0.34095708 1.0
534.2552302055798 -308.50868997592073 -999.0 -999.0 0.31266308 1.0
526.2065666808663 -304.4325761581849 -999.0 -999.0 0.30576035 1.0
547.0064302865524 -314.29690910584037 0.130565 0.205411 0.32128423 1.0
551.6802510675576 -315.73656690687903 0.362816 -0.005283 0.32441363 1.0
586.7134608972489 -318.0471749908575 -0.030728 -0.159615 0.3236086 1.0
523.0609508500546 -297.7664630465896 0.174372 -0.260042 0.30577928 1.0
537.8739889795891 -301.5362197478651 -0.19683 0.023092 0.31136748 1.0
565.0142033330771 -314.9642533786425 -0.174364 0.084222 0.3294688 1.0
560.7165228963431 -310.0283518798044 0.232384 -0.13573 0.323276 1.0
564.1844044464314 -310.6554047129134 -0.163882 0.491856 0.32373962 1.0
456.8399288914444 -243.8047233718078 0.294033 -0.126136 0.23038691 1.0
433.89946702204406 -230.47692697618717 -0.31998 -0.252103 0.21263109 1.0
593.6174587884036 -314.01245270990717 -0.403466 -0.017712 0.32671118 1.0
358.7696973065333 -188.99920487572706 -999.0 -999.0 0.16583365 1.0
585.8557951336596 -302.80690773517296 -999.0 -999.0 0.30969456 1.0
540.7875637187667 -314.325527934033 -0.209324 -0.268812 0.29862213 1.0
557.3066100782304 -322.00966919218257 0.064834 -0.217855 0.3102844 1.0
542.1376813943781 -309.4132200410457 -999.0 -999.0 0.29319614 1.0
569.8470828038734 -319.9841332999942 -999.0 -999.0 0.3077264 1.0
517.005492895287 -293.1259125951232 0.004342 -0.018617 0.30838442 1.0
523.8452502343149 -287.14915469873483 -999.0 -999.0 0.29771978 1.0
503.3117809087788 -252.9901913640793 -999.0 -999.0 0.24744298 1.0
514.9760924615927 -294.69765365288976 0.025728 0.041959 0.3083704 1.0
467.44213128930477 -264.29335665765143 0.013367 0.154189 0.26547056 1.0
558.8244940311833 -315.62912420981615 -0.444278 -0.002524 0.3390904 1.0
561.714327827489 -313.3859171182045 -0.092475 -0.60464 0.3367009 1.0
520.0923797714996 -289.261279092344 -0.607141 -0.374759 0.29977214 1.0
570.1978726674466 -315.99385619077077 -0.334428 0.30196 0.33964247 1.0
345.5903090801405 -186.97012086432267 0.054631 0.20812 0.16777879 1.0
606.20018735475 -324.25675758774497 -0.203751 -0.02668 0.35087717 1.0
570.1569239792935 -301.6847398287295 0.234505 0.26288 0.31437197 1.0
594.1560874594585 -312.0427004010106 -0.136687 0.091985 0.331065 1.0
369.49200280239523 -185.54085855009103 -999.0 -999.0 0.16350368 1.0
538.7511301470596 -332.62209084631775 0.324416 -0.237623 0.3303552 1.0
464.4775746456087 -283.3048090159309 -0.001603 -0.242222 0.26202992 1.0
548.8741696116772 -332.2258841016544 -0.33657 -0.085066 0.33157685 1.0
439.665366878264 -265.91671414627916 0.114878 0.097752 0.24115418 1.0
338.7033716497532 -197.72052226465897 -0.053632 -0.279985 0.16543142 1.0
339.6364825257115 -193.40892727338567 -999.0 -999.0 0.16064794 1.0
559.2875122571428 -317.44535212913627 -999.0 -999.0 0.30872515 1.0
353.57975404207485 -199.00456186995913 -999.0 -999.0 0.16541153 1.0
357.6026868786619 -199.55916103749848 -999.0 -999.0 0.16665499 1.0
491.44586527809474 -270.4169420090511 -999.0 -999.0 0.24574757 1.0
440.22496295620965 -240.80613169313196 -999.0 -999.0 0.21032026 1.0
520.0765998338014 -283.088614225033 -999.0 -999.0 0.2605426 1.0
522.5815269014436 -283.6468900209421 -999.0 -999.0 0.26219922 1.0
575.5534491121341 -313.54657909529027 -999.0 -999.0 0.30000526 1.0
522.0524819035566 -281.9619950315465 -999.0 -999.0 0.25950864 1.0
442.8940416785004 -266.9943233069709 -0.081642 0.040758 0.24854696 1.0
394.45392255284867 -236.95868068280876 -0.141178 0.111817 0.21270357 1.0
430.2432045856145 -257.92257382209084 -0.195161 -0.118046 0.23703475 1.0
485.27569918334456 -289.7978585377398 -0.032506 0.566879 0.27795857 1.0
454.54158221051546 -260.25924663783417 0.247718 -0.010766 0.23782271 1.0
583.5932429197874 -331.5542667966381 -999.0 -999.0 0.33513123 1.0
456.1132312329536 -257.7748389362257 -0.14715 0.028254 0.23596968 1.0
555.197382240854 -312.72778098619443 0.153203 0.006184 0.30753517 1.0
569.914134649835 -315.171030891932 -999.0 -999.0 0.30937284 1.0
360.5014856732857 -197.82021964387 -999.0 -999.0 0.1668901 1.0
629.2076965721295 -338.2105751059822 -999.0 -999.0 0.3457174 1.0
519.7108403032344 -279.94758179155406 -999.0 -999.0 0.26055393 1.0
438.54671367561997 -234.71635194944324 -999.0 -999.0 0.20784536 1.0
436.4040452066196 -260.46314609689693 0.146511 -0.15665 0.24573986 1.0
432.78779306623903 -259.01893354560866 0.178535 -0.135985 0.24299715 1.0
434.7663640906013 -258.52820577726925 0.271235 -0.209502 0.2435418 1.0
554.5455369297339 -328.3914171995511 0.35969 0.292167 0.3410437 1.0
332.3363592017261 -194.67549307944682 -0.079641 -0.230135 0.16877003 1.0
526.320281194247 -306.57266998225737 0.187104 0.237538 0.3075167 1.0
549.461379401967 -319.4858841549121 0.176445 -0.063715 0.32518676 1.0
458.7069597969295 -265.529522292735 -0.367045 0.23858 0.2503637 1.0
549.7965866801907 -317.3401710686072 -0.058209 0.642123 0.32394582 1.0
315.183302305342 -186.76584113072155 0.640968 -0.32704 0.16384017 1.0
504.12068619887316 -293.8278026526176 0.03547 0.175745 0.296893 1.0
562.951670368076 -322.35630292529964 -0.174005 -0.09069 0.3366299 1.0
434.17274896290274 -243.34902190966724 -0.415466 -0.322601 0.22801313 1.0
624.6214912954781 -328.1357824978033 -999.0 -999.0 0.34314656 1.0
502.9305625982884 -261.3694736280961 -999.0 -999.0 0.24967894 1.0
543.487476866049 -322.98775073220366 0.278905 0.244299 0.35046732 1.0
534.0733781764478 -317.18836673982537 -0.028112 -0.371622 0.34013605 1.0
559.5073971167794 -317.2128880314634 0.316567 0.195503 0.3386661 1.0
538.5326160485234 -299.77752999954197 -0.38611 0.021531 0.31134155 1.0
569.6377594849139 -317.2638083175061 0.088094 0.067722 0.33792847 1.0
569.5397901262168 -316.44214104257355 0.205214 -0.150989 0.3359695 1.0
565.922813430318 -302.71161734389136 -0.19962 -0.306289 0.31255206 1.0
385.66460819808316 -204.03103965724407 0.005007 -0.128903 0.1856513 1.0
584.8491054460014 -302.18608426987623 -999.0 -999.0 0.31123495 1.0
539.1596519792611 -276.78506156709807 -999.0 -999.0 0.2767338 1.0
455.6644361421121 -289.1952967075432 -999.0 -999.0 0.24082509 1.0
519.61293647697 -320.07290948108607 -999.0 -999.0 0.27835637 1.0
488.1407375061608 -309.3615116182264 -999.0 -999.0 0.2694747 1.0
480.6217064270371 -300.89562296208356 -999.0 -999.0 0.261215 1.0
595.2694712521256 -356.76734624509675 -999.0 -999.0 0.3321413 1.0
618.6487827831293 -365.05474581310364 -999.0 -999.0 0.34390423 1.0
548.6817078540822 -345.33824157800456 -999.0 -999.0 0.30659297 1.0
618.857577008988 -375.19359808544345 -999.0 -999.0 0.3475239 1.0
562.8302929451714 -365.05845949044954 -999.0 -999.0 0.33967024 1.0
420.51292641765883 -270.95906055511097 -999.0 -999.0 0.22386762 1.0
501.94332915024233 -313.65812362103503 -999.0 -999.0 0.2737593 1.0
600.807414652461 -366.37949789578175 -999.0 -999.0 0.3433929 1.0
601.56024582024 -358.4238813180917 -999.0 -999.0 0.33270708 1.0
587.407004523711 -341.28913916766305 -999.0 -999.0 0.31019998 1.0
415.2448872587829 -271.68110520552494 -999.0 -999.0 0.22785655 1.0
565.6466922367648 -356.12349756759613 -999.0 -999.0 0.3324416 1.0
476.67913120746124 -288.34747946077476 -999.0 -999.0 0.24914214 1.0
558.5177625775684 -328.2300442509658 -999.0 -999.0 0.2991847 1.0
479.7546698037073 -283.0225137169168 -999.0 -999.0 0.24228922 1.0
536.6696835731861 -313.64223648534056 -999.0 -999.0 0.27930373 1.0
439.6556037505559 -241.94185269336344 -0.057999 -0.024023 0.24278404 1.0
520.1549772503778 -281.57272035382005 0.011058 0.260903 0.29933733 1.0
419.67263820634207 -221.20187693080786 0.146064 -0.265628 0.21568727 1.0
531.4719386756775 -276.9803065362567 0.218872 -0.439098 0.29272437 1.0
530.1099405761535 -277.1609036589458 0.020705 -0.031205 0.29051885 1.0
561.0491348282915 -280.99693361327076 -0.026926 -0.420135 0.29448727 1.0
499.6182069248763 -248.02915279081142 -999.0 -999.0 0.23998128 1.0
543.7883089149304 -316.7962818438052 -0.201127 0.105464 0.347707 1.0
558.2744274897104 -310.84138482244197 -0.098081 0.05405 0.3375124 1.0
421.88549206605285 -234.3762995608219 -999.0 -999.0 0.22712442 1.0
565.5097275483776 -312.7041558366802 -0.560897 0.132544 0.33845288 1.0
545.2750749556375 -320.24601742414643 0.312721 -0.144754 0.35178012 1.0
458.70267888962337 -229.93863042469275 -999.0 -999.0 0.2110643 1.0
529.5001198516472 -261.26750343716634 -999.0 -999.0 0.25588796 1.0
529.9262591254022 -261.69983578490536 -999.0 -999.0 0.2561074 1.0
565.5456679809766 -304.36461619567035 -0.502393 0.096644 0.33251947 1.0
535.0590823156126 -284.86916225389183 0.406299 0.082468 0.30894342 1.0
653.7901348075924 -325.81234674946967 -999.0 -999.0 0.34011823 1.0
595.4728928996542 -296.70422785818835 -999.0 -999.0 0.30276117 1.0
560.2106250432089 -284.7583551271595 -0.050692 0.453641 0.30373102 1.0
600.8468676564879 -302.6600113214095 -0.104983 -0.116536 0.33152023 1.0
509.2765443625079 -239.30620441799712 -999.0 -999.0 0.24728757 1.0
556.9755454094798 -301.0847685114764 0.067478 -0.589431 0.3421824 1.0
530.3616693273148 -282.8701709702759 0.060306 -0.108589 0.3073215 1.0
538.1401647867235 -284.51098480360105 -0.211449 -0.294413 0.3092266 1.0
489.15759825874727 -244.32649968170125 -0.142996 -0.450609 0.2468755 1.0
544.5511514592929 -293.2755950387733 0.167755 0.348128 0.33510104 1.0
559.5980761795944 -284.62619851717005 0.419013 -0.043638 0.31605008 1.0
489.4074103607275 -246.7999807459592 -0.115526 -0.361748 0.2581462 1.0
585.5860989629632 -287.6157145054057 0.269021 -0.351167 0.3169329 1.0
458.4286742118873 -243.17174404529462 0.15686 -0.214784 0.26590097 1.0
516.2574057703071 -275.44404536727365 -0.317937 0.074666 0.30370837 1.0
527.7629815220221 -272.7422828332431 0.183807 -0.510509 0.29283583 1.0
633.7744800878135 -304.6869098021907 -999.0 -999.0 0.3376622 1.0
618.8739465042378 -293.8951496465105 -999.0 -999.0 0.31944558 1.0
526.8357600554662 -283.2973349651428 0.157057 -0.508813 0.32261056 1.0
565.3363922404532 -299.6593156136517 0.129797 0.206758 0.35440603 1.0
518.6085041325933 -272.7438871361184 -0.222755 -0.233592 0.30492517 1.0
514.5530025822904 -248.5176386976715 -999.0 -999.0 0.2591201 1.0
502.06486399262025 -263.38842539069793 -999.0 -999.0 0.29989603 1.0
474.96838201093624 -248.6272114120931 -999.0 -999.0 0.27606502 1.0
440.47190511350453 -213.7580114993603 -999.0 -999.0 0.2197692 1.0
620.6330128066878 -291.12707241021917 -999.0 -999.0 0.33300078 1.0
611.9711962532216 -282.3278891218188 -0.199557 0.12472 0.3258574 1.0
626.9397584870273 -288.38373995838754 0.466597 -0.364401 0.33556768 1.0
457.0319991864564 -221.3325145707311 -999.0 -999.0 0.20631912 1.0
466.27536264736966 -225.57396766817763 -999.0 -999.0 0.21094662 1.0
531.922555390575 -289.2155829726941 -0.114849 0.326518 0.308891 1.0
496.49402142234294 -243.278146591818 -999.0 -999.0 0.23999894 1.0
639.101714009083 -311.8718894087562 -999.0 -999.0 0.33796692 1.0
556.0797910861152 -303.10080624425126 -0.188759 0.039226 0.34108427 1.0
512.8719450114866 -251.00218726181632 -999.0 -999.0 0.25404343 1.0
606.442219816185 -296.0021289125763 -999.0 -999.0 0.3012964 1.0
445.8506017414346 -216.186238219523 -999.0 -999.0 0.19771232 1.0
576.9343485369559 -315.09838486719224 -0.11781 0.085519 0.35916385 1.0
348.41899911328676 -182.49890386433543 -0.51488 -0.031638 0.17067009 1.0
408.64988692544046 -202.27912641050168 -999.0 -999.0 0.18977897 1.0
422.108893856698 -206.2961721070689 -999.0 -999.0 0.19411634 1.0
543.1782799529117 -300.7232655725456 -0.231212 0.221721 0.34073484 1.0
439.6650452854863 -235.7259674262739 -0.009354 -0.069561 0.24114099 1.0
532.873509163557 -283.2353268287907 -0.075422 -0.095679 0.3111192 1.0
345.3473178642209 -180.04204190865195 -0.105716 0.03727 0.16894144 1.0
350.14976445427476 -182.8463767759625 -0.262872 0.154996 0.17135523 1.0
527.550236268353 -273.20674994302647 0.008293 0.047325 0.29268345 1.0
428.508650847283 -228.16904476606345 0.066415 0.269388 0.23694193 1.0
516.4198574971801 -274.8809068022636 0.073682 0.067835 0.3035693 1.0
525.3983762335403 -268.83306905738175 -0.066876 0.359803 0.29271063 1.0
571.47143761196 -288.13043306979 0.035825 -0.037717 0.32052204 1.0
495.83732133923746 -246.56115191503758 -0.128823 -0.087264 0.2553843 1.0
496.2724955043884 -245.7602062100626 0.250995 -0.2012 0.2553646 1.0
587.1408838004039 -287.58811511783665 0.137938 0.10645 0.31746638 1.0
491.57077015567097 -265.52756443586736 -0.022786 0.095291 0.299151 1.0
542.719797723537 -274.18003474586396 -999.0 -999.0 0.30752316 1.0
471.0681335665295 -233.03834706353737 -0.153415 -0.114748 0.24509913 1.0
513.0057904086722 -245.5214688952133 -999.0 -999.0 0.25718188 1.0
514.4646668994694 -244.48781088932031 -999.0 -999.0 0.25714213 1.0
415.9055479414005 -217.9648226987502 0.042053 0.171281 0.23289342 1.0
408.2072040093628 -205.3308946228648 -0.073583 -0.190549 0.21254675 1.0
574.0240201402519 -283.94884738572915 0.06732 -0.220091 0.33346072 1.0
472.24781586804295 -233.18603364618951 0.064185 0.097081 0.25193912 1.0
372.57850508263596 -182.4190266268384 0.276284 -0.180105 0.18172641 1.0
555.1260014065373 -268.9359469786096 0.444042 -0.182648 0.30758747 1.0
489.87824574741563 -228.43260884820108 -0.084604 0.146164 0.23906438 1.0
492.5708409455329 -228.038988356022 0.260555 -0.588236 0.24013497 1.0
560.1740482270363 -264.3414411127024 -0.135359 -0.011297 0.3064263 1.0
487.50103648921765 -229.96407166737868 -0.03414 0.058895 0.24925834 1.0
388.6977745424175 -218.11800106073935 0.049579 -0.071394 0.22154394 1.0
393.6147708239719 -217.27799925714697 -0.078318 0.232429 0.22153446 1.0
337.8948883785632 -180.75992412598228 -0.041514 0.208754 0.17378941 1.0
525.8495784125506 -279.03011209132393 -0.25117 -0.120874 0.3062634 1.0
420.52265202576865 -218.22909527493815 0.205032 0.177544 0.21920195 1.0
449.2142731162485 -230.93307109588483 -0.095608 0.04661 0.23546326 1.0
536.6633929620441 -272.83631659572336 -0.177716 -0.578194 0.2950012 1.0
450.02943015462574 -226.07443247030366 -0.418167 0.439908 0.22597101 1.0
514.7042742112556 -251.96949850942326 -999.0 -999.0 0.25851956 1.0
402.4266179978736 -221.58581269041272 0.234297 0.329183 0.23168775 1.0
573.8673469968099 -294.87073127246606 0.294576 0.267707 0.340493 1.0
473.98503680583866 -242.63743546490608 -0.225859 0.183766 0.25752792 1.0
521.2419727181534 -264.74310809770554 -999.0 -999.0 0.29091677 1.0
349.20473968341537 -177.11917098147717 -0.080719 0.504242 0.17090128 1.0
474.3040240806496 -238.96000084051565 0.130237 0.137435 0.2486025 1.0
494.53291372570084 -244.28673040335295 -0.217668 -0.098095 0.25619632 1.0
589.0041482805386 -284.41512877633136 0.327036 -0.029388 0.31683737 1.0
603.0436209090093 -291.8781550297019 -0.441988 -0.66528 0.32634407 1.0
636.2277951475913 -299.7967690897348 -999.0 -999.0 0.33800653 1.0
631.4497654397524 -297.51366118315804 -999.0 -999.0 0.33416477 1.0
473.8750713840387 -248.15271546884128 -999.0 -999.0 0.2751369 1.0
516.5264391964544 -256.43775854204006 -999.0 -999.0 0.2850395 1.0
545.2335683551065 -272.3996986622086 -999.0 -999.0 0.30755454 1.0
371.276323336037 -182.30227970617284 -999.0 -999.0 0.1789593 1.0
373.26737075859194 -177.5358083937069 -999.0 -999.0 0.17331983 1.0
605.7799907058671 -285.7970947866339 -999.0 -999.0 0.32700977 1.0
507.17649034904224 -235.8205058909088 -999.0 -999.0 0.24761412 1.0
471.8594641604925 -219.33421295538014 -999.0 -999.0 0.22452077 1.0
563.1324173160272 -267.4212868739687 -999.0 -999.0 0.3075295 1.0
489.0968134711062 -232.6920031680863 -999.0 -999.0 0.250332 1.0
581.3115096496585 -274.3459916031471 -0.245522 -0.003463 0.31492636 1.0
634.420519918836 -292.02534196047395 -999.0 -999.0 0.34388673 1.0
518.9134263157531 -235.7619802517727 0.098604 0.05008 0.25398856 1.0
346.2357729382425 -179.3163477027693 -0.11838 0.005285 0.18254025 1.0
336.79172190856224 -174.23480893832576 -0.112799 0.149918 0.1765441 1.0
512.8844145788681 -264.16825725909024 -999.0 -999.0 0.29958203 1.0
571.9803404581537 -293.52178825691215 -0.169502 -0.005113 0.3517642 1.0
453.56209979435556 -238.81874983176374 0.045992 -0.18634 0.2678812 1.0
507.29188588320955 -263.4142479131375 -0.083913 0.195256 0.3106955 1.0
341.62383363370583 -181.76638403466825 0.509827 -0.533736 0.18522422 1.0
348.7515234454975 -183.53197067759746 -999.0 -999.0 0.1884284 1.0
353.42547472782115 -185.79829636520955 -0.534725 0.248585 0.1914396 1.0
454.89190366731145 -240.98783131598253 -0.238505 0.19906 0.2672517 1.0
554.699079694549 -292.1248361226329 0.24567 -0.153074 0.35625625 1.0
577.2000604046929 -291.498147623154 0.141038 0.144328 0.35105807 1.0
606.4665761964818 -277.05693068053625 0.071213 -0.057921 0.32442734 1.0
611.9434380471561 -274.0049631869978 -0.083564 -0.084526 0.32674405 1.0
662.4771340280124 -298.0164065512491 -999.0 -999.0 0.3588777 1.0
592.2153488311623 -289.31326115134266 -0.147132 0.13508 0.35618865 1.0
590.7879803232828 -289.30987355753933 -0.327063 -0.032029 0.35319313 1.0
456.85263970902605 -222.19023925490433 0.137815 -0.11802 0.24286559 1.0
578.0382642819271 -279.5848073758491 0.127654 0.107741 0.33288956 1.0
634.5397361138674 -293.099560296319 0.278667 0.216787 0.33594045 1.0
413.8084447563126 -215.5602508217165 -999.0 -999.0 0.23319969 1.0
413.87345809298927 -214.45846074396397 -0.161869 0.183754 0.2315863 1.0
570.2072752918533 -292.5190942187731 -999.0 -999.0 0.3562161 1.0
511.8037788445601 -260.77569175918364 0.120038 -0.024269 0.30064812 1.0
343.51279992388703 -173.51589745236024 0.113016 -0.065807 0.17604868 1.0
347.4550407504517 -175.37554340382937 0.209658 -0.042856 0.17822704 1.0
366.38654573277813 -184.38353131420934 0.295804 0.088846 0.18899706 1.0
641.0997331569185 -291.81272870773927 0.008777 0.105601 0.34170932 1.0
455.45867208170637 -215.66302076197118 0.07311 -0.188092 0.2328144 1.0
474.9484763613386 -222.64586393038104 -999.0 -999.0 0.24318786 1.0
637.4018647487642 -291.8081809362757 0.160755 0.185037 0.3556014 1.0
607.6795595382259 -276.9742817139162 0.412938 -0.012394 0.3251617 1.0
608.3022055954405 -273.6562138275157 0.18824 0.506713 0.3189287 1.0
503.5927787327223 -225.71017386530673 0.007558 0.156811 0.24332404 1.0
531.8349353978258 -235.04264574091886 0.023212 0.189845 0.2850233 1.0
538.75524649678 -253.2584123345826 0.500491 -0.229413 0.3113534 1.0
567.6544564083523 -263.5081605949023 0.055425 -0.395907 0.33032402 1.0
543.0027681579348 -242.97972800090383 -0.51203 0.28247 0.28831744 1.0
602.2594727093234 -271.3209425267175 0.455621 -0.079225 0.35321313 1.0
567.6880619397951 -255.72220427643478 -0.602285 0.137791 0.32226977 1.0
550.5580611142744 -243.46113482816855 -0.087677 0.010425 0.2985534 1.0
631.4700348203845 -277.55595323650374 -0.394367 -0.170709 0.35871443 1.0
563.15153115044 -244.39579452041625 -0.261962 -0.092334 0.29607874 1.0
438.13267229794644 -212.5353289644048 0.019069 -0.008162 0.23596114 1.0
417.8606998249517 -198.8105795660787 0.118496 0.155519 0.21428847 1.0
531.6547536286976 -243.5091379305382 -0.056529 -0.009975 0.28366658 1.0
608.417894619671 -276.0353017210259 -0.329116 0.549932 0.35580134 1.0
615.5364592511662 -276.4139424566862 0.373399 -0.531767 0.35537696 1.0
611.2791136979693 -275.0989860609875 0.037684 -0.060071 0.3518544 1.0
485.4560871470129 -209.14254101990002 -0.18602 0.510355 0.24107054 1.0
542.5512966933711 -275.6117441992527 -0.562515 -0.192896 0.3372732 1.0
604.6556121130179 -287.2008114919118 0.243445 0.221625 0.35432246 1.0
519.007101046335 -231.70095871468453 -0.316934 -0.220995 0.2536532 1.0
593.0470271880486 -265.41329660731003 0.294401 -0.050349 0.30486584 1.0
426.5395041555034 -208.17785021011576 0.078567 0.099231 0.23294175 1.0
608.1264399974835 -285.24962074803244 -0.399217 0.650505 0.35924166 1.0
579.1119261687857 -270.324371637289 0.049391 -0.221467 0.32985353 1.0
464.04443245591295 -241.65005854619974 -0.09381 0.373288 0.27639297 1.0
329.181725549736 -171.0076457883552 0.078221 -0.005513 0.17607771 1.0
494.3962402176754 -250.7431014465761 -0.1851 0.498361 0.29788646 1.0
572.4098938413692 -284.99126871033417 -0.108913 -0.233791 0.3585071 1.0
337.9065105222607 -166.7193728053582 -999.0 -999.0 0.17774872 1.0
339.58275151236927 -160.9890667843767 0.156324 -0.074305 0.17264985 1.0
555.1562972423893 -255.1360103195337 -0.06106 -0.020633 0.3146962 1.0
606.2559489126907 -277.6019357357452 -0.093827 0.336505 0.35396418 1.0
365.17744027445076 -166.87961984815973 -0.010023 -0.34644 0.17636669 1.0
477.6825653014954 -214.3252855249935 0.01874 -0.397784 0.24364352 1.0
506.5805172273067 -228.21452673926044 -0.044222 -0.046583 0.26321718 1.0
508.6152692747578 -229.35357242533294 -0.125073 0.344823 0.2644484 1.0
378.27870124855997 -169.40929989180043 -0.088681 -0.131249 0.1787624 1.0
544.8497100395184 -243.3786703146742 0.067352 0.159859 0.28959933 1.0
542.8084652117857 -241.74761446043183 -999.0 -999.0 0.28318253 1.0
561.0125134114242 -247.92934689542145 -999.0 -999.0 0.29010928 1.0
568.4239414959388 -258.39400448551544 -0.055807 0.090457 0.32698503 1.0
590.9554652997012 -265.2057303087281 -999.0 -999.0 0.34055784 1.0
608.5888340422495 -272.64924173543045 -0.411381 -0.495288 0.35508445 1.0
549.1237270367634 -243.92645858243608 0.12535 0.006936 0.29830605 1.0
507.29132519969806 -224.03725402609817 0.199753 0.098033 0.26455083 1.0
431.2888735201529 -191.154100887925 0.003414 -0.078601 0.21288013 1.0
588.5888303875137 -258.54869354409897 0.213879 -0.582691 0.3211941 1.0
550.5048746495528 -242.08957710086742 0.248746 0.260036 0.29090223 1.0
470.4848730292166 -232.0707715532851 0.149587 -0.266722 0.26551557 1.0
345.7145673697915 -169.50498570638484 0.392698 -0.129746 0.17692031 1.0
348.7057332181319 -170.0915677449879 0.150293 0.173038 0.17716219 1.0
355.0005120150017 -171.24902356849404 0.090952 -0.063786 0.17805454 1.0
354.72279581317645 -169.7547976869563 0.05999 0.181901 0.17626292 1.0
578.3131363660708 -274.7174692248566 -0.400517 0.130924 0.33216944 1.0
465.75140951612724 -218.38205965875596 -0.486276 0.421343 0.24126603 1.0
505.20237574732266 -233.78573853050364 0.193581 0.117068 0.2627695 1.0
470.8321997346813 -231.95899308086632 0.305258 -0.066421 0.27527642 1.0
504.19323299628695 -246.49839842201777 0.252797 0.160676 0.30285946 1.0
473.9714461789705 -230.94113012064778 -0.036418 0.09374 0.27670345 1.0
441.300473726679 -207.97703304294103 -999.0 -999.0 0.23563345 1.0
507.2331625794844 -238.0025127703096 0.012888 -0.020274 0.28171146 1.0
356.63869810355527 -166.39662364897643 0.50109 0.347624 0.17446947 1.0
365.5928600065888 -169.01918947665897 0.051979 -0.058157 0.17786576 1.0
606.455846519539 -277.6958591648115 -0.168174 -0.004649 0.34986374 1.0
537.7322169238869 -247.89591963348607 -0.09557 -0.399689 0.2918394 1.0
593.5220333090981 -266.4050677148495 -999.0 -999.0 0.32357836 1.0
620.0791577834792 -272.9093082686155 -0.027895 -0.302294 0.33010855 1.0
619.0221033340448 -272.4648867582924 -0.109969 -0.046495 0.32893124 1.0
567.1834243533775 -261.5660601235797 -0.371964 0.10522 0.32978567 1.0
409.8759874226592 -187.3144083873 0.051728 -0.229679 0.20847088 1.0
555.1186297803993 -253.06701703081657 -0.110166 0.223647 0.31530657 1.0
360.9267416535477 -164.74119189307106 -0.1318 0.11361 0.17650236 1.0
544.904391028608 -247.15747163202133 0.163938 -0.560068 0.30273727 1.0
575.3112594689893 -259.893202871194 0.264395 -0.358505 0.32637152 1.0
588.9239335217903 -260.46649819915524 0.081124 -0.135099 0.3211151 1.0
564.5684659151075 -247.63861836686218 0.043534 -0.203539 0.3112613 1.0
507.29688680098104 -221.60259267558436 -0.146017 0.170836 0.26401755 1.0
380.3882815676276 -166.90099931722273 0.346459 0.114655 0.18128912 1.0
487.98629849698034 -208.45131733068513 -0.324014 0.450432 0.24092257 1.0
368.1291161165072 -159.96972847378638 -0.247839 -0.330258 0.17699277 1.0
550.3403229050241 -281.5672188709355 -0.024595 -0.214915 0.35221282 1.0
418.19356565983446 -211.76974599596494 -0.196318 0.167284 0.2330997 1.0
566.0529519932207 -280.8488083282945 0.274622 -0.05584 0.3437475 1.0
472.931999629945 -233.2269053286264 -0.007149 -0.182471 0.2645626 1.0
345.42136407719215 -170.06474418847657 0.438538 0.382765 0.17524424 1.0
572.6339382969643 -275.6663169214431 0.036139 0.228314 0.33188894 1.0
463.6811698620262 -223.50166675655925 0.455671 -0.424223 0.24607688 1.0
577.0529190325135 -275.98863490440516 0.434572 0.227402 0.33242887 1.0
373.7153278676311 -173.490140082869 0.105606 0.205584 0.17692193 1.0
337.2735077244782 -167.97249261772492 0.386047 -0.246448 0.17697984 1.0
340.4675878194668 -167.75490548013258 -0.180438 -0.539097 0.17670573 1.0
529.0673209148744 -248.42231744677287 0.064501 -0.080377 0.29173332 1.0
504.2905698656586 -229.31400775424316 0.085914 -0.218149 0.2594225 1.0
535.7905293789559 -235.2931963052847 0.483274 -0.049776 0.2946524 1.0
511.804064909839 -221.16450226646185 -0.836478 0.355474 0.2652944 1.0
615.3466690244312 -265.5354587934704 0.46486 0.059941 0.3436789 1.0
505.6022760840491 -217.92941947769324 -0.155935 -0.052198 0.25634483 1.0
513.0848551161988 -215.45166751539398 -0.007155 -0.253326 0.25793305 1.0
612.9285805846866 -262.6384544851891 0.167933 -0.258153 0.35136318 1.0
636.906048449408 -267.5428722480965 -0.143728 -0.079346 0.35866088 1.0
637.7028661773186 -266.4738277068252 -0.361829 0.264105 0.3580041 1.0
540.2676599759486 -227.04392520699997 -0.149248 -0.044665 0.28136447 1.0
501.86161427831263 -228.39558012986063 -0.107392 -0.17043 0.27720645 1.0
514.8676409490013 -230.72275471348004 0.175243 -0.046109 0.2798396 1.0
556.8200693801637 -242.24678128519344 0.227711 -0.218196 0.3012686 1.0
505.8610996274531 -218.02083621422653 0.167346 -0.026383 0.26070097 1.0
559.2249519157459 -251.17664214203685 0.149721 0.004611 0.3172572 1.0
559.7555820658768 -249.676065380962 0.116204 -0.214 0.3167329 1.0
550.8641854022912 -237.34982762599012 -0.074477 -0.117134 0.28997424 1.0
508.18864583028727 -218.89215954307275 -0.018465 -0.120683 0.25743812 1.0
381.369694718581 -165.6563315612062 0.006684 0.019106 0.18592446 1.0
580.824599982176 -250.06267195787976 0.02804 -0.142842 0.32557526 1.0
582.7368535174534 -250.57355034612442 -0.063728 0.164963 0.3252355 1.0
555.4119560192623 -239.24102092671367 0.0444 0.083971 0.30073407 1.0
376.71228446009894 -161.6000699840014 0.014045 -0.091965 0.17852989 1.0
381.49913188444003 -162.3619709115084 -0.2901 0.030466 0.17877798 1.0
636.0616536024908 -270.2978228396642 -0.431688 -0.603905 0.35881883 1.0
634.8050175956396 -269.05537015854543 -0.148547 0.189025 0.357428 1.0
637.4642380664321 -269.15620724230547 -0.118056 -0.02607 0.35926458 1.0
