X Y e1 e2 Z WEIGHT_SEEING
659.0435242838788 399.89821235971084 -0.024621 0.131607 0.33567747 1.0
570.7412969740548 343.2746281740172 0.012178 -0.03702 0.26976871 1.0
722.1923845038303 325.9573335622129 0.552377 -0.378948 0.27780148 1.0
576.2750031505476 401.63404333755614 0.2584 0.108827 0.3229237 1.0
631.6603357989028 406.272111649513 0.012987 0.297385 0.3312232 1.0
671.3471027495755 405.6235840122858 0.258429 0.047168 0.33705473 1.0
609.6722520473213 361.83655321744897 0.078323 -0.381718 0.28497037 1.0
569.1224404431312 313.7761646625799 -0.767146 -0.193695 0.24007326 1.0
800.1902134335115 374.7626320750831 -999.0 -999.0 0.32645828 1.0
818.065520982678 370.601367921374 -0.174509 -0.170607 0.3260109 1.0
619.8156494677115 412.7696877933514 -999.0 -999.0 0.3321833 1.0
694.2842360958459 418.3020696153191 -0.198079 -0.094726 0.34492442 1.0
637.4894058565133 341.67017755450263 -0.238053 -0.17934 0.2652111 1.0
687.9776064820022 369.81814393339846 -999.0 -999.0 0.29827935 1.0
679.5317852777364 300.491664456532 -0.40601 -0.203248 0.24164009 1.0
385.83160443660535 283.1180321035514 -0.02527 -0.047976 0.19285159 1.0
577.9656846245763 418.8097994924352 0.685028 -0.285306 0.32592076 1.0
578.0258350015744 411.9705122654468 -0.376799 0.282217 0.31898463 1.0
665.2844962799287 414.444001761002 0.124065 0.278363 0.33222166 1.0
692.8949924520434 412.0905203460359 -0.232387 -0.19039 0.3315027 1.0
654.2150555160598 334.5002972240345 -0.091522 0.200946 0.25722203 1.0
863.2110289767104 351.8644191773733 -0.001888 -0.044507 0.3065267 1.0
482.0644328321535 264.59688136598834 0.331123 -0.335535 0.18243347 1.0
736.5260732184745 385.84130207976636 0.372295 0.575524 0.3056545 1.0
853.5609507554592 350.6627054494481 0.305106 0.158205 0.29471126 1.0
847.6334795809823 347.7626857784025 0.530734 -0.202569 0.29349402 1.0
988.9000833625971 407.88937242595796 -0.061843 0.165222 0.3592761 1.0
781.9282671772464 323.7017711330813 0.304491 0.098327 0.25743142 1.0
862.7388694725593 343.52362604886576 -0.253387 0.057217 0.28617513 1.0
550.0130875379879 341.9026062808718 -0.122658 0.17073 0.24117003 1.0
702.4502571962707 426.67530256726025 -0.622249 -0.045828 0.31897533 1.0
722.968265094364 400.4642608427285 -0.093528 0.075031 0.28618252 1.0
741.0759352412757 456.025878598514 -0.209133 0.207251 0.33076543 1.0
760.6497404969174 414.66567001971606 0.088906 0.628579 0.32430097 1.0
720.5275518827243 351.2050818704404 -0.30054 0.132136 0.2648343 1.0
834.3103227579408 387.0383820893762 -999.0 -999.0 0.30837134 1.0
743.4414082833061 339.4873310138591 -0.085215 -0.429908 0.25772166 1.0
854.657963576173 402.9042684485174 0.459068 0.163621 0.31772605 1.0
859.5273720991503 354.11460153999514 0.075002 -0.281565 0.28157833 1.0
862.2417267337842 351.3682667269294 -0.03231 -0.253028 0.28012758 1.0
717.8396532251124 431.3626901922285 0.143965 -0.670423 0.32128143 1.0
785.6971978389745 462.8809098748172 -0.326468 -0.209942 0.359595 1.0
828.2001684114823 412.5033348069138 0.207604 0.282854 0.31614983 1.0
752.7785562864502 349.3947122722904 0.609924 -0.210528 0.25759268 1.0
868.8751133384212 355.72373771689973 0.049585 0.420196 0.27716544 1.0
1021.309036348793 399.6202966141435 0.067832 -0.262416 0.33796942 1.0
881.4297647391381 428.6311397472267 0.433845 -0.220465 0.3300168 1.0
1039.835585359495 426.8303466598177 0.045247 -0.207449 0.35380736 1.0
759.505975800117 362.34562886542153 0.429925 -0.428298 0.25598916 1.0
884.0906311049847 387.69612869879535 0.191871 0.301336 0.29106537 1.0
808.8614644351621 450.9528654371656 0.191728 -0.152407 0.32994527 1.0
867.0135529618956 375.8344552946091 0.496431 0.386444 0.27374935 1.0
622.5893961872073 365.59981428771897 0.239242 -0.013724 0.29330838 1.0
544.7079335007669 352.34413705751626 0.214182 -0.007965 0.2591507 1.0
661.0033367673598 415.85934125726106 0.260561 0.080076 0.32824102 1.0
714.3111002581908 424.0172280103843 0.074823 0.092366 0.34382787 1.0
615.4508723271141 426.62078993654313 -0.471823 -0.271266 0.327572 1.0
539.2077723185166 336.695229858426 -0.012649 -0.273408 0.240474 1.0
492.41431383937237 295.8996208562683 0.572281 -0.084597 0.20501791 1.0
682.7624063598383 339.31353671834864 -999.0 -999.0 0.2838742 1.0
750.6457882039141 359.53089572317145 -999.0 -999.0 0.31376076 1.0
677.5825903460709 379.85818154051304 -999.0 -999.0 0.3139154 1.0
694.4675607338528 371.94146779409897 -999.0 -999.0 0.310648 1.0
842.2969426347582 387.6334098977935 -999.0 -999.0 0.35178536 1.0
728.0906391254232 325.9631033029849 -999.0 -999.0 0.27588663 1.0
645.0884852451156 408.05236085290767 -0.132691 -0.151189 0.33333775 1.0
645.3980745712698 390.04615051278404 0.153263 -0.111531 0.31272504 1.0
653.8009069867157 375.35478023013934 -999.0 -999.0 0.30209342 1.0
667.9842523323823 372.5498250404281 -999.0 -999.0 0.30067578 1.0
861.1952075622005 401.05163987188695 -999.0 -999.0 0.35766405 1.0
545.1176030004614 380.0860702290349 -0.266501 -0.122337 0.29002357 1.0
643.8941939977785 411.8902820915243 -0.101656 -0.095822 0.3288207 1.0
538.9307175288583 342.0195915636839 -0.069432 0.146961 0.25267598 1.0
647.2128706992173 410.3629529998484 -0.072143 0.110227 0.3289579 1.0
673.8317210071828 368.6191810728713 -999.0 -999.0 0.29259098 1.0
859.7543436671192 408.0317455346988 -999.0 -999.0 0.35658586 1.0
805.0387780574576 353.46818861515663 0.524226 0.031598 0.29720196 1.0
842.6316438281918 386.8893278754149 -999.0 -999.0 0.327359 1.0
921.4901954910198 372.02328119291184 -999.0 -999.0 0.32938027 1.0
830.1838368876583 433.6539765565024 -999.0 -999.0 0.3585134 1.0
790.4398823522142 411.73755577875494 -999.0 -999.0 0.33410594 1.0
814.78171264023 421.68495091896943 -999.0 -999.0 0.3445665 1.0
863.3473085032692 425.11738243623745 -999.0 -999.0 0.3586437 1.0
834.5484229101894 350.7409814573159 -999.0 -999.0 0.27873534 1.0
834.0006073964513 350.6023748446482 -0.184927 0.074561 0.27860335 1.0
859.0910034133772 356.78582059103604 0.159068 0.058076 0.2870957 1.0
709.9985595101875 288.75246159403974 -0.021333 0.120484 0.21772479 1.0
995.2372947709752 405.140294694671 -0.317087 0.155883 0.3511978 1.0
949.9671364076634 388.8348353141907 -0.119593 -0.057303 0.31368688 1.0
880.885286123911 369.60427255550155 0.217695 -0.089336 0.28224742 1.0
1001.6073666511022 404.8292443353559 0.220735 0.380702 0.32631862 1.0
997.6545931860809 401.6537666756465 -0.087669 -0.152552 0.32479045 1.0
1030.5310227748935 412.8734541861602 -0.305785 0.174316 0.33789253 1.0
619.7225949878796 380.023472829353 0.032249 -0.335338 0.35267335 1.0
605.7250565482087 347.0349340364299 -0.306022 0.205585 0.31523648 1.0
610.5226255241547 342.06888249408826 -999.0 -999.0 0.31065872 1.0
573.3625046561947 325.3897331072272 -999.0 -999.0 0.28041717 1.0
725.7887755614589 374.47734021997036 -999.0 -999.0 0.35764867 1.0
504.6516869107144 346.12509352354203 -999.0 -999.0 0.28684542 1.0
653.0073804584167 353.0476345578938 0.012857 0.051568 0.3143492 1.0
598.0170833032527 308.9257886077188 -0.095496 0.036131 0.26503003 1.0
539.8527162145035 384.31245588194304 0.18092 0.368275 0.3233959 1.0
634.5659777804599 387.8118810249413 0.010337 -0.005737 0.3388332 1.0
577.8683696121984 389.4856651083397 -999.0 -999.0 0.3263308 1.0
599.5063856861309 382.1664005404481 -0.302475 0.281915 0.323651 1.0
647.4767608007686 398.4690560003616 0.366509 0.423823 0.3463721 1.0
465.09699886311114 342.6561113496612 0.027203 -0.084551 0.26487696 1.0
519.8439803322833 348.48628173757345 -999.0 -999.0 0.2748131 1.0
690.8344475035858 325.88741215590767 -999.0 -999.0 0.27544123 1.0
703.7634683332444 327.88452462221693 0.378284 0.343473 0.28118408 1.0
653.1484943848138 378.72499719985683 0.262015 -0.094871 0.35961765 1.0
610.4584783706912 344.7264188435476 -0.116439 0.16645 0.3169852 1.0
552.7183862693928 342.12735406897934 0.056083 -0.330412 0.2974019 1.0
631.0762361769931 356.5344580843502 -0.231817 -0.207957 0.32306153 1.0
632.3748602450595 354.6126781317158 -0.059051 -0.154007 0.3216375 1.0
527.3583248056923 380.08582534069154 0.397721 -0.077557 0.32052913 1.0
658.3621747169309 391.69452182231174 0.147294 -0.141317 0.35075578 1.0
627.3508690140415 363.98525279496704 0.022284 0.096591 0.31708464 1.0
741.5595321605001 382.80872348230884 0.539977 0.068796 0.3563788 1.0
548.8519233493811 382.88811640674777 -0.134696 0.36874 0.32074618 1.0
605.6147497186724 364.42643980793525 0.241964 -0.283632 0.30741915 1.0
676.8198444615147 356.73420384060233 -0.529891 0.112732 0.31248927 1.0
613.9276529504684 311.0430929314846 0.12171 -0.066032 0.2594803 1.0
771.9988312220455 382.3215172686312 -0.117151 0.001239 0.35223007 1.0
500.50338725194325 385.2739490641653 -0.257936 -0.080792 0.3115075 1.0
576.3646469334705 385.5007044628498 -0.081334 -0.245732 0.32125196 1.0
528.3883943446848 297.16572760466966 -0.055146 -0.034605 0.23171815 1.0
616.1558786803504 314.1130836412611 0.362461 0.647248 0.25817278 1.0
602.0611641194345 342.11555796910596 0.213727 0.462868 0.31726572 1.0
612.1823752417313 337.4756391561698 0.402802 0.117695 0.3118207 1.0
602.9837516129681 337.6860397159608 -0.114979 -0.357535 0.3091491 1.0
614.1877470497408 341.37484867069765 0.107427 0.254283 0.24648301 1.0
772.5872779880788 354.0924320580682 -999.0 -999.0 0.27581912 1.0
802.4609853558399 430.77327123927796 -0.501104 0.314501 0.33210436 1.0
773.4028209374607 396.1234565938622 -999.0 -999.0 0.29868168 1.0
701.75907283602 357.05236695473684 -0.228373 -0.000338 0.2583119 1.0
795.0004973558707 423.1648531406462 -0.178465 0.076962 0.31714702 1.0
877.5507129512739 413.1624315067271 0.307227 0.101004 0.3184924 1.0
866.3768847373349 464.1631884704513 -0.525271 0.549058 0.35810265 1.0
852.993600444581 436.2600731239078 -0.264608 0.143935 0.3299018 1.0
918.2260677229918 398.03472456089264 0.09317 -0.092023 0.30850852 1.0
891.9457342346061 423.90261833413143 -0.223204 -0.496133 0.31663653 1.0
914.7768032192321 394.9463796190057 0.046273 0.060153 0.29721394 1.0
881.9527926481273 374.13775897674435 -0.066381 -0.154055 0.27654305 1.0
559.46536810518 396.6619384677828 -999.0 -999.0 0.32141614 1.0
559.1161469353237 397.731582158748 -0.344627 -0.093644 0.32107812 1.0
661.6282115594847 399.8103869456046 0.107989 0.541066 0.33753857 1.0
564.6918691064419 295.0355636847035 0.052251 -0.060417 0.2299989 1.0
817.7231947004352 381.61934500006305 -0.112723 -0.223922 0.34229356 1.0
760.3247273845506 345.607841855245 -0.144998 0.265358 0.3011364 1.0
779.9239940163203 346.57300255165046 -0.298515 -0.059332 0.30516312 1.0
864.6198846754547 382.6269585802425 -0.108404 -0.05828 0.35305154 1.0
591.6334128772367 413.47843188465384 -0.196695 0.341988 0.33434305 1.0
635.4653489241291 410.7634853909764 -0.300258 -0.066139 0.33719555 1.0
621.5126791558458 404.7356782519789 -0.101023 -0.248134 0.3314995 1.0
633.4696638023141 401.5073458840611 -999.0 -999.0 0.3280872 1.0
470.0227423798871 269.47046044908217 -0.198442 0.044552 0.1951321 1.0
649.270457279743 363.6768175105812 -0.060089 -0.018762 0.292503 1.0
659.053716790147 363.802727846143 0.09642 0.395873 0.29283166 1.0
439.67373593255985 231.72298416063015 0.105511 0.070522 0.16542648 1.0
708.5592663047815 372.58346315729943 0.250262 -0.227587 0.30910146 1.0
473.5812380223319 243.51458120282172 0.164644 0.074479 0.17732808 1.0
653.32960750842 328.2719234890903 0.078503 0.187753 0.26344246 1.0
792.816923020089 371.57743693012065 0.123017 0.078122 0.32271257 1.0
809.3073725944521 372.61660862328677 0.135493 0.264241 0.32534653 1.0
878.2428089894579 384.1276617643123 -0.718189 -0.137244 0.35159764 1.0
787.6293593322441 344.47787738222445 0.277166 0.172667 0.29950675 1.0
690.6380466398049 297.7045467289509 -0.278261 -0.04544 0.24550937 1.0
403.15739678690966 292.78769663504033 0.175538 -0.018518 0.20373753 1.0
660.0155390071809 410.6131984356175 0.14708 -0.001496 0.33177942 1.0
392.6994786769115 242.29259590530967 -0.069489 0.515045 0.16477087 1.0
674.4372223266121 375.886382803843 -0.007932 0.17818 0.30114248 1.0
643.819768272582 328.82913055664034 0.007392 0.072743 0.257181 1.0
863.9787247398968 371.88491434255064 -0.035718 0.026802 0.3284533 1.0
901.6633408744627 387.07680256593255 -0.180715 -0.062992 0.35178462 1.0
813.9434899590374 344.85163696591303 -0.077682 -0.07171 0.29847696 1.0
488.96484767149406 310.95490612958133 0.105668 0.139465 0.22226405 1.0
666.7253077599685 415.0956892911365 -0.095009 0.125986 0.3329726 1.0
670.5237257199751 412.72231523133325 0.323155 0.146127 0.32956767 1.0
638.3522367874666 341.06867496534034 -0.123555 -0.236708 0.26133 1.0
815.3379975812088 420.91603799781615 -0.081154 -0.083807 0.35918188 1.0
818.1665726780633 420.666827880005 -0.105539 -0.120927 0.3593941 1.0
824.4554567018548 411.00151559642256 -0.09801 -0.315712 0.34790775 1.0
574.4228777013437 273.7336995431533 -0.010782 -0.155823 0.20195201 1.0
865.0784417064351 399.6559070846883 -0.430747 -0.152608 0.34651294 1.0
692.36925283247 295.0586903710634 -0.083647 -0.011614 0.23371746 1.0
550.9062806067967 234.41211103963892 -0.499214 -0.134349 0.17427213 1.0
698.763943307147 296.8704259131347 -0.113569 0.090208 0.23594634 1.0
852.2066826824027 358.79167606475625 0.29896 -0.173527 0.31017056 1.0
860.9393092608921 352.5110981702729 -0.208744 -0.216242 0.30660075 1.0
927.3372631941451 378.4302900460611 -0.10784 -0.257793 0.342218 1.0
920.4505393073845 370.4861538165279 -0.049064 0.47639 0.33136934 1.0
515.1091411812604 347.1287555948372 -0.075024 -0.169536 0.24901918 1.0
559.3157157839074 361.807229228284 -0.00045 -0.158566 0.2658829 1.0
686.8499807988645 425.66944104913773 -999.0 -999.0 0.3396663 1.0
576.2857249257365 335.1757347759985 0.342914 -0.434141 0.24512787 1.0
743.9741610029492 404.66393659556934 -0.130375 0.351425 0.32269892 1.0
769.0480496415554 414.63000545071503 0.267274 -0.075575 0.33610976 1.0
643.841717534504 346.3111833611487 -0.076328 -0.04972 0.25987858 1.0
783.2675575175153 411.25982804869557 -0.123517 -0.110954 0.33373293 1.0
829.3158497156938 428.65479501334676 0.012143 -0.017448 0.35946846 1.0
622.6879214139298 311.19905897375406 -0.196258 -0.069736 0.23034675 1.0
787.3819521263819 365.03419690796966 -0.109185 -0.25367 0.2944591 1.0
736.963057837385 312.0128231577857 -0.015738 0.258519 0.24803667 1.0
726.222330135584 304.7077701179076 0.442913 -0.017256 0.24141504 1.0
836.5220609472278 336.6598493436617 -0.788376 0.152458 0.28262395 1.0
577.5010294555666 379.8029004863869 -0.138263 -0.28038 0.27679768 1.0
561.2268742704581 371.7973714283824 0.249341 0.115907 0.27055344 1.0
520.4850672953534 299.18570674849394 0.023597 0.033034 0.20649128 1.0
613.5728130851429 339.9133868102268 0.285604 -0.272514 0.2483562 1.0
771.7228964270477 410.77567307509975 0.071086 -0.216611 0.32509592 1.0
658.899497997803 348.3547114321564 -0.057054 0.255283 0.2597775 1.0
787.3942698258628 405.8287623995456 0.134831 0.00474 0.32372618 1.0
570.1713848466327 289.2035031261133 -0.115465 -0.124677 0.20457746 1.0
858.7876092156296 420.64389131954374 -0.006174 -0.337337 0.3496773 1.0
850.7609436150924 362.3394264380774 0.425193 -0.197291 0.2984985 1.0
944.2748322881158 391.9658758233054 0.01268 -0.084051 0.3383564 1.0
684.2573554067912 278.3109113707853 -0.242147 -0.028905 0.21274832 1.0
740.7589577037959 302.0575756501382 -0.143157 0.083592 0.2375494 1.0
684.5313719243794 275.66655820844755 0.017771 0.120668 0.21185243 1.0
857.3834309427575 343.08818335229415 -0.189802 -0.062085 0.2851379 1.0
509.7228707483727 349.00695570282926 0.284734 0.076427 0.24042681 1.0
446.98308544333344 283.5404414857832 0.197894 0.001299 0.18213291 1.0
547.7195928463553 342.7583546615194 0.088523 0.034244 0.2332386 1.0
454.76410709319174 301.76595433907266 0.436342 0.057344 0.19290826 1.0
630.5801381843887 381.3437888395159 -0.11991 0.227972 0.26611587 1.0
762.2695600431912 450.2334217967983 0.483455 -0.508782 0.3389638 1.0
770.4618116490615 446.79038576889036 -0.018216 0.45834 0.33179063 1.0
795.2015687456368 445.71486714041515 0.452772 -0.088069 0.33346847 1.0
738.2738349055095 407.18705986303456 -0.344643 -0.332383 0.29273614 1.0
609.301092565312 343.63821358331296 -0.326728 -0.227509 0.22676663 1.0
473.5153389345604 303.0224402448538 0.02238 -0.03599 0.20285076 1.0
838.4336260929523 416.83311642169525 -0.088332 -0.225356 0.33635834 1.0
747.3693873680119 337.212901324404 -0.171425 -0.202157 0.25813523 1.0
713.4931673934339 289.12672756430146 0.103549 -0.123676 0.22109924 1.0
768.18990391334 308.8406345291525 -0.107159 -0.297921 0.24279073 1.0
744.3320815065136 297.9120678371783 -0.214054 0.30474 0.23082714 1.0
746.793579509321 300.5155643080598 0.02877 -0.163315 0.23402777 1.0
710.009431634646 417.68354193766766 0.083986 0.099518 0.31491587 1.0
861.7635606277103 397.35593023391283 -0.437186 -0.27996 0.31525773 1.0
853.3607899286594 380.70605806949055 -0.089268 -0.317468 0.2995443 1.0
779.6355610077644 338.0615685808841 -0.165775 0.052631 0.25879747 1.0
925.1936449961746 382.83895207297047 0.177644 0.0606 0.3134984 1.0
528.3216508113263 343.04566936887625 -0.12212 -0.496973 0.22972062 1.0
627.8947085850234 377.0398268339108 0.294132 -0.003861 0.2647412 1.0
622.1835828410308 372.9332219224814 -0.028388 0.181255 0.26121128 1.0
748.6549899457125 440.52301857257584 -999.0 -999.0 0.33192217 1.0
525.4085397907203 301.2243614285729 -0.067808 -0.180784 0.19988623 1.0
700.7961205953856 358.00715581713365 0.143068 0.273657 0.25606957 1.0
677.0923557005564 344.10884048814546 0.006456 0.019171 0.2441753 1.0
781.6806918636881 396.76792197802007 0.110516 0.129704 0.2977949 1.0
601.9006239198851 302.6922508071527 -0.15397 0.058417 0.20578174 1.0
613.7082237895703 301.0085641016353 0.067132 -0.050948 0.20608945 1.0
790.7004954104226 341.5481882355418 0.024559 -0.155339 0.2573272 1.0
844.7247481154759 363.2591456340962 -0.234719 -0.48023 0.28083044 1.0
864.764654940175 361.34914982868924 0.30976 0.152843 0.28261063 1.0
858.8001812658918 352.88747968179047 0.129421 0.142452 0.27383453 1.0
860.1177993211246 352.6181619578467 0.165791 0.025993 0.2741581 1.0
856.7685867959229 352.5547862092622 0.369099 -0.273291 0.27381817 1.0
946.5963793640102 387.86167816801856 0.028068 0.193736 0.3145038 1.0
908.4747224312415 369.75829673565903 -0.261754 0.044415 0.29585186 1.0
875.7872431734698 354.1116153573404 -0.199334 0.030309 0.2793246 1.0
999.4929014873546 404.1115462405272 0.033569 -0.12799 0.33862987 1.0
1003.4869636399014 402.2149323803228 0.278375 -0.283846 0.33791104 1.0
593.3321313568069 235.5956192702504 0.096813 0.280401 0.16542476 1.0
757.300957558682 466.24705664497833 0.278648 -0.067236 0.3509485 1.0
636.1681570972842 382.9091926444186 0.178427 0.047071 0.26513386 1.0
645.6818424327554 385.9431832809219 -0.066356 0.145204 0.26976582 1.0
555.3917989161816 320.21547789533645 -0.013355 0.050177 0.2108235 1.0
781.3141093415713 445.8370018493674 0.158641 0.05756 0.33353812 1.0
853.2246323447187 421.66701772692886 -0.04447 0.028727 0.32008094 1.0
925.7290607702646 423.8230262400026 0.071087 -0.09132 0.33370477 1.0
653.3561101444116 291.6098592342303 -999.0 -999.0 0.20047075 1.0
902.1620425367012 397.2071425105279 0.112463 -0.167944 0.30603343 1.0
621.5427192449835 269.77942995695025 -999.0 -999.0 0.18516695 1.0
822.874488636567 355.64572306465874 -0.125299 -0.171696 0.26595286 1.0
706.4585339562419 299.5785215380402 0.102767 0.025565 0.21258827 1.0
981.5710535373502 406.0176730471395 -0.470657 -0.394225 0.32814965 1.0
769.7831082070004 309.1086012936771 0.167925 -0.169877 0.22662577 1.0
976.7050644642218 388.9187278925702 0.075064 0.065205 0.31339645 1.0
913.4968052019523 415.60450507110664 -0.109002 -0.286718 0.3173772 1.0
795.8925443973985 353.99374645584254 -0.073809 0.214597 0.25435758 1.0
902.1788859699561 395.1044888320897 0.012849 -0.106325 0.29916662 1.0
891.8209228370861 369.6043320979687 0.129625 -0.254789 0.27923852 1.0
904.2007051160334 373.71814908037044 0.335308 -0.043573 0.28380772 1.0
930.9864222229663 380.230239413245 -0.206661 0.290783 0.2921788 1.0
991.3322856419197 395.42173304339815 0.306807 0.101904 0.3151204 1.0
1017.6805467862986 395.72828782973426 -0.511203 -0.022769 0.32060844 1.0
804.12462787778 356.264350953557 0.056559 0.087307 0.25325897 1.0
863.4921492180357 376.1033437887316 0.172308 -0.246619 0.2750399 1.0
404.8009088246695 310.5523908479945 -0.068425 0.120834 0.22841004 1.0
414.0243056012362 311.122400554616 -0.614462 -0.258716 0.22939652 1.0
532.3254141783176 393.14124227287294 -0.149581 -0.380112 0.3174083 1.0
473.651768638657 316.80350653793823 -999.0 -999.0 0.23835458 1.0
378.8962109356285 251.84466224241964 -999.0 -999.0 0.17830867 1.0
591.2052672986304 394.719707442062 -999.0 -999.0 0.32572913 1.0
608.2299779266148 393.4313572000876 -999.0 -999.0 0.32566395 1.0
618.7947395046994 402.7681039257838 -999.0 -999.0 0.32939526 1.0
474.3646188061053 303.7427855467825 -999.0 -999.0 0.22439753 1.0
635.2131533518517 373.2873490562284 0.001049 -0.067423 0.30331224 1.0
455.39652013867004 320.17552506162934 0.120378 -0.35336 0.22396064 1.0
643.6267168705848 418.767016437006 -0.272465 -0.207813 0.33159038 1.0
577.9748356479687 370.44107923481187 -0.071146 0.547469 0.2763722 1.0
653.4109531714978 418.6778224182725 -0.007476 -0.110222 0.3323786 1.0
666.116504675768 418.41051616848574 0.097555 0.039465 0.33065313 1.0
567.8506031430446 347.3178211613003 -0.488933 -0.185099 0.2569043 1.0
515.0571636838752 337.27131086143777 -0.304285 0.305576 0.2390592 1.0
539.3435907853668 337.80708144730403 -0.120173 0.044726 0.24139914 1.0
534.8069756090176 337.12326745047955 -0.057695 -0.084002 0.24083246 1.0
513.7989506846421 302.0893047457871 0.22434 -0.082113 0.21079959 1.0
584.6165881834188 340.62246309352906 0.050526 -0.119096 0.24728431 1.0
611.9033426586026 350.7807703840116 0.081505 -0.077188 0.25848305 1.0
564.4298114817855 293.8059423121581 -999.0 -999.0 0.22935358 1.0
652.0290788302445 372.29260950815603 -999.0 -999.0 0.304934 1.0
496.370478985047 276.02028789812545 -999.0 -999.0 0.20409714 1.0
663.9277370872717 370.5640449837411 -999.0 -999.0 0.30476782 1.0
774.5816910824864 368.7903376993382 -999.0 -999.0 0.32115218 1.0
643.0838532665482 296.4440580448871 -999.0 -999.0 0.23812753 1.0
808.5262131019268 367.8485419261995 -999.0 -999.0 0.3253916 1.0
873.950247251262 382.547613134017 -0.512781 -0.242269 0.3532665 1.0
739.7144915570444 322.480513469645 0.053849 -0.350543 0.27564466 1.0
631.1187586271287 407.02355005655704 -0.2391 -0.011676 0.33034116 1.0
563.8062279778321 366.37833714975716 0.06654 0.636493 0.28360352 1.0
629.1137656695652 402.6781654739506 -999.0 -999.0 0.32433835 1.0
586.4228423425856 364.5807115238523 -999.0 -999.0 0.28397405 1.0
507.0395064986718 300.2841486526151 0.390827 0.06794 0.22098763 1.0
609.7866811387062 347.0817124170251 -999.0 -999.0 0.26955837 1.0
663.7839257738033 374.82851321253594 -999.0 -999.0 0.3010078 1.0
593.8917772912084 320.8590253267233 -999.0 -999.0 0.24608485 1.0
586.2323753374038 303.0989539693956 -999.0 -999.0 0.23035724 1.0
785.8381425974856 401.6360372427713 0.058667 -0.204213 0.34451726 1.0
744.7143058455381 362.0438022197294 -999.0 -999.0 0.3024002 1.0
834.3282402526904 402.277991092498 0.154905 -0.310988 0.35630396 1.0
664.8398526461102 309.7865605483211 -999.0 -999.0 0.2478027 1.0
807.138985910948 368.3118668726248 -999.0 -999.0 0.3183323 1.0
702.4897858599451 310.23773391347146 0.097984 0.066037 0.25251234 1.0
872.8243901793292 380.9207534592339 -999.0 -999.0 0.34153745 1.0
875.5798042847376 377.7155606308399 0.192365 -0.261764 0.3414563 1.0
803.3450606190493 344.7671871251175 0.181961 0.244514 0.2973023 1.0
800.8237262262019 343.71647169175145 0.394021 0.077035 0.297999 1.0
808.5195152828562 343.0218940460081 -0.203482 -0.069243 0.29802525 1.0
608.3715817773996 414.7169135727384 -0.131876 -0.020318 0.32880095 1.0
680.8950587156427 410.85127832157656 -0.390051 -0.042681 0.33159122 1.0
397.14941590850333 239.83084126136535 -0.098609 0.172732 0.16320722 1.0
734.1540065096992 410.91791235128653 -999.0 -999.0 0.33780187 1.0
624.5082495672073 330.36913439883455 -999.0 -999.0 0.25166777 1.0
591.7548697414849 295.37653918952844 -999.0 -999.0 0.22245519 1.0
822.2973861669575 380.6030850515883 -999.0 -999.0 0.32557592 1.0
900.9760838895081 395.21260827825904 0.057429 0.126059 0.35177374 1.0
760.1678133657681 333.72239831318655 -999.0 -999.0 0.2767881 1.0
911.456555369515 394.3464795868702 -999.0 -999.0 0.35523722 1.0
772.5744517667042 330.9273681632889 0.15303 0.001163 0.27624986 1.0
902.6101356335847 377.7563853819115 -999.0 -999.0 0.34003562 1.0
636.8656083274585 342.8063730052944 -999.0 -999.0 0.25917652 1.0
582.4395151395111 304.38448039671147 -999.0 -999.0 0.22367047 1.0
834.052325598551 421.3437617865171 -999.0 -999.0 0.35783878 1.0
832.947838045792 414.4757606337035 -999.0 -999.0 0.3487471 1.0
759.9865768407855 370.7248371488087 -999.0 -999.0 0.29873902 1.0
583.1782822073455 276.1776650131933 -999.0 -999.0 0.20285472 1.0
721.9486244082468 328.04765171853063 -999.0 -999.0 0.25807503 1.0
648.0274152798846 273.7902648953155 0.002956 0.126303 0.2113624 1.0
876.9529306813685 368.20701229774374 -0.284663 -0.160654 0.31575465 1.0
718.8578331045404 292.4887314383237 -999.0 -999.0 0.235124 1.0
786.4282241031838 413.96171499802995 -999.0 -999.0 0.33603814 1.0
832.830563012857 375.0530594752342 -999.0 -999.0 0.3078712 1.0
827.7627479969511 341.09698676164504 0.074796 0.103606 0.280383 1.0
985.8765004179621 403.11743705779713 -999.0 -999.0 0.3599027 1.0
560.725795762745 228.66398650997385 -999.0 -999.0 0.16830297 1.0
743.6570593048205 295.6315028975763 -999.0 -999.0 0.23521982 1.0
745.1315199157293 296.3474533265589 -999.0 -999.0 0.2358423 1.0
750.6935464701891 300.8577919448525 -999.0 -999.0 0.23646241 1.0
859.7166172740895 340.910728364473 -999.0 -999.0 0.28243485 1.0
588.8953391480194 293.2261339745416 -0.196471 0.216114 0.20426796 1.0
836.3729005133833 349.57691739734105 0.067664 0.055909 0.27881378 1.0
696.1128036058955 288.47697963845206 0.217639 0.107737 0.21590148 1.0
697.0175827576587 288.849716835088 0.014062 0.280604 0.21625447 1.0
863.5179785311625 348.9635058400935 0.378903 -0.258327 0.28270876 1.0
770.7306523526855 307.94800325374865 0.248287 -0.069638 0.239962 1.0
861.2775275509473 364.9187027221203 0.224966 0.160909 0.27960646 1.0
889.8146115171393 365.49066347935235 0.136056 -0.513301 0.2854495 1.0
835.3772135999907 341.3455595637624 -0.135326 -0.123972 0.25928274 1.0
825.7659887760266 339.25472282891656 -0.02255 0.231035 0.25894648 1.0
859.8017876107026 349.9984496878163 0.232298 -0.053063 0.27125654 1.0
874.0940838223064 350.8322248509524 -999.0 -999.0 0.274628 1.0
888.2669002097024 388.8738526172265 0.024059 -0.116732 0.29401058 1.0
1004.745595439719 405.6180181967794 -0.186297 -0.235151 0.32730383 1.0
874.9379480600029 354.9821407318212 -0.184714 -0.217452 0.26995707 1.0
592.8064922788028 363.19530402035355 -0.020616 -0.374518 0.33055985 1.0
490.81599433362686 295.3416109886518 -999.0 -999.0 0.24792941 1.0
631.9175051285295 380.43981137446036 0.419882 0.024114 0.35300812 1.0
583.869887393016 352.32219865030345 0.11928 0.502844 0.316117 1.0
630.6333515429277 380.06851473283035 0.036483 -0.363701 0.3540763 1.0
605.2468399365724 363.7805968124375 -0.199376 0.064295 0.33090928 1.0
630.5738090647471 342.59560582796684 -999.0 -999.0 0.31402245 1.0
571.4769311485497 379.98781764236156 -0.186875 -0.256978 0.338261 1.0
589.0913716172893 377.0041397767317 -0.14924 0.121016 0.3377514 1.0
586.5915170547983 376.2749655638936 0.051611 -0.529811 0.33711854 1.0
606.3548760844332 389.8119879880208 0.31789 -0.358959 0.35266685 1.0
568.8741381390108 315.47111128934927 -999.0 -999.0 0.27163982 1.0
641.1547311412597 356.92704657730775 -999.0 -999.0 0.32222462 1.0
643.3026037744562 350.1581278823103 -999.0 -999.0 0.31630245 1.0
421.88368667034996 305.75310524058693 -0.079069 -0.62273 0.23920968 1.0
521.2008466141594 348.4948198442111 -0.090674 -0.268369 0.29188985 1.0
464.14638505451603 296.59304155605827 -0.197528 0.328713 0.23572509 1.0
623.5053443346319 378.15449587623 -0.101688 -0.000187 0.33474246 1.0
611.3760874305234 315.80899057519485 0.265237 -0.527923 0.27314642 1.0
454.3905168561133 231.29331067653814 -0.10423 0.228114 0.18131249 1.0
452.77345621797934 308.1647805492116 -0.236254 0.09601 0.24049348 1.0
459.0559747163901 308.1152336793531 -999.0 -999.0 0.24165684 1.0
482.51367776795706 295.9636534225679 0.593244 -0.095744 0.23170719 1.0
488.89526339661415 297.5607709733339 0.119427 0.056506 0.23526317 1.0
631.2593941297926 383.6402701151837 0.14039 0.271546 0.33657813 1.0
498.64869518432135 295.63928710835756 0.044063 -0.293119 0.23294714 1.0
431.39111677155546 209.50593825231283 -999.0 -999.0 0.16088444 1.0
590.2201949347573 284.0343905385361 0.31999 -0.106353 0.23720632 1.0
324.74784791301613 252.84477010213703 0.369238 -0.367665 0.17979361 1.0
400.6190622225498 312.51887372575425 -0.384672 -0.296284 0.23462446 1.0
612.8198424183746 365.40465775462576 0.3761 0.133329 0.30659756 1.0
539.5308261177225 300.1110161891234 -0.469765 -0.249682 0.23880647 1.0
728.6100967952167 398.55569240283614 -0.155263 0.151254 0.3573877 1.0
589.8359683553788 311.67449010514525 -0.073111 0.018658 0.25552544 1.0
577.5596511497777 297.98654266268755 0.005837 0.07887 0.24021763 1.0
609.0750660974893 312.46481252710595 -0.143672 0.019724 0.25858495 1.0
548.968308524792 390.5914507775031 0.247949 -0.129974 0.31934947 1.0
541.36537870802 376.3247804776943 0.023147 0.016634 0.3046737 1.0
577.6187469588234 374.1831511659277 -0.274861 0.141246 0.30591184 1.0
615.9374051988361 361.6687401825605 -0.396236 0.083627 0.29796356 1.0
509.690359153826 285.66038157487725 0.205252 -0.170875 0.21784785 1.0
590.0815247177907 315.30775072723736 0.040395 0.116049 0.2526598 1.0
582.4039649326619 293.43316838008076 0.099071 -0.029314 0.23444642 1.0
608.5690855132475 294.24057666221586 -999.0 -999.0 0.23872814 1.0
769.7322511836111 345.8827304396471 -0.09479 0.135099 0.30580193 1.0
849.6020156523978 381.0930263656744 -0.453773 0.066416 0.35431463 1.0
488.1707819428712 294.3235985142181 0.179131 0.214243 0.24772595 1.0
454.1815053827867 268.72176822791033 -0.104427 0.037388 0.22065859 1.0
610.66361936671 349.7120478254872 0.009646 -0.295434 0.3214192 1.0
611.8662262124585 349.79345803362145 -0.333125 0.214368 0.32224613 1.0
476.10258585109244 257.14950800978545 -0.204947 0.025745 0.21305732 1.0
440.0395877612723 294.7174740873899 0.030898 -0.133936 0.23886831 1.0
439.1394367363314 292.15996828118307 -0.174889 0.199546 0.23658296 1.0
432.7426789649452 285.39682905136505 -0.336019 0.013956 0.2290119 1.0
450.7748153596803 292.84632196014263 -0.293854 0.062664 0.2378113 1.0
637.0981082648541 346.81886405982505 -0.710042 0.060608 0.31417924 1.0
580.0143709125605 314.2632798380731 -0.018198 -0.06696 0.2732397 1.0
572.3880998600929 309.8467714536343 0.312571 -0.064463 0.2681682 1.0
503.34696006101944 348.9237675397648 -0.320713 0.378321 0.29165912 1.0
578.1144434821738 399.59877649736825 0.128574 -0.267811 0.35683247 1.0
511.3369098097709 348.5021287159136 0.023599 -0.174612 0.29319414 1.0
448.96681249809126 300.0160672058433 -0.234076 0.017897 0.23815379 1.0
448.2283173827947 295.97553759651976 -0.231624 -0.559327 0.23435883 1.0
612.9113627490012 391.61114552858226 0.195659 0.39724 0.35219684 1.0
523.1200728072367 298.0191709200751 -0.200464 0.02945 0.2469438 1.0
647.9540865506931 366.9265875452247 0.705378 0.004743 0.33175254 1.0
580.3095163934759 325.0649041421209 -0.04058 -0.355941 0.27711233 1.0
580.2425745891073 325.9150738274659 -0.145071 0.082972 0.2795859 1.0
582.4976303679779 318.43926806983535 -0.492318 -0.302773 0.27354708 1.0
591.6898005476427 307.75556307597975 -0.374601 -0.019999 0.26491103 1.0
590.8546289693813 305.43378277173207 0.008976 0.039 0.26108477 1.0
465.31341980730264 298.22437464599 -0.160906 0.113293 0.23575954 1.0
598.2382806302394 363.3635778339477 0.200022 -0.225981 0.31242764 1.0
630.8272751031474 380.44551566013166 -0.125963 -0.011213 0.33588222 1.0
625.4098380444451 362.96478117572354 0.000264 0.206739 0.31573427 1.0
624.8025023598032 361.952547294546 0.047606 -0.243579 0.31432056 1.0
634.0653832516072 367.82422502485076 0.04505 0.372131 0.32321543 1.0
627.2181268584507 363.8309583425138 -0.145395 0.189807 0.31846792 1.0
504.69119511127246 281.9523791313495 -0.013555 0.406264 0.22492075 1.0
743.6358226258313 384.59097807054485 0.308447 0.121862 0.35915965 1.0
686.5155594863083 337.0428031102642 -0.356669 -0.056806 0.3007848 1.0
429.4493850717527 208.9298511301481 0.09889 -0.054986 0.160681 1.0
429.7994968205997 209.42662323017728 -0.11166 0.629689 0.16173016 1.0
547.6599689885904 383.59620304270845 -0.021681 0.117051 0.3199799 1.0
550.6947909736352 385.1767329355498 -0.27709 0.281507 0.3235896 1.0
552.6295777052865 384.80673630212533 -0.231816 -0.208221 0.32231036 1.0
533.343986437922 359.4727088635615 0.391752 0.104532 0.2942728 1.0
577.5847533577099 383.96291485461495 -0.136633 0.353076 0.3237178 1.0
602.6773014221037 380.19866902603036 0.240309 -0.195899 0.32344526 1.0
605.7808013767552 364.0032180912705 -0.003699 -0.310225 0.30752063 1.0
606.2400194424947 363.6095412462326 0.050243 -0.201398 0.30751857 1.0
521.9713946169215 294.69535194905905 -0.139789 0.293135 0.23289485 1.0
573.6539785148449 312.0648019724752 0.11499 0.188689 0.2539536 1.0
663.8109236012184 359.67667658048595 -999.0 -999.0 0.31200197 1.0
693.8256264575784 352.53445345964553 0.200864 0.016346 0.30869508 1.0
634.8533168409465 320.0167789279793 -0.098249 0.038879 0.27198038 1.0
625.2294759332281 311.80017082336366 -0.241622 -0.362303 0.26284462 1.0
507.9487938495488 346.3490080432779 0.334406 0.130768 0.27494085 1.0
574.8753508624598 387.03861769172045 -0.015646 -0.120665 0.32105425 1.0
576.8379373487675 386.2408752578504 -0.257835 0.012375 0.32185692 1.0
601.9636663086173 385.7504444513676 0.094098 -0.131652 0.32452178 1.0
612.6291271680926 386.0487224898164 0.012856 0.349361 0.32610297 1.0
647.7189347591094 354.39266461376553 -0.09739 -0.164734 0.2965203 1.0
477.20627750162953 224.97019668465606 0.202064 -0.097705 0.17289117 1.0
636.208657795001 290.4026337392143 0.131115 0.414893 0.2408453 1.0
577.432188399939 354.91867832523144 -999.0 -999.0 0.32696655 1.0
603.1731657319228 349.44051902469755 -0.177965 -0.327431 0.32323146 1.0
621.0091100506054 356.17805108642943 0.178685 0.428972 0.33467808 1.0
607.4122869537496 344.84378245066 0.625377 -0.132432 0.31931478 1.0
579.0912752847913 352.2467498877278 0.150001 0.274154 0.3282064 1.0
585.9534094970656 362.48053577164757 -0.116688 0.166907 0.3324298 1.0
479.3753045790206 294.90426398713544 0.309146 0.282084 0.24872659 1.0
572.3076308991643 345.67559504459143 0.002151 -0.318067 0.31196702 1.0
595.6200886621072 347.1072550431899 0.011737 -0.030633 0.31650376 1.0
586.9812612540685 340.4186970175809 -999.0 -999.0 0.24340002 1.0
728.3708082054488 425.80539790205904 0.074578 -0.134384 0.33245334 1.0
524.8014599834484 301.51550044168823 -0.255957 -0.067729 0.20825176 1.0
774.8548294952126 412.9020703332724 0.100895 -0.395125 0.32675207 1.0
786.4751772311234 416.92439377126743 0.531622 -0.253028 0.331411 1.0
809.3179596619331 423.44493691936265 0.147157 0.20161 0.34002692 1.0
666.4033857593407 344.7986968801321 -0.21856 -6.8e-05 0.25448716 1.0
555.0192392801658 301.04562595749553 -0.580442 0.269377 0.20631802 1.0
809.6828252208293 420.6957123789296 0.172091 0.450951 0.33024696 1.0
700.2582274358192 353.72180682115646 0.106828 -0.234695 0.26088643 1.0
821.6745740619909 425.21453788021927 -0.106757 -0.174114 0.32942128 1.0
821.7960465623436 425.0338643234657 -999.0 -999.0 0.33036795 1.0
834.1576658873607 424.0256397878681 -0.138562 -0.154721 0.33239868 1.0
713.5292285537313 351.36091062703224 -0.34579 0.084391 0.25527877 1.0
859.2066470279926 403.3011316281413 0.208409 8.8e-05 0.31658775 1.0
817.1313185025906 383.84391078871573 0.002619 0.067628 0.2956083 1.0
803.5605983741788 340.4903427337901 0.306542 0.019744 0.26159832 1.0
630.4126240232399 348.06283992036197 -0.354874 -0.038273 0.24044836 1.0
837.19192916628 460.4135956264467 -0.544371 0.244097 0.35958186 1.0
870.6775497343523 435.1161476143161 0.143134 0.13803 0.3395424 1.0
668.2378093221847 287.41493655663317 0.132309 -0.12031 0.19855946 1.0
685.1227849282743 301.7970034921632 -0.022803 0.556208 0.20552939 1.0
680.9058524997525 293.30343851920435 -0.416332 0.283044 0.19954287 1.0
684.9226531865569 295.41930421860883 -0.002355 0.368073 0.20165503 1.0
882.1864165570962 358.0308441242664 -0.405632 0.216778 0.26743358 1.0
738.4824356310238 294.7563047097767 -0.019223 0.124179 0.20853609 1.0
