X Y e1 e2 Z WEIGHT_SEEING
808.5936640885573 1.2076177689944823 -0.016826 0.057109 0.27438158 1.0
841.8441264958234 -12.789138098704953 -999.0 -999.0 0.29293332 1.0
890.7144002883769 -5.2536181114149745 0.117397 -0.122015 0.31651172 1.0
946.7483153151431 -15.160937248412612 -999.0 -999.0 0.34418315 1.0
888.8007054493746 2.7318889856800523 -0.134008 0.30268 0.31291392 1.0
885.1302345908708 -25.056437037323914 -999.0 -999.0 0.33264002 1.0
804.2888530019255 -7.929614892257477 -0.719369 -0.074366 0.2898418 1.0
786.8447874236759 -25.696825376503543 -999.0 -999.0 0.27558967 1.0
906.4309082785362 -14.244215758359134 0.177053 -0.330624 0.33886912 1.0
856.2979039152563 -4.03282390874564 -0.062762 0.21792 0.30878115 1.0
794.2609349192082 -21.08297076884637 -999.0 -999.0 0.273407 1.0
914.9085803232367 -8.845325590247798 0.080368 -0.070525 0.33488327 1.0
893.901043345828 -15.304309260625816 -0.226383 0.160056 0.34633332 1.0
914.0443797255314 -16.464808982162165 -999.0 -999.0 0.35812393 1.0
926.7358466761385 -18.231149358002074 -999.0 -999.0 0.35188964 1.0
844.9220699211685 -17.101465548648477 -999.0 -999.0 0.29259357 1.0
826.9171871039925 -28.64227412797201 0.045668 -0.123171 0.30674028 1.0
819.8941210292896 -28.7991418975677 0.092674 -0.198188 0.30281067 1.0
563.6843731135972 0.3265146994751431 -0.058129 0.36633 0.17704585 1.0
947.557430085957 -12.06451970294162 -0.057225 -0.42538 0.35374615 1.0
830.0370352813153 -16.406558044452716 -999.0 -999.0 0.29083633 1.0
729.5842884626064 -2.1200092268966824 0.235132 0.067524 0.24275264 1.0
874.1032995653055 -6.991182110406101 -999.0 -999.0 0.3117067 1.0
960.8587157193282 -12.181344107381399 0.178793 0.062907 0.35784447 1.0
883.7898805566904 -5.045630566574945 -0.023913 -0.170449 0.3129568 1.0
808.672177953533 -6.380812188934472 0.158425 -0.061161 0.27460733 1.0
732.1873402589688 -1.6138446945832103 0.025 -0.054289 0.23786409 1.0
906.8034894815939 11.64942324438393 0.188293 0.226589 0.32261944 1.0
826.3773178992437 1.0262710863109654 -0.045626 -0.333289 0.27958313 1.0
522.4396390673877 -12.227156281806867 -999.0 -999.0 0.1701824 1.0
898.8506286756804 -10.311223786378019 -999.0 -999.0 0.34601897 1.0
752.0518198949142 -11.253899375641106 -999.0 -999.0 0.26588464 1.0
759.1252013374699 -15.445818330808759 -999.0 -999.0 0.2688216 1.0
879.4287265796572 -22.962496007227447 -999.0 -999.0 0.33030915 1.0
882.841397835405 -23.15414963332369 -999.0 -999.0 0.33222073 1.0
586.0600313097838 -15.036321218932622 -999.0 -999.0 0.19007827 1.0
560.5889159699635 -2.8341017577891967 0.14173 0.197183 0.1799997 1.0
788.3851385167892 -5.367300079069931 0.033854 -0.011108 0.28270683 1.0
894.9378716026763 -18.027335525956744 -999.0 -999.0 0.33516008 1.0
634.5017620722454 -22.277615396909553 -999.0 -999.0 0.20641783 1.0
777.7312612804801 -11.811876126530901 -999.0 -999.0 0.27204618 1.0
876.4799181676213 -22.91789234628781 -999.0 -999.0 0.32014826 1.0
894.9731353749661 -24.495534650493514 -999.0 -999.0 0.3287196 1.0
660.7746505248283 -1.9314562882545483 0.221703 0.153475 0.21689488 1.0
785.9642184995048 -8.774899600677706 -999.0 -999.0 0.27315667 1.0
878.3603128801772 -13.177931504803515 -999.0 -999.0 0.31760612 1.0
702.768915405094 -15.396371330603749 -999.0 -999.0 0.23183042 1.0
697.4497321313759 -15.722753448440043 -999.0 -999.0 0.22963957 1.0
567.7579985734432 1.369825738499872 0.249692 0.229598 0.17754716 1.0
868.5129967861166 -6.35280211360416 0.241682 0.064233 0.31055894 1.0
830.6209171317432 -8.16757783837992 -0.288659 -0.182431 0.289689 1.0
827.201777595161 -8.571319822734786 0.175946 -0.141357 0.28799102 1.0
813.6216400938082 -10.530901168719252 0.080486 0.142142 0.2823188 1.0
870.6798368056116 -14.306045350834175 -999.0 -999.0 0.30912113 1.0
620.357207266229 -14.737859455230707 0.019763 0.186447 0.19503497 1.0
569.9421593070356 2.4380068700512134 -0.302536 0.147717 0.1767761 1.0
797.3959218546418 0.6111298706348923 0.125982 -0.221109 0.27341148 1.0
880.8174662249968 -4.871444232572749 -0.184483 0.094278 0.31168965 1.0
808.4378530312438 -6.0675283248239245 -0.015197 -0.362175 0.2760454 1.0
591.6556332275571 -10.76603732711405 -999.0 -999.0 0.19646497 1.0
880.4873617585502 -24.781873863422177 -0.053783 -0.219484 0.33416292 1.0
835.5405276583962 -26.10047246867745 0.192848 0.083426 0.30870467 1.0
691.1163334585691 -22.921681055532613 -0.16762 0.336458 0.23708446 1.0
692.2676597607012 -24.577907998931174 -0.302877 -0.017413 0.23772785 1.0
594.7812830026553 -21.029092120487295 0.041173 0.286391 0.19439122 1.0
863.4432522979259 -31.401979023002408 0.244955 0.212548 0.32200095 1.0
890.6034391732727 -18.647156756687913 -999.0 -999.0 0.33151758 1.0
889.7402326292846 -26.565676751728137 -999.0 -999.0 0.32878837 1.0
683.5536432445507 -6.17839120304894 0.036017 -0.233069 0.23349945 1.0
896.8781092710688 -12.782361978094135 -0.164302 -0.35407 0.3408635 1.0
770.4178445517138 -17.12515092175159 -999.0 -999.0 0.27232686 1.0
928.1640702624842 -5.359155114086735 -0.090715 -0.339724 0.35698375 1.0
588.4255388965926 -5.330775250566516 -999.0 -999.0 0.18944639 1.0
648.7811370080559 -8.227079178752396 -0.168504 0.102611 0.21508399 1.0
781.7422359245072 -12.476163761333282 -999.0 -999.0 0.2744727 1.0
901.151248786199 -16.782972102216583 -999.0 -999.0 0.33738303 1.0
800.1076363483486 -16.93258076968134 -999.0 -999.0 0.28334042 1.0
877.5264392024728 -22.370184937669208 -999.0 -999.0 0.3212233 1.0
724.5819105366595 -21.268836662552477 -999.0 -999.0 0.24518438 1.0
554.9042216667555 -2.1831773081141264 -999.0 -999.0 0.17492431 1.0
865.7692039185631 -10.002126863537645 -999.0 -999.0 0.31437752 1.0
595.9827563123182 -7.994776126408968 -999.0 -999.0 0.18952838 1.0
818.3585690574594 -15.320935462260742 -999.0 -999.0 0.28798378 1.0
545.169684901439 -16.20166321606206 -999.0 -999.0 0.16878216 1.0
749.8338899489546 -14.52147943709505 0.195934 -0.205978 0.27015126 1.0
588.8819216599081 -14.90012863712343 -999.0 -999.0 0.19596271 1.0
774.1896367586007 -22.3846193406311 -0.022085 -0.044658 0.28053442 1.0
816.7252240992151 -27.202544524558576 0.283255 -0.036798 0.30104235 1.0
672.0698317569942 -23.1108622050009 0.043808 -0.038605 0.22924209 1.0
854.4514780746024 -30.890599378324698 0.102703 -0.148403 0.319673 1.0
848.8966531584789 -31.497765584371702 -0.250539 -0.022105 0.31624877 1.0
905.5419446781594 -11.960633762296617 -0.110069 -0.087439 0.35178965 1.0
861.3858038524903 -28.11023167483556 -999.0 -999.0 0.32044706 1.0
619.3337554342534 -21.210368094609915 -999.0 -999.0 0.20419334 1.0
642.6539094734101 -22.86793169293294 -999.0 -999.0 0.21143359 1.0
576.8051718424759 -12.268128060742697 0.317546 0.186736 0.19522756 1.0
717.5924159230286 -7.7430550528292645 0.135204 0.067824 0.25399217 1.0
576.371053783178 28.569752027027253 -0.094727 -0.172873 0.16330004 1.0
1005.7136760299154 46.862464324926506 0.128312 -0.083376 0.34274146 1.0
935.7667786702776 31.190525682646104 0.053932 0.066388 0.30813855 1.0
909.2609797283403 51.991460009316604 0.178798 -0.112048 0.34059343 1.0
878.16499273604 11.002692044874696 -0.210319 -0.040196 0.29234177 1.0
885.0181587278282 21.300876916736186 -0.127823 -0.153476 0.29280165 1.0
886.6576981247795 17.872413972411476 0.286135 -0.189747 0.29351175 1.0
889.6396180614321 16.22061150783648 0.26177 -0.113681 0.2946356 1.0
957.9202859784037 32.58150936894937 -0.166743 -0.333983 0.32132858 1.0
931.6597979936402 42.015902489906836 -0.034227 0.238106 0.3054995 1.0
964.6790946945769 49.884782614496274 -999.0 -999.0 0.3281595 1.0
929.2794814088476 43.084813464032536 -0.107452 0.012303 0.31066886 1.0
766.5771216212188 32.84749737856854 0.522252 0.020064 0.23659232 1.0
676.9623215151173 23.45914656140054 0.064405 0.453324 0.20151158 1.0
683.0457369669557 4.960579409749667 0.158183 0.189021 0.21401964 1.0
682.5281673032354 5.248907192922261 0.151399 -0.047178 0.21328135 1.0
857.706963278623 5.798508168777555 -0.113899 -0.164851 0.29039505 1.0
947.9313271098912 7.505761619930838 -999.0 -999.0 0.33356446 1.0
936.9411783206936 7.103746387275354 0.029512 -0.131819 0.32740435 1.0
989.4430737478107 6.5767665455501465 -0.260112 0.076527 0.35404998 1.0
859.2062888046131 3.2647947039480694 -0.194922 0.261993 0.2887735 1.0
994.648442959744 5.248232601333599 -999.0 -999.0 0.35684454 1.0
992.8584338511109 8.398925652134748 -0.096796 0.327455 0.35306394 1.0
802.5131254139818 17.03404023653562 -0.790832 0.13534 0.25671098 1.0
983.366298181481 21.149244767257066 0.105866 0.285052 0.34390515 1.0
807.8993610479197 14.126281153806557 0.068436 0.03341 0.25975305 1.0
521.3529895430661 9.469284075318544 0.108821 0.171322 0.17757101 1.0
666.0192057749944 22.4785831247507 -0.111234 -0.119478 0.2360892 1.0
738.7594161608251 7.128739471631031 0.082927 -0.143936 0.2658471 1.0
785.145522163388 30.497273702570368 0.463942 0.463411 0.29052398 1.0
596.139847667026 21.728185035579003 -0.188246 -0.587525 0.20067261 1.0
879.2805996064817 50.31421359829628 0.191257 -0.181294 0.34420124 1.0
661.9035760779815 -3.2734245662111787 -0.043556 0.054362 0.24275382 1.0
704.7586090826898 -4.169051386015472 0.040879 -0.029918 0.26441061 1.0
876.3950767367211 -14.409723796936525 -0.172724 -0.1513 0.3471116 1.0
792.5617308058938 2.034394184678889 -0.213275 -0.300783 0.30093175 1.0
792.6937645686387 1.8434285634672147 0.291967 -0.176 0.30103725 1.0
868.8077235429513 23.410569410958832 0.584464 0.432705 0.3497469 1.0
798.5702412994509 1.1153540802540625 0.136174 0.322468 0.29949966 1.0
819.7781343379766 16.88851381677078 -0.019087 0.204823 0.3127764 1.0
883.6059882631708 3.0924986225782956 -0.435601 -0.170738 0.34388515 1.0
818.775525685014 20.05781400774815 -0.065456 0.1448 0.30747917 1.0
819.6263084207171 19.173887069593892 -0.030904 -0.259291 0.30875853 1.0
600.1941224899357 22.3242508895713 -0.018964 0.425429 0.2010366 1.0
883.6125855179499 24.327716508370337 0.046724 0.113146 0.3415452 1.0
892.4390811090474 -9.491379923948507 -999.0 -999.0 0.35189506 1.0
784.8718692538512 17.927001778039028 -0.208187 -0.120557 0.2956978 1.0
881.8094031405391 7.700639186456181 0.138864 0.022911 0.34606513 1.0
865.7163564850406 15.678267182963397 -0.038203 0.022868 0.34507367 1.0
805.1226296874355 19.174658144425454 -0.013344 0.032642 0.30814767 1.0
808.4430964921434 19.389669562614234 0.231097 0.054277 0.3090626 1.0
782.1504436855577 28.147733638330106 0.040754 0.586227 0.29083723 1.0
794.3482256279477 18.485916027113785 -0.336139 -0.157515 0.30579704 1.0
861.962391003415 21.12276485840589 -0.24047 -0.00848 0.34875417 1.0
904.1891488697021 2.805957617026542 0.030703 -0.029874 0.31559303 1.0
677.8937427037595 5.285477374205746 -0.119713 -0.065759 0.21117243 1.0
977.9708898323387 7.82220033696635 0.001441 0.239815 0.35088 1.0
684.1582016156068 6.626440063105119 0.283536 0.383063 0.21288039 1.0
994.505426171769 7.155547523677422 -999.0 -999.0 0.35478455 1.0
887.9181842654538 50.26658183582655 0.220934 0.103452 0.28653967 1.0
600.0065472055473 33.18369319501899 -0.150988 -0.550314 0.17157413 1.0
613.9958812436473 31.59601236319938 -0.333791 -0.077625 0.1763585 1.0
908.0709930491598 53.12186758509264 0.166721 0.085045 0.29643682 1.0
834.7948657968735 30.189206379135967 0.031478 -0.063308 0.26128978 1.0
537.6817968655101 33.56739679730505 0.207254 0.151384 0.16893013 1.0
818.6627050054936 50.61019976727074 -0.086551 -0.435047 0.29285663 1.0
823.199914868298 48.44866043690548 0.272755 0.311151 0.29398397 1.0
992.977589221976 21.082516031514427 0.127718 0.639947 0.3518616 1.0
797.8647571861328 20.885432785137414 -0.151907 -0.128979 0.25440207 1.0
996.1150314894686 24.420848041056612 0.017718 -0.1777 0.34984502 1.0
667.5477157270392 32.770235191927355 0.291246 0.004608 0.19882973 1.0
925.1588282740956 41.84405626157903 0.116776 0.30586 0.3100547 1.0
799.2735455721601 28.652213724091204 0.138042 0.289482 0.24825458 1.0
932.4132302017315 42.058289356028936 -0.373179 -0.068012 0.30590716 1.0
676.5005186492331 23.5585825055572 0.062916 -0.106275 0.20136257 1.0
843.4638485717139 28.226282865396247 -0.418316 0.03304 0.26888198 1.0
844.0941997200905 18.455191142898098 -0.252825 0.020081 0.2762141 1.0
863.0533475170282 19.27973459221208 -0.131502 -0.3027 0.28482816 1.0
966.3238218563841 29.240443288896756 -0.453221 0.004233 0.33081746 1.0
815.5355779219868 -4.6251694199853075 0.126721 -0.074822 0.3240564 1.0
613.3674745747696 -0.48593757807329296 0.256102 0.238879 0.21692437 1.0
620.9201907719703 3.658168275647651 -0.066254 0.213321 0.21752925 1.0
626.2652447223788 3.755760271363153 -0.055259 -0.107859 0.2196944 1.0
790.1073449159281 3.7801038559316056 0.519549 -0.009546 0.3013255 1.0
700.899120342017 21.308457778096923 -0.207047 0.061956 0.25090116 1.0
833.2022700834391 17.39082349282679 -0.003936 0.066196 0.31659943 1.0
634.7719688584881 9.497718472144973 -0.159928 -0.359894 0.21802384 1.0
706.8594314095201 9.713502791381291 0.060745 -0.348829 0.25083056 1.0
864.2190107817818 7.856742943822628 0.093185 0.130507 0.33224848 1.0
726.3012768834777 -1.6755944087677739 0.421889 0.15999 0.25729343 1.0
591.9355893724803 -3.2498036513104727 0.063291 0.148802 0.19529344 1.0
675.9113276531039 28.33515454719219 -0.646425 -0.24597 0.23891313 1.0
714.0415696916032 17.568325435264168 0.054307 0.175078 0.25251123 1.0
855.7917791366249 18.40178535642646 -0.379486 -0.109241 0.3260701 1.0
901.2157230552733 19.7216673992711 0.0041 -0.348311 0.35075277 1.0
607.6098169147303 10.306401251097267 -0.394708 -0.081968 0.20347136 1.0
600.0232187189996 24.683954340096268 0.059044 -0.095134 0.20039435 1.0
729.1781514010877 29.819260174124686 0.287472 -0.218541 0.25922814 1.0
718.7989194083152 24.42355037999583 -0.00232 0.039071 0.25331983 1.0
885.3500767654701 27.06764969426003 -999.0 -999.0 0.33856264 1.0
708.09146057299 39.273563364978116 0.107836 -0.104106 0.2453673 1.0
637.1031019282012 30.570470102471482 -0.035368 -0.081396 0.21187414 1.0
927.0081380074927 60.9601761805252 -0.062894 -0.27676 0.35654894 1.0
782.8039123578445 48.02389834405449 0.030451 -0.006322 0.2780064 1.0
780.8771525685514 -0.5783292357236868 -0.034433 -0.023914 0.30821773 1.0
851.3550265386888 -4.847425962408833 0.362322 -0.074616 0.34713903 1.0
628.5916537442861 1.869557153941393 0.324542 -0.209183 0.22666653 1.0
702.9005530420661 2.812133949917179 -0.02502 0.140541 0.26283503 1.0
873.5759362175353 0.10960852038202601 0.405057 -0.039099 0.35924178 1.0
621.2894794791896 -5.185763949336403 0.059369 0.172865 0.22021337 1.0
841.6219269774836 -8.170721867130906 -0.270228 -0.185783 0.33512604 1.0
625.0139615464537 -7.752473510499065 0.156552 0.141767 0.2207034 1.0
552.7937930234363 -7.002470355347712 0.004026 -0.003417 0.18882409 1.0
820.5337261693073 -16.460074176499116 0.254982 -0.07617 0.31723875 1.0
617.9366758496889 7.044872534264265 -0.012008 0.077393 0.21916571 1.0
858.0524384093784 4.902066759400726 0.08665 -0.159319 0.3462185 1.0
744.586104702323 -12.433419200752391 0.130533 0.130719 0.2724675 1.0
848.5650221225761 13.590453310402642 -0.302039 -0.061554 0.3376962 1.0
876.2586719271884 -3.74830660022891 -999.0 -999.0 0.34593633 1.0
882.6130491379116 -11.005005173668716 -999.0 -999.0 0.34661683 1.0
655.6350581128852 17.4220281124109 0.417292 0.161105 0.23325904 1.0
542.5909696206568 7.991142663220825 0.239427 -0.319449 0.18199451 1.0
626.0392410361072 6.909313558500454 -0.026586 -0.284796 0.21734762 1.0
665.1725734553506 22.40182130764913 -0.107572 -0.233518 0.23666136 1.0
559.7065019679783 11.781339322148654 0.1952 -0.006873 0.1874734 1.0
788.9236119106849 16.104948689297597 -0.284749 -0.272011 0.2955042 1.0
721.0528120146056 14.441083243994418 -0.122747 0.251988 0.2598976 1.0
721.7174304252289 31.52264722706058 -0.175666 -0.724179 0.25867733 1.0
874.3692014517479 38.363235573106266 -0.194779 -0.10968 0.33468056 1.0
724.4312196817604 27.781508722766663 -0.655807 -0.115674 0.2540135 1.0
892.7801130035319 31.497520534309693 0.113567 0.018882 0.3415115 1.0
705.5567591175277 23.605002123693883 -0.417666 -0.047737 0.24466906 1.0
777.3410125100651 41.19782849410825 -0.106906 0.184714 0.2804352 1.0
921.7033620315063 48.7599936163384 -0.491305 0.025847 0.3585198 1.0
865.4820345143759 17.04599200337059 -999.0 -999.0 0.3454209 1.0
850.8219630219272 14.800554788222648 -999.0 -999.0 0.33780754 1.0
713.0332249624113 10.000243501311546 0.019221 0.049465 0.2605315 1.0
626.5173480490485 6.868164576210496 -0.025333 0.384207 0.21793695 1.0
890.1500108777752 -9.255597551997097 -999.0 -999.0 0.3509069 1.0
862.3367675274327 15.774961540483636 0.236729 0.028751 0.3369818 1.0
544.0365499766391 8.00759631816583 -0.282971 -0.008982 0.18142606 1.0
722.2892731367065 11.466468091304318 -0.008844 0.115963 0.26112697 1.0
632.4908505094522 8.509150491489192 -999.0 -999.0 0.21845563 1.0
864.2053923476071 7.240995271020831 0.121053 -0.429475 0.33562312 1.0
720.2455304599292 -5.787723869126113 -0.127791 -0.004922 0.25544775 1.0
602.5026244354509 25.931034772406903 0.136637 0.361635 0.2032456 1.0
774.1865020728185 38.34266998457434 -0.021667 0.143267 0.28172138 1.0
595.8077675716761 24.723176768374486 -0.033658 -0.042775 0.20335856 1.0
623.4514334829267 -6.799482701827664 -999.0 -999.0 0.19312683 1.0
861.875921225414 -11.577100483227358 -999.0 -999.0 0.2976164 1.0
820.1900578561839 49.15051797219295 6e-06 -0.007617 0.29263684 1.0
831.9182842551535 46.73397061619351 0.045711 0.050049 0.2974588 1.0
567.0132123054981 3.2281304354844402 -0.400411 0.077732 0.17876878 1.0
574.695236603473 7.227570353803146 0.23146 0.242466 0.1780011 1.0
718.1535470573021 3.90525899517402 -0.442638 -0.039649 0.24073759 1.0
883.2029899556957 58.421575363563115 -0.477499 0.089487 0.3190987 1.0
848.0532304375641 18.65481811953796 0.24944 -0.184136 0.2830243 1.0
566.611240204774 33.8991849258521 -0.215459 0.117081 0.16199753 1.0
836.7833431840112 43.33522523859316 0.194639 0.2235 0.30214703 1.0
812.9409583682639 50.92379811562117 -0.009815 -0.136393 0.2878532 1.0
830.2728960763015 46.64149009451257 -0.438508 0.034289 0.29671222 1.0
567.2351955993081 30.77852903581079 0.020817 -0.041818 0.17939636 1.0
822.7741887974729 45.974698093983456 -999.0 -999.0 0.2933142 1.0
836.56544908316 45.632330227722385 -0.029213 -0.116522 0.29945117 1.0
715.2786236254732 12.481112681386596 0.007588 -0.123729 0.22627592 1.0
694.2292020085241 28.816954878281006 0.666099 0.161993 0.21180831 1.0
996.325582196806 62.521864899951474 -0.031995 -0.247669 0.34250283 1.0
995.6632796923599 61.953348292895036 -0.11242 -0.12403 0.34157234 1.0
998.7936709905874 58.43143632385505 -0.04047 -0.149756 0.34264943 1.0
935.8684902576326 41.91836496650039 -999.0 -999.0 0.31653625 1.0
570.5575108748276 32.91849044480033 0.06616 0.113062 0.16320212 1.0
727.3203678517403 15.695197562375279 0.378694 -0.333016 0.23059331 1.0
974.2744521651025 16.141591925618712 -0.048094 -0.173781 0.3489848 1.0
988.3090140951863 22.958032612345924 0.037055 0.359696 0.35139525 1.0
780.2902192643764 25.789731879113944 -0.18111 -0.053199 0.24763468 1.0
945.1963103913359 43.677611303310584 -0.021128 0.00215 0.32260278 1.0
857.6869346146025 38.20593179017407 -0.003139 0.016834 0.28045097 1.0
995.5546219413078 36.50929916389987 -0.022168 0.089124 0.34803152 1.0
717.4758027202591 5.351363433490535 0.139976 -0.108771 0.25113595 1.0
635.3879936048553 24.10366171725484 0.18295 -0.287454 0.21174705 1.0
728.9532554565053 32.81259053862606 0.085511 0.291842 0.25335705 1.0
831.970852404518 43.7075344406787 0.581088 -0.229625 0.3004816 1.0
748.2580592385211 10.365480362840623 -0.056643 0.015139 0.26826245 1.0
864.0591105041531 11.577877081412767 -0.175901 -0.057328 0.32944605 1.0
863.8583155560409 10.107604771908544 -0.006244 -0.141126 0.32920617 1.0
871.239673662432 7.494989918855749 0.081756 -0.02693 0.33277014 1.0
737.2890295958181 -0.06345799402441978 -0.197173 -0.021177 0.25967237 1.0
771.4937050832328 2.5767233577642923 0.313599 -0.116955 0.27884305 1.0
699.4235233317437 1.5388284192821655 -0.067092 0.198608 0.24306765 1.0
596.4834816897207 9.857519843758725 -999.0 -999.0 0.19720861 1.0
636.0163020607251 27.042798163542663 0.111736 -0.297703 0.21151651 1.0
519.1834273330596 21.0256253893972 0.005321 0.024928 0.16404535 1.0
515.7247456826879 19.991043840842035 0.019973 -0.031868 0.16250367 1.0
834.0131552394325 41.578353171008004 -0.175002 0.318916 0.3041663 1.0
876.6517527886699 15.33086211046171 0.134008 -0.333062 0.31411874 1.0
922.6310287940379 42.86575910220353 -999.0 -999.0 0.34029892 1.0
824.774417252267 23.77409317923739 0.383286 -0.30387 0.2932434 1.0
917.5177344908074 16.884883624404154 0.45075 -0.26264 0.34093523 1.0
807.0549764507921 42.462449884645494 -0.010624 0.246775 0.28361946 1.0
819.5518390978092 40.264708197058376 -0.144093 0.322062 0.28871334 1.0
744.9405398995136 34.86476488824703 -0.049152 0.001341 0.25345853 1.0
915.008194180549 42.67606607767189 0.036759 0.225749 0.3405546 1.0
876.520713145776 21.809860999510587 -0.294163 -0.056727 0.31447604 1.0
876.4608018987192 13.079009356335924 -0.420292 -0.342117 0.31294027 1.0
823.6443120951539 40.206134035445594 0.075839 0.456409 0.28627026 1.0
831.1169088323257 51.735502394619274 -0.099062 0.342453 0.28828385 1.0
924.9731046509095 59.57254242842982 -0.22595 -0.660797 0.33081508 1.0
823.1213535704031 23.549767141113488 0.226754 -0.076798 0.27593178 1.0
986.3938195931336 54.72156883020659 -0.409074 0.234975 0.35827923 1.0
974.6787401033862 24.80849097011362 -0.055979 -0.352518 0.34783274 1.0
983.2172093878964 25.962993520067183 -0.049994 0.15773 0.35164654 1.0
784.2864025405461 38.68397088444343 0.190978 -0.280154 0.25318608 1.0
942.1852788711743 34.52887271204997 0.085067 -0.014548 0.32569373 1.0
933.476928213794 58.142299298000914 0.11166 -0.257193 0.32404876 1.0
944.6731117479299 54.93448920193751 0.246902 0.388029 0.32996437 1.0
751.6996127134342 18.099861346564175 -0.023915 -0.1722 0.24747205 1.0
893.6236305192642 21.329467561726045 -0.205881 0.065623 0.31623018 1.0
987.1324714697101 47.49249180504436 -0.246291 -0.164886 0.35940963 1.0
813.09694866477 54.11015007208822 -0.809823 0.032985 0.2652145 1.0
852.3680199135291 27.68363570345269 -999.0 -999.0 0.3104336 1.0
731.8526119787423 12.863207532720557 -0.151821 0.145624 0.24889518 1.0
948.6047352272581 13.65744365915499 -999.0 -999.0 0.33983535 1.0
904.712506657617 39.95393943162838 0.136882 0.137304 0.33596963 1.0
720.8822320590348 25.0481692438361 -0.447859 0.181554 0.24170738 1.0
592.1679786088932 15.44243109419465 0.011934 0.027351 0.18668738 1.0
590.4596116008128 13.970899717226551 -999.0 -999.0 0.18566795 1.0
877.3404542207637 15.485274716585929 0.025623 -0.064435 0.3145089 1.0
842.0015623223175 45.729837205678784 -0.617337 -0.240006 0.30025113 1.0
887.4110374241246 19.50759872951964 -999.0 -999.0 0.31745997 1.0
600.9665508601576 9.547154923610396 0.079265 -0.382059 0.19280268 1.0
936.5564901899363 18.97305560874624 -0.324347 -0.135814 0.35115388 1.0
935.3446289578412 18.501686871693448 -0.151123 -0.023671 0.35001618 1.0
847.8115788966762 44.48180220036273 -0.124047 -0.185973 0.3048635 1.0
543.3154615033645 32.764309814783324 0.463388 -0.053942 0.16780403 1.0
830.5220295098287 34.41756332581593 0.231749 -0.188623 0.29007515 1.0
819.6893778097929 33.99288964747606 0.187386 -0.206552 0.28482306 1.0
934.2996314789507 46.68078829462184 -0.130229 -0.213861 0.34377468 1.0
826.6826346285457 34.916391692848556 -0.166478 -0.167431 0.2872825 1.0
821.5431131739775 27.76969155735505 0.616017 -0.044224 0.2831554 1.0
599.0868010806018 17.343775914360894 0.420705 -0.406366 0.18559591 1.0
922.4480767580856 56.86602825642341 -0.129938 -0.16728 0.33466423 1.0
534.3618266860624 27.257728718743465 0.235823 -0.316608 0.160609 1.0
865.2676909636557 39.51376086277877 -0.113476 -0.191007 0.3016215 1.0
599.0956946569395 22.997875199091418 -0.300321 0.163598 0.18439321 1.0
829.1455348011638 28.99663634163891 0.16636 0.292729 0.28363222 1.0
940.5233527951742 20.520642562230453 -0.025465 0.125925 0.33867326 1.0
602.228567178216 36.154634639259896 -0.193067 -0.330379 0.18477261 1.0
659.6362844608007 18.36898439128388 0.198348 -0.455336 0.20533723 1.0
713.765800452875 15.178782020494555 -0.264807 0.055424 0.22651954 1.0
951.060904836444 18.079151916271154 -0.203856 -0.039961 0.33911553 1.0
986.2761385358403 54.672372333138725 -0.207441 0.074908 0.358629 1.0
884.183428706661 45.89661104126849 -0.413435 0.314217 0.30409738 1.0
773.8707782684702 37.50727761638664 0.120422 -0.041698 0.25183326 1.0
978.953316743813 46.94248317937435 0.17239 -0.188732 0.35242411 1.0
981.3601272084018 25.840934092574116 -0.039351 0.037667 0.35068828 1.0
907.9166951823769 60.65301224671889 -0.205567 0.137154 0.31327966 1.0
871.5419944410601 37.29428720606027 0.004022 -0.061857 0.29260123 1.0
779.6197284678698 26.057264248131673 -0.248262 -0.071151 0.24917264 1.0
778.0054513634747 54.320318943149694 -0.101902 -0.207437 0.24849668 1.0
580.6973022991831 32.36781821700493 -0.122963 -0.182731 0.17058115 1.0
997.4147897636929 55.92553040175878 0.419457 -0.339907 0.3545946 1.0
992.9743996050906 59.308224796803906 0.346806 0.022778 0.35634476 1.0
944.4286217399207 54.65911703914997 0.108058 -0.097173 0.32905623 1.0
894.228944986078 52.31897311631181 0.624032 0.345482 0.30310884 1.0
986.7265972426145 55.504320645717534 -0.054505 0.135503 0.3516217 1.0
872.577076017953 39.30034848375231 -0.091915 0.01249 0.2927511 1.0
876.943129318358 38.01481293431924 -0.228309 -0.046083 0.29333317 1.0
995.4039355344614 39.05363348100174 -0.13247 0.089276 0.35548973 1.0
790.4931495229335 43.526594482092484 0.04063 0.052105 0.2522896 1.0
937.5321247623152 42.22723902321624 0.200308 0.053541 0.32050422 1.0
886.2560668963437 37.9860088619992 -0.406107 0.112288 0.29558522 1.0
882.7014337992447 37.29529327139174 -0.156459 0.335801 0.29381266 1.0
1017.0373473787038 69.07174176190058 -0.002231 0.057929 0.3574118 1.0
981.3143204219328 59.40279186963392 0.300516 -0.195255 0.3393481 1.0
798.4762277486841 45.34552232125294 0.055645 -0.073563 0.2529949 1.0
558.5622920648797 30.906218284725934 0.031038 0.007773 0.160349 1.0
931.2137489836296 59.46008576502893 -0.382315 -0.002721 0.3150562 1.0
942.2106819667421 59.874864583153546 -0.157885 0.711235 0.32057008 1.0
941.2261622203762 59.515056082547865 -0.168372 -0.08254 0.32030421 1.0
939.0074226717487 57.12553565884209 0.023688 0.263656 0.31964484 1.0
595.1802694296712 34.473620667453176 0.265645 0.090714 0.17381501 1.0
879.8673303418481 63.36324689931933 0.071052 -0.025195 0.28851128 1.0
915.6948661596447 49.02540657006484 -0.117884 0.235392 0.33247736 1.0
596.3405623936599 19.15339258346183 0.19142 0.090025 0.18438433 1.0
611.682946576254 17.127235243212777 -0.246894 0.005309 0.18971045 1.0
547.6886180827887 15.450835097493696 -0.348147 0.577624 0.16530254 1.0
545.0691296220465 14.740054067555763 -0.60752 -0.272128 0.16458343 1.0
889.7268068324848 47.92385932341391 0.059196 0.05554 0.3130552 1.0
961.3004410803005 40.1857765273171 -0.038537 0.066932 0.3487156 1.0
889.9959413415138 32.55544202834132 -0.293005 0.397645 0.30992728 1.0
826.0074207543174 26.139683071164427 0.188632 -0.015077 0.27963504 1.0
760.3112069377632 20.924955808009077 0.131915 0.056612 0.2480441 1.0
818.6884467190221 22.45105255503144 0.281045 0.033687 0.27424994 1.0
835.7835882040547 57.62732817666343 0.233573 -0.039588 0.2837363 1.0
770.9374310126146 27.861723632614222 -999.0 -999.0 0.25041682 1.0
768.9778100745909 27.40375284193523 0.099267 0.045336 0.24965458 1.0
929.3232749461393 37.87626899862286 0.096044 -0.32764 0.3223948 1.0
991.9407963693175 36.48308841693915 -0.142438 0.216092 0.35489413 1.0
685.9860534741496 22.7117986544142 0.014508 0.29947 0.21211155 1.0
641.2460220698026 20.4521309944368 -0.187921 -0.080818 0.19468151 1.0
996.8792867729558 71.21708005651287 0.027174 0.28505 0.35685965 1.0
997.1204198627728 56.37652410388123 0.339911 0.195326 0.35572046 1.0
855.3484670624655 32.194155898468395 -0.130625 -0.11537 0.282823 1.0
841.4536046255923 46.270215087240466 -0.258952 0.288469 0.2733994 1.0
800.5872734522128 10.92893445688737 0.039377 0.036472 0.2882775 1.0
874.7558601225417 20.616275281089433 -0.193695 0.098849 0.3248774 1.0
808.5838664999761 13.81739403347602 0.363747 0.183493 0.28416917 1.0
803.5854786298601 33.33637954699878 0.068657 0.137009 0.28396395 1.0
873.7068187114762 15.992466773060617 0.258765 -0.159889 0.31453905 1.0
800.4248600242432 4.676481353540161 -0.122451 -0.340089 0.28809813 1.0
704.5996585280892 1.0395598193273834 -0.297381 0.05061 0.24248892 1.0
802.5569005927529 11.693680949509435 -999.0 -999.0 0.28410703 1.0
