X Y e1 e2 Z WEIGHT_SEEING
153.834628527273 -137.637795058696 -0.363269 -0.047198 0.27016965 1.0
179.91368956525804 -160.1351404242351 -0.152041 0.089165 0.27815822 1.0
182.61692054411557 -163.21972508549968 0.164172 -0.428342 0.28331286 1.0
176.44102156996286 -156.31115159582197 0.120689 -0.072091 0.29436478 1.0
170.3396860806221 -147.9956620821099 0.13996 -0.244788 0.2687065 1.0
184.9506022501053 -151.28933931005224 -0.075478 0.303728 0.2754001 1.0
182.10448580531806 -147.20230431847187 -0.211262 -0.07206 0.26771137 1.0
230.57146919034355 -176.03809330346394 0.072623 -0.027521 0.34405458 1.0
210.42241924486234 -171.84205601060174 0.12762 0.088741 0.35421866 1.0
211.54607853331282 -150.8019843487821 0.226462 -0.032496 0.2810958 1.0
217.93390513642626 -150.89770246699595 -0.131545 -0.365656 0.28570637 1.0
238.51168282693502 -162.13366125657353 0.061065 -0.202542 0.31414163 1.0
199.06949138763983 -158.08109292042957 -0.332344 0.05172 0.3245654 1.0
225.30972086513836 -162.16048010082696 0.009846 -0.131639 0.32915393 1.0
226.25191204338338 -151.10869954125062 0.000918 -0.149474 0.2977007 1.0
258.22404586455065 -162.23919156289173 -0.192463 0.427967 0.32139075 1.0
261.4161947110314 -162.53911284881724 0.204249 0.08035 0.32731485 1.0
191.150327724732 -172.09062348928543 0.043893 0.131473 0.3048532 1.0
176.63917252316634 -157.86526746776065 -0.388403 -0.396777 0.29459736 1.0
192.3011211609422 -163.9298976482376 -0.102375 -0.246978 0.30314428 1.0
169.5238666331343 -135.06147184775637 -0.248465 -0.07667 0.23162779 1.0
170.390077655331 -130.63713706213073 0.114794 0.059043 0.21962062 1.0
194.1831960908028 -163.9693746471782 0.334763 -0.466001 0.32370946 1.0
218.38395592508 -172.88385625447697 -0.372677 0.481218 0.33994508 1.0
205.07975752824757 -144.44702230446936 0.423125 -0.024437 0.26068696 1.0
230.50348097560783 -160.40208210636328 -0.068685 0.121021 0.30111027 1.0
169.29297995268405 -133.8541962747908 0.169802 -0.022447 0.2524634 1.0
217.83510129273824 -171.77416623074046 -0.072918 -0.119386 0.35844648 1.0
224.29444485999835 -148.4305564424572 0.109568 -0.141058 0.28037527 1.0
260.3913017115075 -165.3770777883351 0.257781 -0.158855 0.32856438 1.0
153.39357407528806 -136.05962234847138 0.429454 0.511865 0.2713609 1.0
166.54683488982482 -142.33783560451727 -0.124246 0.382705 0.28844136 1.0
194.01624901728655 -153.9400394840127 0.123052 0.164098 0.31728768 1.0
208.4716295054635 -164.35722015485976 0.245106 -0.032151 0.35509259 1.0
210.85046569369797 -161.56436469295787 0.278168 0.026931 0.34178463 1.0
221.6919969139217 -167.87926366648773 0.191034 -0.249139 0.35892612 1.0
223.2170036312959 -165.1987005628855 -0.004055 -0.434007 0.35771406 1.0
230.82097790537864 -164.2220001390263 0.088074 -0.183209 0.35170352 1.0
210.27117546826042 -141.0748860002467 -0.168648 -0.087893 0.27618068 1.0
219.666669416298 -146.9201473581728 0.026038 0.229127 0.29314882 1.0
248.79849168719667 -147.69456921772107 -0.149195 -0.225744 0.29809248 1.0
214.2671337207459 -133.75485868779703 0.025133 0.467295 0.27521655 1.0
222.73823197381972 -131.8508551152433 -0.280469 0.233838 0.2826176 1.0
218.0203589843923 -141.0986956453612 0.022744 -0.153897 0.27380216 1.0
222.48341798509114 -142.6495311447767 0.626317 -0.288522 0.27562985 1.0
259.95511856235197 -160.86047985309818 -0.032946 -0.057984 0.32954347 1.0
200.0225507930739 -128.0703005649974 0.348583 0.040837 0.25204024 1.0
211.7879082502207 -134.61570217990254 -0.110058 -0.126321 0.28489554 1.0
246.63764527061258 -149.2093864323055 0.063312 0.199214 0.32932934 1.0
214.84051353060772 -127.42121914185346 0.005048 0.073916 0.27352345 1.0
161.81563606826046 -91.75494343142418 0.132155 -0.464283 0.1756035 1.0
253.42927759097006 -141.93249612469393 -0.142475 0.271428 0.319722 1.0
228.42456558461805 -128.0618236943248 0.364815 0.038898 0.27219078 1.0
209.80101262016154 -122.3270244749472 -0.330453 -0.044287 0.27669036 1.0
196.5464659349405 -113.18928533453654 -0.500431 0.266416 0.26462564 1.0
211.25443419808548 -122.22788062241494 0.103438 -0.345906 0.28910643 1.0
233.6600627815548 -166.17071202293968 -0.168245 -0.2727 0.35879284 1.0
219.88483059371646 -146.29130943853582 -0.436 -0.267498 0.29414383 1.0
167.1053368561667 -135.4193555610867 0.132441 -0.031597 0.26992652 1.0
178.84060393230138 -148.13699287814183 0.198003 -0.011916 0.34555033 1.0
179.49475334305495 -135.95071635982188 0.127283 0.141826 0.30415532 1.0
190.22640104180553 -137.37178120381026 -0.006893 -0.088856 0.30380028 1.0
203.52605594093475 -143.08365185686068 -0.06657 -0.130182 0.31871647 1.0
201.44769371710328 -138.412597741275 0.182211 -0.235631 0.30402204 1.0
205.9342513747601 -141.01627540959646 0.19072 -0.209168 0.35675213 1.0
171.55767445929405 -154.2566434909617 -0.072235 0.511204 0.33972937 1.0
179.65515316291334 -156.7652160366741 -0.016688 0.129658 0.3452388 1.0
234.2627449507527 -161.96686212926454 0.128633 -0.13602 0.35469618 1.0
197.43746223761215 -132.7210598818826 0.068473 0.052986 0.26151767 1.0
148.34587239921808 -131.76371215509997 0.059354 0.489477 0.28360495 1.0
145.25007635430646 -102.69028000682991 -0.041078 -0.058828 0.20073149 1.0
154.46494222421987 -128.85417985270828 0.172115 -0.121637 0.29160407 1.0
149.08167206864306 -112.81323269746831 -0.323609 -0.081985 0.2394216 1.0
173.70219444567272 -132.6474706647046 0.215977 -0.035405 0.2960824 1.0
253.73230524628426 -156.41194013161024 -0.003196 0.153995 0.35953906 1.0
163.7558428642555 -138.64860455135684 0.04313 0.212269 0.33905786 1.0
175.98058411942094 -128.22262444078586 0.090914 0.14742 0.2949139 1.0
179.42739904072278 -128.57631078252336 0.033296 0.018034 0.3015473 1.0
182.0236938396466 -130.3004705706359 -0.177153 -0.223327 0.30286375 1.0
155.59517483248496 -98.65586101403663 0.153528 0.222984 0.20476717 1.0
221.13011815214654 -132.4513562491483 0.107632 0.147651 0.30338034 1.0
192.90133000772153 -114.34390459922425 0.222959 0.040611 0.24760652 1.0
236.1736110854378 -139.82872638963792 -0.028289 0.356643 0.32912385 1.0
172.06417246401767 -161.26326158143797 -0.227772 0.014602 0.34342858 1.0
168.87972513088627 -144.59363722266164 -0.395904 0.124398 0.24199578 1.0
191.53837560828302 -175.69698308448434 -0.075146 0.137891 0.3312418 1.0
216.90058699530286 -183.21356383917188 -0.12547 0.0567 0.3530689 1.0
199.78241814865447 -167.834039312674 0.117038 -0.0497 0.3084272 1.0
207.90471035272128 -175.04650728717866 0.009566 0.019553 0.3260965 1.0
127.37977203024334 -104.97596177211717 -0.109136 0.036347 0.16579539 1.0
125.75515405995158 -115.11527045720902 0.320913 -0.15756 0.19803084 1.0
207.74563602631366 -161.27087345864356 0.412965 -0.585499 0.30374187 1.0
170.62328848367628 -153.73447372045698 0.062379 0.157581 0.3020824 1.0
142.71394401311022 -128.66327168174632 0.497217 0.10747 0.23451068 1.0
110.87399563138433 -96.64492398294807 -0.230835 0.186105 0.16387641 1.0
234.2816862671206 -170.0112491325061 -0.14301 0.031454 0.34127373 1.0
203.18070988586211 -141.915129967692 -0.169609 -0.149593 0.25849748 1.0
210.54154631030656 -168.55130485246298 0.185589 -0.180111 0.35402215 1.0
223.1985625193101 -170.68204975246832 0.246495 -0.011094 0.35869533 1.0
177.57182315647773 -133.62680136958443 -0.191279 0.100118 0.2520259 1.0
153.37174394058178 -112.13223199854708 0.415719 0.02436 0.20263492 1.0
223.37644436075985 -156.43400825440125 -0.073258 -0.128301 0.3164024 1.0
209.0488910619044 -143.94607629716032 0.538905 0.402202 0.2777605 1.0
208.2436263241706 -141.22671033683105 -0.174455 -0.049248 0.27231315 1.0
241.17524497759032 -163.14771670815068 -0.326285 0.150944 0.3287711 1.0
195.22224858630082 -123.38095399184482 0.13547 0.140979 0.22063461 1.0
188.4322305421614 -170.49050703934674 0.336104 -0.005758 0.30078316 1.0
196.82434049052185 -172.29534277120368 -0.111805 -0.26055 0.316452 1.0
172.5499442433434 -146.56886903365475 -0.361413 0.429963 0.24925418 1.0
210.59766359842112 -175.54856478639175 -0.20167 0.201819 0.32552037 1.0
224.48096272584112 -185.13078001871497 0.187894 0.05126 0.3485391 1.0
122.25938127675788 -113.93442565634558 0.123391 0.22236 0.19037373 1.0
152.99851235665582 -134.00853395914228 -0.13652 0.276107 0.2331519 1.0
157.56901379179402 -137.21853794084475 -0.02915 0.153965 0.24051587 1.0
125.85923919825916 -103.55859297462366 0.077079 -0.145737 0.16493256 1.0
185.47270776077127 -149.37670695510766 0.113914 -0.048627 0.26686397 1.0
181.583008005576 -141.2272983198151 0.167425 0.587503 0.24375945 1.0
199.5191238343831 -152.35862066286836 0.154813 0.102668 0.27242932 1.0
178.9890695106083 -146.51015963079067 0.095642 0.132129 0.26971313 1.0
177.83014893592917 -145.33847586937856 -0.040123 0.537785 0.26709703 1.0
196.45269856192354 -157.9322664393462 -0.092991 0.430616 0.3034126 1.0
146.64696298233002 -113.19593922023543 0.190739 -0.440048 0.1904224 1.0
219.39782194334447 -168.73227080969693 -0.072332 0.160337 0.3275649 1.0
143.87003472687744 -103.99151277975116 -0.168551 0.239619 0.17134462 1.0
209.00710075533615 -151.00034944475158 -0.091338 0.114501 0.2800147 1.0
119.74969614435156 -111.5100632601024 -0.335403 -0.04918 0.20128696 1.0
179.54615538341284 -158.36337325477797 0.087361 -0.096309 0.3230118 1.0
197.21927842710514 -161.35604949851674 -0.343388 0.024988 0.33176917 1.0
215.45043054845868 -170.44574394214604 0.689046 0.076828 0.35763946 1.0
224.95254074294402 -167.27493720804898 0.048698 -0.092252 0.3430065 1.0
225.820055357348 -168.25416141174657 -0.337571 -0.007641 0.341363 1.0
224.67270143982546 -162.86306891569467 0.333611 0.307448 0.32833335 1.0
152.2320126591988 -106.4618233632861 0.23696 0.171375 0.18415861 1.0
226.7791587692368 -146.5964346783217 -0.041951 0.107757 0.2730215 1.0
140.9890519600342 -107.52367188425846 -0.079812 0.098559 0.19541691 1.0
223.4993591747216 -166.43783889028362 -0.301968 0.053198 0.35455915 1.0
225.40334844643246 -167.03202143562072 -0.231093 0.138354 0.35729384 1.0
230.95033340411112 -165.01285663508114 -0.247626 -0.132254 0.35306594 1.0
227.90802619817094 -162.47021933429247 0.090828 -0.038071 0.3450621 1.0
231.0791636679152 -164.3784333259155 -0.114151 0.420575 0.35223553 1.0
187.16413487731722 -129.24822563883183 0.153034 0.076906 0.24828665 1.0
229.70297590603656 -157.7215331522003 -0.428362 0.367012 0.32211378 1.0
153.59455839694928 -103.871314753923 -0.105878 0.117931 0.18339725 1.0
159.9045495854867 -78.02987771758725 -0.115474 -0.067459 0.16597703 1.0
243.0026719945151 -116.07955130050897 0.262028 -0.465537 0.27789766 1.0
269.6686139917348 -132.78461245361964 0.087558 0.004597 0.31933087 1.0
202.46106196359258 -95.24055395746622 -0.241105 0.217924 0.21680775 1.0
256.7621335187675 -159.02994292281025 -0.190687 -0.294651 0.33248943 1.0
248.28514233904104 -149.97020827641637 -0.215156 -0.076013 0.298326 1.0
196.15450395415797 -122.29078169800643 0.153181 -0.136859 0.23953566 1.0
249.53528128703644 -139.00360074767238 0.186784 0.185537 0.31938747 1.0
166.47243671704774 -92.66030156620552 -0.233456 -0.0459 0.18209508 1.0
207.77979692971866 -113.75174479094368 0.103619 0.254519 0.24006294 1.0
258.0381539814386 -142.20192935529647 0.136864 -0.645801 0.3222969 1.0
240.57772701500917 -128.67775419116705 -0.246199 0.043772 0.2820245 1.0
196.97367327978586 -106.15850436945941 -0.182175 0.033305 0.21392997 1.0
207.96190655466913 -134.05011501307132 0.048498 -0.097879 0.25601184 1.0
220.5123791491945 -141.67509121674257 -0.240215 -0.718433 0.2735414 1.0
258.9564745618037 -161.16988776430452 -0.357831 -0.033419 0.331864 1.0
261.6365550357143 -162.33443950004246 0.435725 0.136302 0.33351457 1.0
259.6644535946298 -160.7285820096237 0.09503 0.060525 0.32900164 1.0
195.25528480496268 -120.50698123573837 0.126414 -0.092959 0.2206075 1.0
212.82094516289087 -138.8042383284582 0.186903 -0.080209 0.28364366 1.0
256.44745501449637 -155.97525829038867 0.014283 -0.117583 0.33043265 1.0
279.0864214209365 -164.9330430945302 -0.040026 0.29686 0.35784855 1.0
198.56639551671776 -129.33487936617385 0.279863 -0.202097 0.27002582 1.0
187.093156279495 -114.3893548830543 -0.041005 -0.277728 0.22816727 1.0
240.2383310655176 -146.55738101241752 -0.082039 -0.211933 0.3169024 1.0
152.35648094971236 -90.53020154160642 0.018709 0.099429 0.1684396 1.0
200.63321265549874 -117.00732071342352 -0.02895 0.130851 0.23195788 1.0
142.8619860750412 -85.23263728793367 0.017186 -0.375304 0.16545409 1.0
239.1622168981339 -138.98902337566292 0.131616 -0.187149 0.31468692 1.0
164.07004268220268 -93.0664916963575 -0.191873 -0.03801 0.17861924 1.0
255.7803072991084 -142.94245037669032 -0.461417 -0.138467 0.319514 1.0
255.33296107418983 -143.66171423076005 -0.108381 0.124184 0.31914595 1.0
285.7264611144408 -155.79532825083425 -0.05508 -0.09879 0.35801214 1.0
207.57453692246014 -124.96418561998867 -0.046944 -0.199547 0.28719902 1.0
208.0920758108651 -125.09310690756533 0.160342 -0.08689 0.28635174 1.0
191.024992663385 -112.89830203145219 -0.048765 -0.335245 0.24707735 1.0
190.4669690274268 -111.79383392077386 0.069496 0.251574 0.24085236 1.0
189.05176976601112 -110.868795683406 0.603929 0.205988 0.23803318 1.0
193.66512236721124 -111.90353596461644 0.400137 0.320583 0.24472609 1.0
261.7515788584822 -144.81925657124484 0.045817 0.261363 0.35066923 1.0
153.15525247744108 -84.3228111117491 -0.060199 -0.298555 0.17567168 1.0
155.84603647084853 -85.1528830605446 -0.100906 -0.187176 0.17668553 1.0
195.95392211318307 -104.683412412266 0.030801 -0.079126 0.2336464 1.0
156.0485027559856 -80.54808669540178 0.1592 0.251141 0.16521439 1.0
238.352696463912 -166.12660540516575 0.300749 0.241096 0.35892463 1.0
212.08840135971607 -142.05762027785147 0.239662 -0.160846 0.28315374 1.0
154.27892232358565 -102.6072167639229 -0.011621 0.384937 0.18372358 1.0
158.9134338388808 -108.7769258286452 -0.340279 -0.313544 0.20502958 1.0
183.50868806772988 -123.7388695093593 0.362491 -0.370056 0.24636088 1.0
233.79632916113889 -158.90847730924176 -0.206902 0.287191 0.3466922 1.0
225.2231805143826 -151.70476957471504 -0.185663 0.112117 0.3445745 1.0
155.2918797867634 -103.8801150965335 0.198998 -0.044611 0.20411122 1.0
157.10388524819004 -98.11709781703296 -0.200524 0.084751 0.20740177 1.0
154.35106382099835 -134.434954511554 0.138197 0.309256 0.27281243 1.0
154.3798206234233 -134.41244476187143 0.004558 -0.01546 0.27160636 1.0
166.628167110818 -140.67319056194123 0.345259 -0.246946 0.28882784 1.0
133.31251042747718 -110.17478422214914 0.190932 0.009418 0.20757319 1.0
154.77449183777256 -123.9770160707903 0.199466 -0.211967 0.23924816 1.0
171.33831051984382 -145.88381151318558 0.123343 -0.07722 0.31778228 1.0
182.35107142268103 -153.62185439800345 -0.269603 -0.455906 0.34590504 1.0
184.60110853012498 -154.57240327649757 0.165013 -0.293312 0.34856632 1.0
187.80859150730498 -137.6724111911693 -0.260985 -0.151295 0.28807557 1.0
150.1391738324875 -107.48509089114889 -0.187177 0.163134 0.2044 1.0
121.32790614801395 -102.54918053104055 0.055979 0.249135 0.20984685 1.0
180.97218590534231 -147.35492413906672 0.09335 0.002472 0.340118 1.0
183.23721687636544 -146.16450659403304 0.002213 0.007881 0.34021586 1.0
155.40234401142712 -115.06019957723295 0.028732 0.209215 0.23961982 1.0
183.75912849243176 -136.31477058667411 0.179592 0.00411 0.30271193 1.0
141.92763820581308 -119.85052394769998 0.27891 -0.220744 0.26949838 1.0
153.9964721527201 -128.5109577303889 0.119383 0.213634 0.29633248 1.0
181.62195981773763 -145.67612297147377 0.063436 -0.075132 0.3508134 1.0
183.72250613696409 -157.89026566220642 -0.247161 -0.410245 0.34666678 1.0
155.90032321177537 -131.7147934315817 0.176114 0.095022 0.27188036 1.0
189.1102515641962 -145.72944586991704 0.078292 -0.200347 0.3040195 1.0
147.09847203440873 -106.62502642808957 0.116237 0.013912 0.19996479 1.0
221.87061098988795 -156.46229589354522 -0.07844 -0.007757 0.33096382 1.0
228.49289162593763 -159.83773135248055 -0.162234 -0.195057 0.34431008 1.0
228.95122691648257 -159.34756950103994 -0.456291 -0.454917 0.34566367 1.0
147.43985514952968 -102.86413247995185 0.041001 -0.277923 0.18739384 1.0
220.96428792153125 -151.7564970715044 0.044318 -0.173019 0.32221612 1.0
206.05215825182322 -138.01045662526715 0.037857 -0.341397 0.27823406 1.0
197.32383433962616 -131.865118337491 0.150488 0.000948 0.25703505 1.0
214.28797299844229 -142.0496315125656 0.12246 -0.08895 0.2842718 1.0
235.585020309421 -153.45100461820144 0.654935 0.377911 0.3196217 1.0
171.28291407255557 -147.68058016570532 0.087189 -0.189517 0.3339328 1.0
171.4614023339718 -143.4979620807466 0.165118 -0.08412 0.31668103 1.0
104.73181745365919 -85.51351131947631 0.459557 -0.088978 0.1610204 1.0
134.17296628785 -104.81043681294383 -0.009447 0.140099 0.20605823 1.0
132.86325458584878 -101.15795269733563 0.023863 -0.02021 0.19893548 1.0
135.5437756730785 -101.8142215419452 -0.346764 0.599891 0.19932222 1.0
153.67911109518963 -106.61920262161628 0.143836 0.001261 0.204886 1.0
154.3030212781691 -106.27901866593682 0.099447 -0.067477 0.20497276 1.0
176.15163290821977 -145.50915754772404 0.078591 0.085982 0.34706995 1.0
172.13401659263783 -134.8568208079012 -0.089427 -0.254771 0.30893576 1.0
171.7555911486934 -132.5200130547307 -0.036304 0.01403 0.29812437 1.0
133.2720637597845 -102.27703048397663 -0.158843 0.16977 0.20764624 1.0
155.5980396538685 -113.35018694055324 -0.32069 -0.163978 0.24120787 1.0
157.43635931217813 -115.38091892355443 0.184769 -0.231314 0.2433472 1.0
209.30144536615046 -142.0658303283118 -0.123162 -0.162963 0.31977233 1.0
193.34241612130444 -119.05718290747625 -0.118739 -0.013834 0.24589135 1.0
184.5477204811425 -113.09597200704214 0.2594 0.252697 0.2276487 1.0
177.1241261147723 -127.76528382187938 -0.034698 0.110829 0.29318258 1.0
179.2399492411167 -128.73335605123495 -0.04005 0.030827 0.29671052 1.0
204.31635221482784 -146.17128419388425 -0.033274 0.009152 0.35838342 1.0
145.68396244385102 -94.88338867055214 -0.146458 -0.225952 0.19675314 1.0
194.39116028107784 -115.8712389224062 -0.314954 -0.177862 0.24856234 1.0
154.2376373410145 -95.84107846101396 -0.246927 -0.087468 0.20730884 1.0
162.3290108049562 -95.15284656857054 -0.209511 -0.121661 0.20601563 1.0
189.3996440706019 -109.57367182665274 -0.334091 0.021398 0.24062714 1.0
147.7011609691781 -83.67903840843077 -0.029371 -0.149025 0.17380428 1.0
219.4768851905428 -124.58677407463279 -0.232466 0.007376 0.28779903 1.0
162.28994839459526 -93.83337520971527 -0.200158 -0.11407 0.2089972 1.0
249.66846655192495 -113.73775838850072 0.039638 -0.016847 0.2898972 1.0
242.7634049773277 -124.83562080404664 0.248346 -0.340563 0.31769758 1.0
259.22818610551667 -132.08571560903545 -0.152893 0.085818 0.3438675 1.0
152.74934110170912 -122.34133378492464 0.082835 -0.007763 0.2918955 1.0
110.13340111729843 -79.90873516144497 -0.023983 -0.63701 0.16507909 1.0
186.85458871568588 -130.7233329876029 -0.334025 -0.357681 0.33124304 1.0
193.19041301065351 -133.6022555780636 -0.549301 -0.334093 0.3386267 1.0
264.8356945814339 -119.75782809669957 0.083585 -0.185094 0.3198565 1.0
252.54631931907724 -138.44893142233695 -0.274068 0.229275 0.35851902 1.0
197.2815354385014 -106.21749774734863 0.172373 -0.186819 0.24496953 1.0
176.997620823802 -127.32535184628817 0.018072 -0.143163 0.30286825 1.0
192.2284697042765 -144.0699218628103 -0.178535 -0.311111 0.35486248 1.0
236.546458908325 -133.7716249690085 0.016116 -0.196233 0.33752483 1.0
207.37713766755104 -121.29698978866028 0.138028 -0.023344 0.31251928 1.0
251.80898492688175 -131.81036583410562 0.04397 0.443404 0.34068763 1.0
263.7671961865148 -129.37456440423804 -0.036152 0.178431 0.34445888 1.0
158.68720607028223 -74.34020243474328 -0.08563 0.143994 0.164076 1.0
176.57220713575197 -82.1000043810474 0.085021 0.239286 0.18584287 1.0
196.70646877069385 -115.41917810358555 0.334625 0.031297 0.28463095 1.0
151.38895375551616 -88.25914831710764 -0.235062 0.121157 0.19537455 1.0
179.90752742341334 -82.00561259575537 0.039364 0.009673 0.18821763 1.0
129.87339562125013 -106.62305769446246 0.208441 -0.092491 0.2313994 1.0
134.25330844790946 -104.13756060824977 0.312241 0.227216 0.22234042 1.0
109.3238053052119 -79.29350582207452 0.108403 -0.454441 0.16254191 1.0
176.38779307474417 -126.96107846814623 0.041909 -0.258466 0.30118966 1.0
134.87505315684706 -90.32278821621712 0.018211 -0.062982 0.19954206 1.0
147.15744975959646 -94.4122110956787 -0.092873 -0.168014 0.2087861 1.0
150.06154603572892 -95.49050969780268 -0.147519 0.302161 0.21081626 1.0
123.99801326423034 -95.73390892846504 -0.470324 0.332254 0.20560268 1.0
126.58162453575112 -98.55508478639032 -0.035778 -0.200951 0.20865507 1.0
186.29152351575743 -141.05869107796462 0.469996 0.178752 0.34402934 1.0
125.84176598002428 -101.28908067133527 -0.08308 -0.297385 0.2312167 1.0
181.18348145129204 -132.42664579173368 0.059574 0.055203 0.33218798 1.0
171.43232508363036 -123.83103983972777 0.063906 -0.373725 0.30247185 1.0
164.7379112464081 -114.72529528676846 -0.299464 0.003755 0.2707062 1.0
146.31482896181163 -95.2035575235373 0.239943 -0.197782 0.20989148 1.0
193.6837798794887 -125.45220954932564 0.099574 0.434012 0.29763055 1.0
143.0430927875762 -91.78549646969027 0.030151 0.157887 0.19608784 1.0
172.3485688885455 -107.96283509071398 0.069651 0.123071 0.24420989 1.0
153.90990818731885 -92.4301509444719 0.223989 0.01321 0.20739521 1.0
187.57103137625018 -52.01678050689001 -0.642492 0.219737 0.26003194 1.0
170.46950026098997 -43.32095590373084 -0.538679 -0.439803 0.22745994 1.0
227.48184184044436 -96.72898040595283 0.057657 0.100312 0.33277038 1.0
237.5936825295711 -91.96782434019575 0.353624 -0.148987 0.2889184 1.0
287.63216891182753 -109.08977073796834 0.066537 0.042949 0.35444725 1.0
180.18224443139158 -81.53158871973841 -0.14039 -0.109574 0.28664544 1.0
162.994293720512 -62.807958854947834 0.558516 0.176805 0.19019517 1.0
270.30285523157124 -99.38423998775487 -0.222769 0.423291 0.34693104 1.0
178.3767161986346 -74.51208172884049 0.575768 0.589419 0.2713909 1.0
153.4027594136528 -58.155605196455596 -0.024808 0.076981 0.19407077 1.0
254.80657506700433 -82.35343257865809 -0.165593 0.088825 0.27263767 1.0
222.6123661714846 -77.68026841367984 0.142511 -0.20634 0.3066205 1.0
266.3204473062336 -81.98256981655216 0.026099 -0.043214 0.29779378 1.0
188.18574604785707 -73.75624806908745 -0.328818 0.043177 0.34022453 1.0
202.8768159332194 -70.46306980892452 -0.209377 0.184429 0.2862034 1.0
186.2202866046923 -64.2064382922723 -0.07254 0.115624 0.25171518 1.0
246.22556612549815 -72.45819687156086 -0.304899 -0.132702 0.26601997 1.0
263.8044421179682 -78.9113489248601 -0.02908 -0.097344 0.35278547 1.0
175.29145789998591 -82.98899500544731 -0.03435 -0.004127 0.25607216 1.0
194.5661392765686 -91.47393638220053 -0.300651 -0.143708 0.29222867 1.0
272.11040391446926 -109.26112281472781 0.038053 0.350625 0.34991097 1.0
172.82955410930217 -91.02609668760452 0.027274 0.087421 0.3306482 1.0
251.5123804148664 -100.77326244624372 0.153107 -0.409305 0.35747615 1.0
236.406613500757 -86.3625186566596 -0.12912 0.373521 0.2641699 1.0
260.57465812607035 -95.67362220315196 -0.060966 0.222918 0.30083707 1.0
265.6527569005786 -95.21731490761124 0.018586 -0.369001 0.30392084 1.0
201.20552964927734 -78.7839636763499 -0.104719 0.110536 0.27695975 1.0
268.18617550902576 -92.99576381862671 -0.424714 0.351707 0.32587263 1.0
284.3789876516113 -100.32175186614468 0.110521 -0.324165 0.35233063 1.0
264.41152361524917 -89.89812701624602 0.253897 0.104354 0.29870197 1.0
245.86690799325174 -83.94872984974265 -0.083627 -0.081101 0.2693608 1.0
302.5497169417049 -101.25488366198995 0.104553 -0.659579 0.35616186 1.0
203.91817312483516 -76.33419898063804 -0.089731 0.034082 0.27759826 1.0
226.4975503831124 -76.99312881065192 0.094992 0.274686 0.27445298 1.0
198.0440342482548 -75.80511561985817 0.257088 -0.240958 0.3275792 1.0
269.3259000532877 -85.04825818807033 -0.129392 -0.067967 0.34800103 1.0
272.95016332664227 -87.78025105145817 -0.350851 -0.21535 0.35141063 1.0
265.3307410122982 -81.28940861192783 0.312496 0.138029 0.3000118 1.0
186.5972289977157 -69.76769348055292 0.823431 0.06686 0.3182066 1.0
226.77287864715007 -76.26886509036265 0.056521 0.308535 0.35829425 1.0
196.81937373034543 -60.6158124408417 -0.16759 0.109507 0.23663336 1.0
266.5551075775481 -80.1491878120647 -0.435684 -0.383944 0.35409495 1.0
266.9206855101927 -80.49024618356381 -0.081085 0.102924 0.351222 1.0
269.41961812283256 -81.31286413037938 -0.313568 -0.464567 0.35573408 1.0
270.08105349651265 -82.13439402970192 0.120915 -0.309988 0.35557902 1.0
204.1425669272049 -65.0879528120135 -0.313326 0.233531 0.29193306 1.0
217.45453132339048 -65.34443314278192 0.098735 -0.086909 0.34251416 1.0
185.18013136519602 -105.53266830758498 -0.161854 -0.092209 0.25936812 1.0
217.16987782123252 -117.66883458457472 -0.158714 -0.567857 0.29518792 1.0
214.82038787679593 -112.7678647451924 0.33652 -0.153975 0.2939667 1.0
182.54566498149967 -107.87740984053579 0.247156 -0.087776 0.3119298 1.0
194.55417643352783 -105.92549940596714 -0.342468 0.16418 0.32410982 1.0
260.8964150496422 -111.93984186287403 -0.145968 0.058262 0.3189703 1.0
274.0756908538517 -114.18919376038855 0.007973 0.064722 0.31880772 1.0
234.1625375085521 -106.79574070024823 0.044626 0.501634 0.33101982 1.0
264.44810614090494 -101.35514942088331 0.038418 -0.606475 0.30568665 1.0
216.35057734175575 -132.47413326569296 0.209409 -0.164949 0.35642117 1.0
160.4756002120033 -109.65377987333177 0.105065 -0.046212 0.29101333 1.0
207.88371953423538 -119.22621704296341 -0.07727 0.080265 0.31043532 1.0
188.93161191287746 -119.97867457324179 0.315392 0.282117 0.35076222 1.0
169.99152873421275 -98.85545894199892 -0.084785 -0.051499 0.2599216 1.0
214.48487467917903 -104.56404203938092 -0.342915 -0.106783 0.26522043 1.0
141.4412616183008 -85.68645385927482 0.384063 0.448865 0.23041071 1.0
202.0758350702813 -116.5144281380316 0.593545 0.379004 0.35143772 1.0
213.9474960473888 -108.25031067133325 -0.06639 0.276044 0.33879778 1.0
239.5405838072477 -103.67858255770179 0.056908 -0.013393 0.29984948 1.0
257.58687484578877 -110.83193006529105 0.102171 0.383593 0.32047245 1.0
226.63346141708192 -107.82557720773029 -0.14455 0.071258 0.35976475 1.0
228.51396008072658 -101.29354323765943 0.174123 0.35468 0.32280383 1.0
261.61199433308207 -104.14050972495097 -0.160162 0.099137 0.3090418 1.0
259.6677153678661 -100.48772469759915 -0.199594 -0.027581 0.2885526 1.0
172.62828369250616 -134.3240540620067 0.244992 -0.467142 0.35565296 1.0
183.20068759840015 -136.53902871687816 0.132375 0.00574 0.34957257 1.0
126.03400944031515 -41.599062020324034 0.127369 -0.00552 0.18042068 1.0
129.93320691227362 -41.378414759726965 0.202023 -0.311817 0.17748262 1.0
168.50207842884925 -53.91759202965345 -0.078607 0.183502 0.24539849 1.0
216.0433124141488 -62.88702504154089 -0.024038 -0.058422 0.28593326 1.0
217.92064896337396 -62.33300179589823 0.055221 -0.131121 0.2870504 1.0
260.20722261286267 -72.94538567105279 -0.129067 0.011979 0.350221 1.0
217.00497672430774 -60.31127738830473 0.506163 -0.105558 0.26679254 1.0
220.4474263384682 -61.81093735294953 -0.027289 0.015382 0.2674412 1.0
155.4299667334777 -45.9703679904023 -0.186586 -0.144746 0.21827652 1.0
141.46994253705682 -40.0253701861293 0.012417 0.241639 0.19088458 1.0
197.47394940535668 -54.02338745734875 0.051117 0.199076 0.26766613 1.0
160.96575333558738 -42.61102583561187 -0.032291 0.222967 0.19495828 1.0
185.68450649147667 -49.68481283443109 0.062919 -0.056655 0.26736465 1.0
136.8971420123969 -72.74559260654559 0.291301 0.087605 0.2339721 1.0
159.8648080886739 -82.2343006134382 0.044871 0.227734 0.27282327 1.0
139.24413977800788 -58.99461343479964 -0.234479 0.335928 0.17176737 1.0
220.6562177299855 -91.70683679446816 0.247338 -0.122187 0.29162154 1.0
190.81253713519695 -76.58538110186798 0.13258 -0.163416 0.22513844 1.0
260.0230669894651 -96.85061173648124 0.207078 -0.199761 0.307524 1.0
250.30552712625465 -94.2790694746699 -0.213716 -0.310807 0.28543884 1.0
195.4020442681265 -71.87766526358543 -0.207044 -0.064413 0.1979406 1.0
112.21004201336201 -56.41934082478175 0.167409 -0.005323 0.18108836 1.0
147.11869359039906 -68.48077804383729 -0.323946 -0.109069 0.22961667 1.0
119.54908112962755 -52.84622735250521 -0.176042 -0.119818 0.16058761 1.0
226.0365527733773 -93.2333315497691 0.209577 -0.008334 0.33372557 1.0
144.66969890602545 -57.0357107999899 -0.110128 -0.092543 0.1732038 1.0
202.65948681115887 -80.27259672570413 -0.075426 -0.278426 0.26469636 1.0
211.7952710291321 -75.25160124606617 0.13757 -0.245455 0.22278172 1.0
270.866686273186 -93.94281621915367 0.206213 0.461782 0.30398455 1.0
196.11061702405283 -77.20834991294008 0.284282 -0.140077 0.28583014 1.0
155.20154461922183 -60.469371068540156 -0.08169 -0.097256 0.19767702 1.0
146.07470768105614 -54.816796202676066 0.018867 -0.357578 0.17315568 1.0
162.47412102752293 -58.5306807582443 -0.354229 -0.301328 0.19081216 1.0
160.6092545461881 -58.74986686006875 -0.213226 0.082994 0.18824671 1.0
195.09948929943457 -66.50978422363944 0.34728 -0.135746 0.21631692 1.0
290.9367760987778 -98.66354860009686 -0.092334 0.067902 0.35654008 1.0
187.45674867708405 -80.81426602423248 0.274693 -0.570346 0.34591168 1.0
129.39606517862106 -50.79175938220723 -0.14665 0.34418 0.18050942 1.0
181.968167842025 -70.97513392671067 -0.044716 0.152569 0.2733707 1.0
268.59697649601753 -88.91563160345837 0.199802 -0.247876 0.35357216 1.0
277.1009514749949 -90.07295657651979 -0.061901 0.046037 0.35101244 1.0
199.3223676209116 -64.99904419890285 0.109182 0.304932 0.21863744 1.0
188.1920369084466 -59.261291042922785 -0.317897 -0.041763 0.19729134 1.0
193.75318531281974 -61.0301342934591 -0.001563 0.125339 0.20028548 1.0
149.9467279487723 -59.0225034747045 0.076034 -0.269947 0.2438967 1.0
149.58030307100404 -58.35672012464507 -0.075397 0.186744 0.234143 1.0
227.61814702874236 -79.48713186201864 0.263876 -0.121837 0.35933915 1.0
188.5272062766142 -66.95111275636674 0.068459 -0.087742 0.27262303 1.0
231.36956300856488 -73.46701059974019 -0.246431 -0.146066 0.2967278 1.0
208.45083140420684 -63.22399504469744 -0.152285 0.339409 0.23692769 1.0
278.3105184499518 -83.21845530619098 0.021993 -0.497596 0.33268607 1.0
297.23087532716625 -87.49683489007467 -0.064902 -0.041211 0.35161993 1.0
148.1526936083515 -52.54078428913167 -0.320077 -0.312746 0.22137074 1.0
176.4085816940263 -62.11021780947559 0.38049 -0.289343 0.27823994 1.0
183.72140007901672 -61.56814554116233 0.189689 -0.141806 0.27386767 1.0
167.21540781626143 -55.16201721122856 -0.007512 0.032688 0.22967386 1.0
266.4429793927601 -77.89334126120342 -0.007342 0.244927 0.3522747 1.0
111.63410760529686 -60.991785201427696 0.143693 -0.054335 0.18199581 1.0
165.75862487950405 -76.15902489476233 0.090335 0.024758 0.23390019 1.0
140.13708322768463 -62.02842604219472 -0.013577 -0.185203 0.17389148 1.0
199.30886238908906 -86.92619113652918 0.113695 0.27692 0.2734107 1.0
142.33607458958267 -62.16390355392135 0.044794 -0.063727 0.17300572 1.0
140.661538531531 -61.80781304295117 0.331698 -0.443679 0.16978288 1.0
144.72225169962775 -63.215699596205695 0.009167 0.086692 0.1755066 1.0
196.4771932893716 -81.0234456268225 0.197132 0.065755 0.2380523 1.0
169.2571379400826 -80.51269955025091 -0.180928 -0.04434 0.27352616 1.0
153.89532146454872 -71.69840823018868 -0.195984 0.610627 0.2334745 1.0
201.84027009991982 -84.06468581960789 0.21855 0.055361 0.27796715 1.0
238.8854972573136 -90.8735307371538 -0.073327 0.087706 0.29497883 1.0
263.6859566396462 -95.28540322431826 0.079276 0.317379 0.3070293 1.0
151.574938294473 -66.66759719596651 -0.363126 -0.240475 0.22834684 1.0
154.10190604566654 -67.85446926308047 -0.080785 0.103199 0.23376702 1.0
152.52535093040254 -67.73720453845965 0.241918 -0.561731 0.2297718 1.0
201.05377790421826 -78.72956229938987 -0.075375 0.167675 0.27722207 1.0
160.78962606947 -61.41653073571388 -0.100368 -0.380608 0.19046101 1.0
162.98586262072072 -60.362998700120976 -0.197363 0.116179 0.18888724 1.0
274.10385846016555 -99.26644059098162 -0.026786 -0.023961 0.35742918 1.0
285.3111031274346 -100.59404411213255 -0.091012 -0.098337 0.35417724 1.0
286.89425692300057 -100.28028747260082 0.25648 0.475284 0.35490748 1.0
247.05660596245346 -84.28076414758611 -0.334604 0.180358 0.26920897 1.0
268.6419447505928 -91.72264366364737 0.246213 -0.015 0.3021385 1.0
118.66818622875535 -51.10195236996418 0.218604 -0.696178 0.18290092 1.0
170.3448121416654 -71.8429377781212 -0.09354 -0.05658 0.27474633 1.0
151.9830718606924 -57.21798373143625 0.208319 0.169472 0.19658591 1.0
163.73125870039206 -58.73948540592537 -0.700939 -0.009002 0.19324803 1.0
225.27885176983665 -73.29471762957648 0.062452 -0.068779 0.24598819 1.0
281.08410364969535 -91.61873239780007 0.087832 0.004703 0.32827199 1.0
296.40397842403434 -95.4514466233124 0.444322 0.165215 0.3545863 1.0
270.5293186923216 -85.29820341162304 0.101002 -0.019531 0.29947513 1.0
219.13209024558262 -69.39330523863455 0.237124 -0.12722 0.22279105 1.0
191.73131985956766 -75.90051386165584 -0.001184 0.058432 0.3385432 1.0
194.12868368920806 -76.90187433468293 -0.221264 -0.225502 0.34510717 1.0
179.38849051245205 -72.0075548776574 0.252122 -0.109251 0.29844046 1.0
196.24260460625752 -78.20882517727655 0.185483 -0.324091 0.33817083 1.0
210.62385776330328 -75.02130763666263 0.029418 0.259916 0.31042275 1.0
147.66825217960337 -52.84407238858882 -0.009871 0.073794 0.1893434 1.0
215.62956786923408 -70.58196568101843 -0.177538 0.025522 0.27283517 1.0
269.8549278054702 -85.34535993919506 0.112886 0.216333 0.3475411 1.0
272.4566226513945 -87.67326970569243 0.074911 -0.131337 0.35168695 1.0
185.58253902067867 -58.07201831670643 -0.370443 0.466894 0.19743942 1.0
188.5480785949225 -59.00777947093814 0.312986 -0.395261 0.19925262 1.0
276.11131695550137 -86.65643036293507 -0.122097 -0.374209 0.33339494 1.0
277.27974932895137 -85.32934722740752 0.309492 -0.058461 0.33450466 1.0
267.91646276754545 -80.81787796056935 -0.177906 0.153024 0.29032382 1.0
151.2770646782009 -56.80650356742249 -0.350478 -0.135629 0.24259064 1.0
182.09477462653567 -64.50404723405975 0.004711 0.549431 0.28877926 1.0
184.80815958770657 -65.68449964613258 -0.214342 -0.184396 0.28769317 1.0
193.92585579668062 -65.73840825130965 0.255375 -0.509854 0.28465617 1.0
211.9621293727935 -68.30879509302314 0.150286 0.107091 0.28650987 1.0
238.77615893491438 -76.43900418094837 -0.054631 0.407005 0.3298925 1.0
197.94674570574006 -60.864481598918566 0.037439 0.243563 0.23851587 1.0
263.1068945164862 -81.70233107621887 0.024632 0.237163 0.3581878 1.0
264.62451409897955 -81.77304715778354 0.118623 -0.209704 0.3571084 1.0
228.27468304050848 -69.58378894031476 -0.013535 -0.001853 0.28094265 1.0
262.1799180219994 -78.98507824215518 0.075062 0.00219 0.34317192 1.0
228.02397090016052 -69.32071583492544 0.020539 -0.065977 0.27990788 1.0
267.17096633879925 -80.54353621446234 -0.051702 -0.062124 0.35178122 1.0
268.33939284726773 -81.6605587796574 0.033703 -0.150612 0.35172674 1.0
129.0745043196493 -44.390450159188966 0.664965 -0.099937 0.186296 1.0
190.83697740901135 -65.4597363656506 -0.163094 -0.057666 0.31253952 1.0
189.16781347116054 -63.16626600931276 -0.004214 0.018864 0.2933039 1.0
188.08775530311632 -62.65158094553002 0.01028 0.172578 0.29210785 1.0
211.93308487540696 -70.90637946539582 0.161276 0.129627 0.3446021 1.0
163.07210714507835 -47.40479122312045 0.420848 -0.100667 0.1770717 1.0
188.36072004495333 -60.93403527636722 -0.130367 -0.16726 0.31383184 1.0
199.36891678410208 -61.888373333260525 -0.196623 -0.019459 0.32884917 1.0
180.88614475435867 -57.024290554354934 -0.010731 0.034637 0.2794365 1.0
141.95713928196213 -42.81452174037295 0.140241 0.214319 0.1895087 1.0
219.11801200468423 -64.72153133490127 -0.144568 0.08783 0.34223256 1.0
214.29947260249259 -59.1926026931022 -0.026432 0.073134 0.28431433 1.0
249.9422270737508 -68.34024811013677 0.034746 -0.060239 0.33950174 1.0
255.49618244592887 -69.90930864711488 0.114084 -0.135529 0.34601048 1.0
144.7857272284999 -38.63833155927842 0.296872 0.283537 0.18919653 1.0
229.98624690282043 -60.8017494526487 0.207164 -0.256548 0.34406582 1.0
232.13469405695787 -62.673373311797235 -0.087555 0.159804 0.34584352 1.0
156.31215940422203 -40.63821253499043 0.144646 -0.077094 0.19774504 1.0
236.7501431020746 -62.37912555540961 -0.12194 -0.011015 0.34589025 1.0
128.0181984744073 -94.61867249875921 -0.245442 0.053705 0.23128557 1.0
112.40097610219658 -82.61356605909718 0.377263 -0.024195 0.19304341 1.0
149.10662212287812 -107.67741642561725 -0.124039 0.044895 0.2767028 1.0
152.4354718190749 -106.15917728350395 -0.368938 -0.18929 0.2739501 1.0
162.4513387949242 -110.95014321903231 -0.165539 -0.064794 0.29062554 1.0
179.62219075098685 -122.28061773556206 -0.084648 0.021125 0.3324013 1.0
187.94882636060223 -127.9389906708921 -0.263484 0.147253 0.35934472 1.0
181.49896346585365 -124.08260669686453 -0.02244 0.128474 0.335288 1.0
182.44840188864575 -122.57261601991127 0.19096 -0.004978 0.3344597 1.0
127.79851403371079 -83.96738017900246 0.028781 0.13819 0.19856566 1.0
140.5091625904307 -81.41629575099601 0.061713 -0.019995 0.18655376 1.0
139.56834084859508 -90.77121968894765 0.298209 0.121895 0.2319296 1.0
171.93780159928775 -100.51704669504161 0.246243 -0.110514 0.25999728 1.0
141.0532383128747 -81.83306381971164 -0.092184 -0.244712 0.19398876 1.0
208.85841638676538 -115.02609915825994 0.075521 0.031063 0.30827188 1.0
219.7921090232113 -121.58951911719538 -0.127152 0.109598 0.33138224 1.0
226.88055743883888 -122.91302836116354 -0.380102 -0.547001 0.3322817 1.0
214.2658791622006 -113.02308505253325 0.028199 0.262033 0.29420233 1.0
157.31510809292354 -98.48386489944177 0.026781 -0.182442 0.26911905 1.0
155.58336833965555 -93.98128272556863 0.009655 -0.420789 0.255826 1.0
166.073737463494 -98.58975536351664 0.051019 0.280858 0.2673922 1.0
176.06833157126673 -98.45268195899351 0.253154 -0.22339 0.2647685 1.0
174.6858167627819 -90.43895368271349 0.195692 -0.066262 0.23474067 1.0
226.19248595717934 -115.45534532433511 -0.026378 -0.072351 0.3300207 1.0
176.92745673427748 -90.37084706606674 0.352911 -0.077887 0.23522721 1.0
226.20323604592645 -116.99931427558327 0.103686 0.066487 0.33019286 1.0
272.5874635235001 -123.73397032804172 -0.18585 0.221719 0.34237933 1.0
117.10071312383116 -73.26260249377978 -0.121059 0.141976 0.19529682 1.0
189.9005895747584 -100.68574686052925 -0.267562 -0.356748 0.2886436 1.0
131.28408503246413 -68.0578053547525 -0.211608 0.147556 0.17516625 1.0
131.61034232490354 -67.06846010770572 -0.371272 -0.088416 0.16975689 1.0
141.09264877911863 -68.70170249289521 0.011979 0.131222 0.1703141 1.0
226.18150250270634 -108.50337489645395 -0.115096 -0.143325 0.312928 1.0
145.37934819216653 -69.30465033981343 0.150121 -0.279652 0.17272584 1.0
239.2876438079292 -106.950560791629 -0.169241 0.13846 0.2989568 1.0
262.53006331203744 -114.10711384502581 0.081856 -0.135862 0.31975892 1.0
251.3990580121808 -107.7285888571653 -0.443637 0.08675 0.2982059 1.0
182.44573436178823 -76.60468002660937 0.04561 -0.023375 0.18809408 1.0
234.19094299274272 -97.70672316892308 0.449151 0.192266 0.25968522 1.0
241.62256016223424 -103.38507903414538 -0.12269 -0.036698 0.2995411 1.0
176.29098118439305 -73.05885510399227 0.707881 0.583475 0.18755624 1.0
179.49945468569442 -72.89572266102444 0.03022 0.274866 0.18780641 1.0
212.10335045545744 -86.97173132375455 0.271691 -0.028754 0.23416016 1.0
255.69112835957958 -103.56140058831672 -0.548789 0.096052 0.2995426 1.0
253.89043690779818 -102.42806970982203 0.258212 -0.176037 0.2961088 1.0
271.8918398656938 -106.24947410657136 -0.088193 0.29145 0.30880958 1.0
183.25251855392574 -94.5981802141919 -0.337958 -0.078696 0.31480986 1.0
183.80163770456215 -94.5956703352308 0.161551 -0.054697 0.31444904 1.0
164.14677391291258 -78.4372467849772 -0.308017 0.552961 0.23367351 1.0
142.35058502206365 -62.612524930884156 0.345694 0.169052 0.17030706 1.0
242.7743796542679 -97.57645035663438 0.138892 0.286132 0.29304105 1.0
238.12221910259265 -92.52051889755937 0.012207 0.239775 0.2661926 1.0
265.7904947034704 -100.29771080548089 0.15073 -0.066021 0.30458787 1.0
206.3200142108049 -132.75381148866467 0.13144 0.162844 0.35823178 1.0
141.89050919268254 -91.3379539999428 -0.188073 -0.140596 0.20873427 1.0
159.1344911646447 -101.68646220273148 -0.152308 -0.240672 0.24171935 1.0
139.87077504753708 -86.90696864994113 0.060938 0.191895 0.19553176 1.0
137.88970232792855 -93.19261917100305 0.098326 0.207391 0.2322998 1.0
187.57609939124515 -119.37139695321797 0.390948 -0.378727 0.32799053 1.0
125.31931634391948 -71.6011320195406 0.150263 0.088317 0.16160816 1.0
180.465395450178 -103.67079452212957 -0.264779 -0.014781 0.25956976 1.0
227.3412593528135 -122.99227700030896 -0.163628 0.119057 0.3307991 1.0
229.16940221392693 -121.27189950245939 -0.408953 0.07277 0.3129508 1.0
147.96617443691352 -99.24025469756529 -0.126768 -0.053567 0.27037862 1.0
152.87995040646265 -98.40568631210117 -0.054372 -0.00902 0.268485 1.0
155.55956971823557 -100.18454143588522 0.003511 -0.194161 0.26834467 1.0
190.1979475577238 -119.3657082584978 -0.063003 0.140092 0.35103694 1.0
197.00725072741312 -115.54594436721878 -0.161622 -0.061831 0.32585043 1.0
171.4193460236646 -100.01440635181417 -0.016609 -0.099833 0.2614776 1.0
171.08814774062492 -97.32442600467922 0.141864 0.038031 0.2528326 1.0
168.92095912515452 -92.64040179672803 0.284297 0.176158 0.23658285 1.0
194.33811844695393 -107.09684304168306 0.068439 -0.230484 0.28329062 1.0
146.98105161663125 -79.6497362953543 -0.068131 0.040928 0.19365878 1.0
183.01770446481325 -96.45433609742811 0.102555 -0.300182 0.2494657 1.0
240.7439728711975 -116.28399967160885 0.683904 -0.015571 0.31493482 1.0
139.15319907023712 -89.63430469818192 -0.015445 -0.208973 0.25171772 1.0
131.7308986815944 -84.16966933049491 0.193054 0.00558 0.23271665 1.0
144.08530113360467 -88.27494143828216 -0.633642 0.185342 0.24164301 1.0
154.49798429503696 -89.4066823756065 0.103469 0.030158 0.24400723 1.0
190.37063822007076 -110.51122247306846 0.226014 -0.039394 0.3258158 1.0
127.93078198433025 -69.4576683316829 -0.347598 0.289222 0.1762755 1.0
189.4172314037611 -101.8279198850053 -0.027814 0.234904 0.28787342 1.0
268.97771917301577 -121.08824156655913 -0.139391 0.339644 0.35393277 1.0
212.1591069762733 -92.01209359872566 -0.252089 0.178134 0.2323678 1.0
103.24944449929272 -61.502624109766025 0.096595 0.045448 0.16192105 1.0
127.0207241281561 -68.50788966372134 0.163811 0.10289 0.18025465 1.0
177.67418438443593 -90.95450250648295 -0.530298 0.223906 0.2665468 1.0
190.8236563599448 -96.61170096774339 0.185759 0.211248 0.28870448 1.0
219.56636318846847 -112.89163732186191 -0.059211 0.204862 0.35395026 1.0
135.05182387841893 -68.74831688017471 0.18115 0.041946 0.18047963 1.0
214.66798970873091 -108.25452238172724 -0.04287 -0.069561 0.3324235 1.0
216.1687778304721 -109.23680827918061 -0.056098 -0.028336 0.3356237 1.0
163.9451588114539 -74.7603483983456 0.345877 0.179483 0.19357386 1.0
255.90982594484083 -110.01133789292646 0.458902 -0.139228 0.31722477 1.0
255.32037397862368 -109.71723316032418 -0.572634 -0.208826 0.31470698 1.0
240.89439126302256 -102.5709313146522 0.069626 -0.093546 0.28650907 1.0
265.4156397960009 -112.71183881824741 0.087623 0.159067 0.32843918 1.0
254.46685229669282 -105.58925731166919 -0.270357 -0.085599 0.2965564 1.0
183.39648109429334 -74.12341030151386 -0.038329 0.028599 0.18581565 1.0
134.46254716070396 -77.8201178483561 0.078358 -0.026348 0.23485723 1.0
178.3622356953088 -98.01231532469282 0.352472 0.100964 0.3267881 1.0
181.84895698444686 -88.72297856951535 -0.18338 0.742806 0.2676192 1.0
191.69649916857486 -92.7943915098321 0.22123 0.078385 0.28832746 1.0
192.0808013645112 -91.84688435288737 0.219495 -0.090226 0.28831637 1.0
186.09499142186843 -87.64517335674653 0.031286 -0.043189 0.26813346 1.0
139.38497126476932 -64.3013776727818 0.1491 -0.031088 0.17245439 1.0
140.50405909048166 -64.36336760610924 0.303514 -0.037461 0.17230088 1.0
140.93395391664365 -63.80565233465765 -0.13224 0.095471 0.17229874 1.0
227.740792094562 -96.95351840493808 0.249907 -0.133078 0.29538554 1.0
155.95978365984152 -63.629522360314624 -0.035932 -0.020242 0.16376299 1.0
262.89626731531007 -103.09713409426556 -0.185716 0.035007 0.30804905 1.0
189.11254347787522 -131.67339566413932 0.121742 -0.214657 0.34290534 1.0
156.9076685715036 -115.27807297239282 -0.093221 0.064487 0.29114237 1.0
198.98140714328892 -134.11142459084508 0.2202 0.122303 0.35752466 1.0
