X Y e1 e2 Z WEIGHT_SEEING
639.7721188159192 -172.01783948965792 -0.103744 -0.148708 0.29605228 1.0
723.1451295008756 -193.97387871420048 -0.520377 -0.010882 0.3490045 1.0
497.5106161060537 -135.12191401418877 -0.299879 -0.063652 0.2078229 1.0
490.21157622036884 -130.55981054968828 -0.504359 -0.314855 0.2047241 1.0
547.2315480492807 -146.72067209682228 0.132471 -0.070125 0.23723467 1.0
670.9782850283274 -181.0742692189047 -0.177277 0.286283 0.31514084 1.0
642.5814709719366 -165.33687408749873 0.081379 0.058797 0.29986262 1.0
721.5557121952098 -314.4984107358155 -0.224198 0.167088 0.34482938 1.0
625.1729480287331 -278.12950504421025 0.343644 -0.114017 0.31088933 1.0
699.1019144886056 -291.7532833721609 -0.088249 -0.144447 0.3312518 1.0
633.1626516582029 -278.5396832138435 -0.488739 -0.611393 0.3150829 1.0
624.3347030732657 -265.445329562363 0.313508 0.414598 0.30877548 1.0
673.8107331761784 -299.0568874558713 0.155704 -0.277928 0.3176924 1.0
707.9739161692536 -310.6660824540729 -0.101829 0.241859 0.34173343 1.0
669.4215274675962 -285.76608989914865 0.214846 0.030694 0.3120121 1.0
701.0557752957718 -296.74867663478625 0.654661 0.28319 0.33777606 1.0
596.3392162370162 -250.7461883022515 -0.131164 -0.029169 0.26336762 1.0
672.4542911861514 -289.30127166429025 0.091214 -0.669996 0.33821103 1.0
728.4173616527795 -301.62379770869535 -0.053986 0.420397 0.35679817 1.0
548.9485636849234 -226.60329988629425 -0.127165 -0.068478 0.23674527 1.0
607.7018619582761 -249.6869958187382 -0.190947 -0.0076 0.26862636 1.0
541.90444092032 -243.28536846839643 0.122871 -0.014503 0.25657547 1.0
496.9953369962141 -220.1285464712658 -0.158901 -0.030648 0.22447532 1.0
458.1065132267195 -201.39043139815473 0.088043 -0.114152 0.20478702 1.0
678.6180661915548 -287.73693149682873 0.124562 -0.227048 0.34239608 1.0
467.1174584742837 -198.39545641761532 0.119093 -0.283044 0.20359942 1.0
646.8180610018976 -270.39872767031255 -0.250873 0.116039 0.3062998 1.0
441.80043634377625 -181.70570898682024 0.382089 0.094284 0.17919505 1.0
701.1476553926603 -301.80010279781305 0.217188 -0.285964 0.35870573 1.0
668.0754301701038 -280.95573305148423 0.367445 0.148791 0.3301734 1.0
505.32660710403303 -205.04606519828852 -0.064305 -0.101778 0.20999672 1.0
514.9896292482676 -235.97265435045807 0.398654 0.276778 0.24410188 1.0
666.459167031827 -283.10196862858186 0.10516 0.047283 0.31352484 1.0
643.1206680671676 -272.0446191412874 0.06545 -0.498733 0.3058381 1.0
483.89040619509836 -201.7112973190383 0.050273 -0.092805 0.2042046 1.0
486.7278295831629 -203.19526314242336 0.080259 0.074852 0.2043319 1.0
641.3387629068652 -266.98967941708247 -0.216167 0.625587 0.30949205 1.0
612.9283587873574 -279.5155904075332 -0.352918 0.250777 0.3134753 1.0
615.0058906622983 -273.3920508005569 -0.595969 0.13915 0.30870852 1.0
637.209019906975 -260.9288254919283 0.492123 -0.109318 0.3083745 1.0
640.3327825045628 -284.6068765813908 -0.238055 -0.093002 0.32698458 1.0
597.3239786097744 -265.37754716382875 0.062182 -0.029515 0.29502323 1.0
730.4062829681101 -296.5941705050582 -0.04961 0.195271 0.3578947 1.0
668.067222313703 -294.9753019459655 -0.06985 0.158934 0.34675837 1.0
464.7896101808447 -192.27314985012902 -0.206226 0.104013 0.20496121 1.0
544.3737635497239 -221.62017930187412 0.060024 0.032456 0.2442449 1.0
729.1203192304597 -294.8736994690474 -0.370951 -0.092651 0.35536006 1.0
393.56170686378795 -159.0824485612517 0.053878 -0.448799 0.16156733 1.0
539.840571895281 -220.8653130331878 -0.148324 0.087603 0.2341817 1.0
726.0632316071642 -298.57392606479067 0.408616 0.01029 0.35613528 1.0
712.2710469217449 -287.4874890797712 0.003939 0.333798 0.34509182 1.0
730.2548608526606 -293.74982328965973 0.032344 -0.224221 0.35507405 1.0
659.7409617600084 -295.8378109944047 0.187987 0.003858 0.34672794 1.0
649.5966354059054 -266.0227299372653 -0.052008 -0.156653 0.30569667 1.0
541.6442295221675 -212.1855380489129 0.203775 -0.125614 0.24947073 1.0
689.7969890990644 -263.5751185128386 0.227661 0.193541 0.3521743 1.0
694.2402576989653 -264.49609810341303 -0.043653 0.3596 0.34964156 1.0
644.3841766456683 -229.2320283619429 0.403693 -0.243287 0.2892994 1.0
645.2626358445332 -271.8663731711415 -0.32872 0.07935 0.3368494 1.0
674.6615573456154 -272.08085067121283 0.072473 0.021342 0.3433618 1.0
679.1510012361903 -269.9363083412683 -0.018653 0.060817 0.34856236 1.0
626.7069085512682 -240.90235493531802 -0.219059 0.122 0.28677252 1.0
561.3154630265934 -214.6952159888337 -0.310624 -0.100491 0.24262223 1.0
627.7347428807179 -241.17287374177357 0.670109 -0.174978 0.28194898 1.0
687.9538537204928 -265.88212376193485 -0.156287 -0.023114 0.35050493 1.0
581.5435005950592 -218.5736230509588 -0.021047 0.709847 0.25366932 1.0
746.4317357267554 -275.4542196656959 0.041299 0.027712 0.34852454 1.0
550.6506253604285 -203.63741815895824 -0.041254 -0.434852 0.22697192 1.0
743.4691523388589 -267.3749858048941 0.028187 0.075203 0.35878938 1.0
718.1719829630877 -276.7126495791061 -0.161108 0.307305 0.35700998 1.0
580.8086146568826 -220.4181916714931 0.111108 -0.099278 0.2532099 1.0
602.8340922593912 -256.6366163448274 0.225128 -0.106896 0.3061819 1.0
634.3881609509725 -268.6147105879113 0.182107 0.460306 0.3412378 1.0
506.4072256324644 -211.13618123416413 -0.258154 -0.062765 0.23780124 1.0
559.2148042502275 -230.69547106648756 -0.571498 0.37435 0.26608554 1.0
521.3493692660337 -231.09304482711036 -0.307584 -0.192374 0.25151372 1.0
690.360823720934 -263.2120646166864 0.37722 0.30818 0.35281402 1.0
705.5480062627958 -266.1496036162967 0.133132 -0.224633 0.35870755 1.0
722.276978384193 -266.14457718098566 0.282399 0.035325 0.33959085 1.0
673.284988663003 -246.43898634650176 0.271145 -0.184584 0.29813296 1.0
504.66168004256656 -187.25374650851074 -0.215682 0.014385 0.22778542 1.0
697.5676148347956 -253.37653114958522 -0.365358 0.258784 0.32919705 1.0
687.7073232820137 -249.67616283136186 -0.088478 0.030856 0.32125103 1.0
713.0128937838527 -257.4183233174451 0.43889 -0.539247 0.33724204 1.0
742.2838636539793 -268.8110062294325 0.146707 0.149135 0.35502282 1.0
602.0482562984158 -218.24111666483762 -0.341875 0.353837 0.29031256 1.0
622.711347034252 -182.84464343821324 -0.350613 -0.124018 0.30507055 1.0
514.6189548255899 -143.11520343966197 -0.181572 0.379757 0.23843239 1.0
638.3305962826629 -174.73247920259175 -0.087876 0.084311 0.29765964 1.0
662.4896119635572 -214.05697062802864 -0.00608 0.073457 0.33582082 1.0
521.8432440305845 -167.1094956157354 -0.075264 0.102328 0.23683618 1.0
591.1457422408448 -184.6420874875484 0.250969 0.088463 0.2965419 1.0
682.6046914821852 -214.6958780541463 0.373209 0.588706 0.3591612 1.0
609.396686123642 -190.54630986744638 0.261588 -0.41772 0.3006961 1.0
590.2991048196736 -179.5074179113345 0.077239 -0.101472 0.28592813 1.0
527.9168746806331 -161.25978962891853 -0.451457 -0.656146 0.24481954 1.0
649.894257875979 -192.65294199885574 0.111471 -0.09558 0.31739765 1.0
631.7708916440927 -183.15316276147945 0.149488 -0.18373 0.2978037 1.0
642.5263526349702 -199.8925491626515 0.830135 0.364556 0.33411038 1.0
499.1968028583146 -154.59041079973167 -0.255303 -0.237798 0.23000695 1.0
488.5006448549576 -139.40867082944294 0.076339 0.187683 0.21219204 1.0
613.4501349569244 -210.93571034726273 0.548867 -0.246236 0.26643395 1.0
665.4025697180259 -227.02715371563085 0.216175 -0.088829 0.32749927 1.0
494.3537070548326 -157.03554632139793 -0.452264 -0.076622 0.22611676 1.0
653.6839290016705 -231.27144346936342 -0.139406 0.262583 0.32799897 1.0
608.1298722127362 -210.9065084968403 -0.143296 0.185998 0.29838023 1.0
652.1217396100955 -214.603990099651 -0.440375 -0.114764 0.3212272 1.0
562.3280528465293 -177.88957220437183 0.292511 0.167979 0.2661154 1.0
682.3596157074011 -194.1808311957803 0.447108 -0.344945 0.33149973 1.0
650.4109259464024 -184.78957245115842 -0.5058 -0.391375 0.30808166 1.0
701.3844229710271 -191.30770162500357 0.338896 -0.213684 0.3569611 1.0
710.7196341385094 -194.65725871043736 -0.018842 0.083722 0.35184038 1.0
638.2943475193257 -175.19203953535154 -0.273775 0.352506 0.29806337 1.0
521.2970421438016 -228.5257227622406 0.276344 -0.229133 0.2504263 1.0
622.086606457269 -272.0431635695505 0.143312 -0.017204 0.3207668 1.0
458.1026944887445 -200.7952833493332 -0.425215 0.083885 0.20987414 1.0
465.7545937128353 -183.73947114855574 -0.067802 -0.179409 0.2075326 1.0
695.5599819088816 -270.67674045446745 0.123317 0.036469 0.35602283 1.0
645.7903684160308 -251.72743836481882 -0.125106 0.614395 0.31600413 1.0
540.509580377381 -207.4934255193613 0.107269 -0.296902 0.23962548 1.0
482.68577658734336 -186.212553886727 0.717461 0.150261 0.20623559 1.0
678.4280203929375 -260.2855946645633 -0.043236 0.084588 0.32699 1.0
682.1622119714358 -262.15608394836323 0.027642 0.156705 0.32965347 1.0
529.203636588009 -202.21734025715773 -0.361749 -0.002981 0.22764622 1.0
575.7372345705622 -219.3567346587503 0.412097 0.195602 0.25331625 1.0
694.0465528526003 -264.23848558190855 -0.185165 -0.133293 0.32930145 1.0
608.8478215716588 -230.43566919730867 -0.023481 -0.105641 0.27012378 1.0
686.9053369372842 -262.3722053233848 0.007731 0.136777 0.35026187 1.0
691.7519934567931 -265.6708007145802 -0.18565 0.076246 0.35429475 1.0
685.7038826645005 -262.03929917083815 -0.419724 0.180925 0.34906197 1.0
530.7183420375694 -203.1077999513065 -0.575411 0.325786 0.24002747 1.0
529.9439352622801 -202.8234026844488 -0.2939 -0.132342 0.23953916 1.0
609.7556319313344 -232.80285098173255 -0.101773 0.040257 0.28935733 1.0
443.90132300155864 -166.34316614656038 -0.227995 -0.166979 0.18107302 1.0
556.7302540995041 -208.9414534252918 -0.157152 -0.09579 0.24208623 1.0
395.68312699716137 -148.86292516704017 -0.475539 -0.668854 0.16715519 1.0
693.0811923857838 -254.48859488630896 0.320947 -0.431568 0.32791966 1.0
733.5631691322316 -268.50987661811234 -0.142428 -0.132019 0.3567565 1.0
521.2552828443934 -191.34873476665368 -0.582736 0.061215 0.23693426 1.0
507.18558497534184 -182.0636083300121 0.293036 -0.357806 0.21176723 1.0
542.9443991961117 -192.63871064092592 -0.367396 -0.211601 0.22962609 1.0
510.5552542589228 -215.20944959563033 -0.325578 -0.105672 0.2448959 1.0
602.312758422794 -254.13955719092897 0.251616 -0.114372 0.3058513 1.0
520.9504095836244 -216.68648548810714 -0.007886 -0.082699 0.24298352 1.0
645.5334017645721 -271.9035726784953 0.50868 0.022334 0.35491967 1.0
668.1830578891007 -273.40960812073376 -0.24325 0.388594 0.3454647 1.0
506.26627656342316 -202.00773466796497 0.267854 -0.206494 0.23225597 1.0
671.8713216268027 -264.79204151198604 0.125328 -0.155677 0.3382573 1.0
500.68090248579375 -197.0108514807532 -0.140159 0.09549 0.22326145 1.0
533.3950521527144 -209.90571990570837 0.042358 -0.129738 0.24103186 1.0
673.5971288164277 -262.99090555864433 -0.296507 -0.034654 0.32908347 1.0
569.8747223487219 -220.05087832797304 0.023166 0.076278 0.25344065 1.0
629.0979799914109 -241.1458330025116 0.369921 -0.085447 0.28340855 1.0
568.853083369916 -217.44378712010365 0.280699 -0.421219 0.24565236 1.0
672.6783688262808 -256.67206686166287 -0.005177 -0.233385 0.30705607 1.0
683.338866017426 -264.84366588158025 -0.451612 -0.016977 0.35230744 1.0
686.3557507950119 -265.90005441457834 0.233844 -0.112473 0.3539629 1.0
613.4870914845875 -237.3044918616475 -0.034065 0.63025 0.2986675 1.0
669.0379622179531 -258.6935227714715 0.042439 0.057938 0.3371905 1.0
672.2867136543699 -259.87091550486343 -0.024921 0.158085 0.339555 1.0
674.4265671647204 -259.4002314344013 -0.266259 0.048511 0.33319315 1.0
620.2495611509931 -237.029148519636 0.175622 -0.452826 0.2879484 1.0
449.36360099831955 -169.54542518226233 -0.035961 0.053794 0.18517971 1.0
689.6793910009378 -260.6661618138699 -0.128735 -0.011679 0.32833686 1.0
544.9303055404882 -203.79433005506252 -0.084164 -0.248167 0.23226595 1.0
739.9431686056787 -273.41099535833956 0.42122 0.042456 0.34283614 1.0
686.0524047071223 -251.96529155761078 -0.013889 0.127723 0.3203729 1.0
589.2548484177303 -215.96445218585345 -0.227846 0.278584 0.25368243 1.0
680.686342565276 -248.16086367534066 0.187732 0.031298 0.30761632 1.0
672.0246135287667 -244.87212501102067 -0.122422 -0.074135 0.30169007 1.0
497.2358125712373 -179.4696731174643 0.132249 0.352955 0.1976749 1.0
497.06788090116856 -179.71028467231713 0.293083 0.186074 0.19732906 1.0
715.5654778515786 -256.3765456640772 0.252038 0.590434 0.3367521 1.0
718.2413787126894 -257.2657322146091 0.058697 -0.258919 0.338322 1.0
612.9315024152945 -271.5985003084624 -0.057178 0.287286 0.32084638 1.0
514.0610747726926 -223.60485663818474 -0.274961 0.107563 0.24895532 1.0
672.8049534218131 -282.01430374295444 0.231707 0.044222 0.35208717 1.0
451.3697408646394 -180.6558340804775 -0.178728 0.209369 0.18743835 1.0
456.91050137592055 -182.6281616126442 -0.055765 -0.127161 0.19015776 1.0
536.5970994805502 -213.68677400342276 -0.038972 -0.033293 0.2421073 1.0
665.8803140569863 -263.808824536869 -0.439817 0.142003 0.32336873 1.0
589.7056514982271 -231.41753050363712 -0.035654 0.218968 0.2656035 1.0
544.408226509123 -210.72484768325035 -0.009528 0.498405 0.23232937 1.0
521.0409106820849 -200.14925822639628 0.099522 -0.163243 0.2254292 1.0
599.0021273023839 -229.3197125463382 -0.063747 0.199581 0.2677022 1.0
536.4974374579324 -205.0540582507212 -0.125657 0.000441 0.22995307 1.0
610.9664404695842 -233.78058556336777 -0.113358 0.332197 0.27401033 1.0
623.8696585382438 -271.5006434805474 -0.039706 -0.193534 0.3227601 1.0
654.9704855529915 -278.4133835655525 -0.50805 -0.080356 0.3478393 1.0
602.4702695536347 -256.97238160913383 0.044459 -0.024541 0.30653235 1.0
467.03726016223794 -197.79880188798924 0.069961 -0.149914 0.21305795 1.0
386.9433896567764 -158.74106120640022 0.00501 -0.222793 0.16411036 1.0
600.802531342778 -249.94265132032098 -0.397427 -0.134983 0.3176528 1.0
640.7848352792381 -254.07687555896678 -0.168192 -0.28316 0.31220266 1.0
392.17619513802066 -155.45172728982226 0.248276 0.223942 0.16204263 1.0
523.9901713274791 -205.57172637816322 -0.174118 0.216499 0.2294461 1.0
545.5738761236732 -210.73033648213112 -0.027925 0.299529 0.23428053 1.0
541.8726917527819 -236.40057337021796 0.249623 0.106367 0.25752446 1.0
702.0647175180901 -265.41376134285673 0.079364 0.335244 0.357624 1.0
673.105468015673 -249.82813068319095 -0.053804 -0.143718 0.3148041 1.0
671.1124856336352 -250.74255293123358 -0.21757 0.070255 0.31477582 1.0
673.6592494545866 -249.62469044566913 -0.124252 0.106249 0.3143694 1.0
673.7118255761019 -248.90812096859713 0.004384 -0.067322 0.31386578 1.0
692.9628617757526 -255.25198516807123 -0.046876 0.180676 0.3228111 1.0
718.5309758425044 -264.3245778152299 -0.295872 -0.174231 0.33692694 1.0
594.7694641257305 -219.08196431386406 0.013465 0.006814 0.25712648 1.0
693.970195693671 -256.15676927663486 0.089273 0.387005 0.3162452 1.0
433.6517805582572 -158.53679266758655 -0.135983 0.293148 0.16848351 1.0
730.8253400702672 -268.6080165882204 0.00748 -0.404691 0.34038132 1.0
677.4872513387694 -248.08314784869376 0.104619 -0.520236 0.3007038 1.0
586.5136934110697 -218.69355359301633 0.320321 -0.243685 0.280681 1.0
587.337597241403 -219.12133426141114 -0.315886 0.065925 0.2811813 1.0
420.791800254323 -153.33471007261295 0.112918 0.114386 0.16801763 1.0
499.09527860107573 -180.36896890401835 -0.022505 0.272829 0.206177 1.0
457.4196617963514 -165.70314053718013 0.475083 -0.039853 0.19962351 1.0
502.36786778843856 -182.23247746044834 -0.1397 0.020687 0.2249872 1.0
632.6260741551853 -223.66216905476858 -0.14567 -0.285012 0.283907 1.0
426.24096367249535 -151.74952047465518 -0.010831 -0.004792 0.18513007 1.0
458.6180601157205 -163.6883761748913 0.183523 0.307806 0.19985849 1.0
660.2797712241112 -230.08492549972507 -0.043522 -0.288232 0.29911602 1.0
643.3836507511968 -222.73866903171597 -0.419715 -0.052987 0.31565332 1.0
646.8387392054159 -223.60865670489318 -0.144141 -0.125475 0.31514558 1.0
503.16157412969994 -170.94633529615976 0.225914 0.068709 0.20529956 1.0
446.57349655807036 -151.03102221273568 -0.253372 0.186871 0.17602198 1.0
513.9753174018366 -141.62853787136208 0.096474 -0.291774 0.23726551 1.0
538.3504427757398 -149.81997134809475 -0.10983 0.010956 0.24225888 1.0
539.3770383447854 -151.6668542822742 0.267481 0.477935 0.23992606 1.0
704.9932558501895 -195.73281738413044 -0.345788 -0.198857 0.3501827 1.0
573.1337692798796 -160.62826044049712 -0.161881 -0.245055 0.25808746 1.0
493.5136278347797 -138.05566883496365 0.066845 0.169575 0.21078172 1.0
471.6055134470351 -127.96653267021176 -0.097017 -0.01715 0.20089221 1.0
697.3327497516815 -188.9488741695492 -0.114936 0.197144 0.3419127 1.0
691.396804575269 -188.90224925593543 -0.032719 -0.354801 0.33563617 1.0
599.4413952774639 -192.31527963361825 0.061301 -0.067056 0.3035527 1.0
485.8117310477356 -156.35191235438722 0.017627 0.251301 0.22286174 1.0
679.6376789866565 -219.30385360509746 0.091701 0.433618 0.35496566 1.0
683.3851806237943 -219.3721377726661 -0.186864 -0.078734 0.3555706 1.0
415.6485831874387 -133.23993386007388 -0.076598 -0.184745 0.17708723 1.0
656.4038477512169 -206.25550354816997 -0.092388 0.136807 0.34513932 1.0
605.7219327411356 -188.89222602203614 -0.324355 0.094755 0.30399325 1.0
597.456106910359 -181.5049720338878 -0.274585 0.403916 0.29908893 1.0
509.86348193293276 -156.56064521068126 -0.295397 0.086143 0.24105173 1.0
506.47367368264855 -155.1063666063406 0.00054 0.025239 0.23822053 1.0
419.42488862013715 -128.10901143362895 0.030288 -0.016221 0.1849428 1.0
675.8930630241902 -206.0576691449924 -0.133884 0.269858 0.3549049 1.0
674.6413772082517 -206.37570704870137 -0.259055 0.010154 0.34929717 1.0
586.8558329248037 -178.6371095427213 0.301798 0.034571 0.28397146 1.0
614.4633809319115 -181.16446547856611 -0.050659 0.1829 0.30483246 1.0
528.8412686981025 -155.63023863544535 0.179415 0.099678 0.24551341 1.0
693.3783679328645 -198.19344373856893 -0.070643 -0.027185 0.3556987 1.0
645.3057873602485 -200.86445027413836 0.263936 -0.086603 0.3364423 1.0
645.4258789137233 -200.97141063056515 0.057544 -0.296209 0.33646363 1.0
528.0342553479189 -164.29829617870027 0.039932 -0.463517 0.24581663 1.0
490.62148164084897 -150.80941784700997 0.587319 -0.073403 0.21696416 1.0
629.3834142736358 -221.8530267136367 -0.033187 -0.065408 0.3120405 1.0
654.4251654457211 -230.7910811192333 0.081442 -0.228088 0.3259211 1.0
634.8952581919076 -221.63541628983202 -0.199385 0.130374 0.30856287 1.0
465.9313504189435 -162.24593454973802 0.037973 0.027534 0.20222849 1.0
612.3226149550094 -209.7311544508814 0.106385 0.029864 0.29853225 1.0
404.4476516173537 -134.83109092969386 -0.448718 -0.046895 0.17297995 1.0
587.9475960551865 -193.37025434424342 0.016513 -0.054019 0.28703785 1.0
630.567866890443 -201.55073598812456 -0.066263 0.074083 0.32673156 1.0
398.6480101251578 -127.28750974661364 -0.473831 0.016274 0.1758459 1.0
656.7645402459572 -209.8586609084346 -0.070268 0.331939 0.34573007 1.0
659.4239367012963 -210.50588171144923 -0.105925 -0.200742 0.3477042 1.0
496.14641396583625 -158.13308664050027 -0.243156 0.467382 0.2275948 1.0
675.1399860533853 -222.80860397082978 0.193282 0.079499 0.34568876 1.0
463.38398442967633 -153.17654281735756 -0.086338 -0.016881 0.20247525 1.0
462.80282556062775 -150.14792577091194 -0.022569 0.091691 0.20323302 1.0
588.2769864881883 -186.54425236445877 0.046217 -0.03437 0.29328445 1.0
670.4973580170335 -212.03506325986385 -0.043165 -0.183468 0.35524133 1.0
479.2450625065898 -152.01826131107904 -0.594289 -0.297733 0.2207353 1.0
501.50962098819855 -158.53442357485685 -0.064607 -0.080616 0.23220022 1.0
458.43139334637164 -134.48106061161218 -0.014694 -0.022626 0.19778949 1.0
510.0352970116306 -148.84286323977312 0.056459 -0.126753 0.22644496 1.0
643.6475103408012 -186.6026624671022 -0.165473 0.308998 0.30993244 1.0
520.1531498442594 -152.26258297372362 -0.17227 0.013543 0.22975427 1.0
508.4853092283479 -149.13689639503022 -0.088062 -0.335372 0.22267765 1.0
637.4350789477496 -180.04952464562058 0.091118 0.174911 0.31642252 1.0
543.7611319317763 -153.22797730180278 -0.026183 0.076734 0.2444237 1.0
697.9448264525479 -196.5937167689437 -0.353207 -0.344401 0.34866917 1.0
555.6474136600276 -156.8645344027116 -0.220529 0.121347 0.2491065 1.0
694.4972141971259 -189.22850976887005 -0.118099 0.001283 0.3476954 1.0
483.74545033278577 -132.7673439355722 0.441825 -0.072414 0.20890468 1.0
707.9144669218273 -195.1211117779106 0.426039 0.020919 0.35325915 1.0
476.4900838672316 -130.59625034330085 0.147344 -0.274778 0.20290573 1.0
621.4438830583712 -200.55739341758738 -0.050107 0.311553 0.2972511 1.0
683.9085457111103 -220.96280721335586 -0.130641 -0.246323 0.3425364 1.0
664.6600091919678 -202.17080381378912 0.16379 -0.252679 0.3210026 1.0
686.3159593041194 -222.30084395577342 -0.061574 0.239301 0.34465343 1.0
553.4701601080741 -209.94135819156907 0.57687 -0.157655 0.24966852 1.0
684.8953443069222 -258.3805787390663 -0.224743 0.056647 0.33265525 1.0
677.8285479935951 -245.4957206464703 0.14407 -0.287626 0.31931084 1.0
707.901975623699 -260.190965651898 0.043419 -0.07869 0.35103494 1.0
467.05354991743576 -171.52430682735059 -0.408676 0.516231 0.19590057 1.0
626.2729544921629 -225.60834114183453 0.005218 -0.062114 0.31796607 1.0
653.2410587616076 -226.3131171520098 -0.107753 0.195539 0.33453998 1.0
668.8258375031369 -221.75024684135934 0.259772 0.076329 0.35625148 1.0
593.8995129200847 -243.9162070896872 -0.46016 -0.190346 0.31631973 1.0
676.1696173344528 -239.9299529888964 0.214466 -0.070874 0.29410622 1.0
647.4635938898921 -216.77040669499084 0.038772 -0.210924 0.2831713 1.0
671.6587435888194 -244.5114657923716 -0.395612 0.072929 0.33053872 1.0
533.1248715745234 -215.1729033939445 -0.004185 0.063624 0.25597006 1.0
671.1022448547789 -268.93734409193473 0.12801 -0.033112 0.35604614 1.0
582.5825004171605 -213.93768882454225 -0.12594 0.443636 0.26504323 1.0
657.8825642886927 -236.95645644712894 -0.211829 0.03986 0.34179658 1.0
687.1488443890302 -233.263333183428 -0.127633 0.13873 0.3148936 1.0
487.18064172638293 -166.5198148274526 0.175659 -0.003741 0.20986955 1.0
625.1673819719085 -206.738812916306 -0.173118 -0.067007 0.31956485 1.0
587.4473079061969 -193.60649085044145 -0.325471 0.26254 0.28736594 1.0
623.7089612724131 -198.38451579499278 -0.068372 0.135347 0.29630944 1.0
584.1659057512134 -194.4151406909616 -0.150011 0.138654 0.24458481 1.0
660.078919454636 -220.30687412684415 0.255922 -0.028743 0.35131612 1.0
643.46623558496 -264.54749938546684 0.045156 0.072959 0.35769948 1.0
645.7467410116984 -262.9362395794473 0.355808 -0.293279 0.35938606 1.0
645.1036772890388 -263.5952142371221 -0.338252 0.254416 0.35870975 1.0
647.727879041326 -263.3201047381498 0.033513 0.139364 0.35829893 1.0
479.0178391600448 -196.13545187686339 0.095584 0.094413 0.23343344 1.0
616.4810125047794 -249.952771574933 0.236807 -0.206443 0.33141252 1.0
668.3883061127945 -267.56930225047296 0.356379 0.274872 0.35314396 1.0
707.8295539831048 -267.0855099642029 0.099026 -0.204601 0.34953532 1.0
710.794758228383 -268.96872402651525 -0.095683 -0.298135 0.35129085 1.0
674.569613367729 -250.9361392536108 0.029342 -0.086304 0.33202678 1.0
693.9709554280821 -255.6423685811659 -0.020759 -0.091769 0.33596957 1.0
689.650989144959 -253.31489900092714 -0.021567 0.022834 0.32638773 1.0
625.6703912739463 -257.9680973670409 -0.176547 0.126461 0.32356447 1.0
443.02453717845583 -182.38211701956803 -0.09032 -0.104716 0.20122603 1.0
627.657702744242 -258.0758063400307 0.100253 -0.059942 0.32319793 1.0
500.223866949009 -205.33857067204843 0.227848 0.133498 0.23401871 1.0
500.71617092509143 -205.89745752930355 -0.319859 0.124179 0.23391971 1.0
445.01109912542097 -183.42263987087745 0.675691 -0.035594 0.21384534 1.0
606.9036624741951 -247.3782525524876 -0.156763 -0.307147 0.31910357 1.0
477.56078764005457 -193.33925334952076 -0.448713 -0.442563 0.22097015 1.0
477.34001317331365 -193.26967161013056 -0.220504 -0.304635 0.22076389 1.0
538.3942583077092 -217.48561166613462 0.172832 0.016237 0.2577911 1.0
556.4922034810213 -222.03183142410904 -0.035139 -0.035657 0.2678547 1.0
668.7426888127811 -268.4863468987725 -0.428352 0.383674 0.3492933 1.0
594.0550479851041 -241.18085393417445 0.09323 0.667047 0.31675082 1.0
673.4494855652189 -262.9871432084837 -0.461539 -0.587643 0.3514178 1.0
634.6601812562941 -248.251829164395 0.036761 -0.182396 0.32082492 1.0
716.6842460440014 -273.3894777823411 -0.002385 0.198658 0.35816374 1.0
517.8520364401614 -192.51820204772864 0.070835 -0.229891 0.22415455 1.0
707.8047794096951 -263.2237416712802 0.088129 -0.149838 0.34768537 1.0
712.5520912203087 -258.0575377323652 -0.256692 -0.102611 0.34612894 1.0
512.0508029926117 -184.29527626760003 0.035957 0.041533 0.21470128 1.0
559.1452477638483 -198.03956113447865 0.183178 -0.211178 0.22868858 1.0
632.5181838355311 -264.1154602695896 -0.155974 -0.018623 0.3335028 1.0
522.8850782780374 -217.9460669156502 0.505378 0.252566 0.2520872 1.0
521.9041365710718 -216.55695117742738 0.02062 0.047962 0.25661215 1.0
477.91546955851146 -195.79333546832015 -0.136503 0.538607 0.22117846 1.0
628.590633860395 -255.51108888188492 -0.230376 -0.032069 0.32272166 1.0
689.2096300308126 -257.522603522419 -0.203324 -0.062201 0.33493212 1.0
710.738461787488 -266.3432760133715 0.437115 0.247244 0.3511174 1.0
491.13210995795095 -183.0757535252218 -0.205855 -0.12239 0.20686595 1.0
659.1176740511444 -245.01904050511138 -0.118852 0.040543 0.3241214 1.0
444.54211970908295 -163.32842484724645 -0.184271 0.00715 0.18720071 1.0
646.0888772616901 -239.11882936079817 -0.359003 0.056679 0.3091625 1.0
606.9191578889742 -223.67253245536213 -0.104405 0.102375 0.2811018 1.0
610.5731341958436 -224.95103913330095 0.185354 0.121886 0.28251278 1.0
491.601280086936 -180.54833636916067 0.085659 0.018541 0.2078246 1.0
566.4876383780919 -207.3285259505593 0.11945 -0.114582 0.24944884 1.0
567.5709553236336 -207.27334795745637 -0.192412 -0.35229 0.24949013 1.0
555.4491829260229 -198.88799285571952 0.081918 -0.176282 0.22831774 1.0
674.2166413476523 -243.51973207941484 -0.054402 0.084599 0.3303079 1.0
540.3649312799286 -191.09272555322576 0.028276 -0.216243 0.22996105 1.0
622.2858143693188 -222.0400338762846 -0.245045 -0.083904 0.31164703 1.0
401.1426120729251 -141.81958448667905 0.053953 -0.304067 0.16554576 1.0
574.1403720828756 -199.07844490267763 0.376615 0.04453 0.24965264 1.0
669.8114036209773 -233.95462527249086 -0.047245 -0.313367 0.34961593 1.0
652.1098329220803 -220.22784493028095 0.174562 0.130082 0.29334342 1.0
551.7939016013654 -186.00008166289257 -0.078351 -0.224038 0.2286635 1.0
551.8534668117862 -186.65589326421144 -0.021491 0.066761 0.22638924 1.0
498.22330694759194 -172.2914245367348 -0.071704 -0.08354 0.23852524 1.0
492.1287506821569 -167.9065695678237 0.083185 -0.223135 0.22632858 1.0
630.2832875007654 -214.79652538167153 -0.069398 0.297918 0.31697723 1.0
401.76249341103807 -136.0501369472882 -0.001799 -0.143993 0.16685002 1.0
659.0140602104692 -221.0927478337688 -0.07955 0.043955 0.31641075 1.0
573.443847101943 -189.37795742516377 -0.018753 0.205641 0.24216084 1.0
481.77146399313193 -151.73903992193422 -0.548868 0.050084 0.21045592 1.0
588.1209609905397 -184.83258078707723 -0.148654 0.060951 0.27389306 1.0
660.7250403604783 -200.91594801684568 -0.06172 0.234652 0.3192913 1.0
426.0896077908555 -126.39499599765216 -0.124277 -0.015118 0.17518196 1.0
671.9956609542199 -193.5065725935933 0.239257 0.31484 0.32037967 1.0
666.3516411410889 -200.0731174495371 0.179641 0.007601 0.3210542 1.0
436.1700411197997 -153.6391415258741 0.020273 0.047848 0.19284077 1.0
575.9250501336394 -198.61776319542687 0.005334 -0.130988 0.24946676 1.0
491.78033176294116 -169.91157876811525 0.345468 0.204875 0.2258814 1.0
624.5794962676409 -216.49038226542078 0.412483 -0.318916 0.31437337 1.0
495.96422005557076 -166.85846990751654 0.120696 0.2514 0.20325516 1.0
644.6379726667265 -215.7520292635225 -0.016547 0.139517 0.28145602 1.0
623.7344713365299 -210.1725794927939 0.015516 -0.147531 0.31762624 1.0
518.5895411859557 -174.0509829090068 -0.093675 -0.010765 0.24473186 1.0
625.3705414143893 -211.35903256612042 -0.130917 -0.001857 0.31723386 1.0
626.9169478358949 -212.35144930841912 -0.278759 -0.020929 0.31751728 1.0
481.6610075097376 -157.98438441921752 -0.200512 0.410115 0.22569004 1.0
484.4645912775553 -159.02326204416272 0.237462 0.426532 0.22718005 1.0
509.03699563457934 -168.8034534424616 0.219426 -0.100031 0.2426463 1.0
417.78984705277895 -135.79775647842956 0.446659 0.394934 0.17689705 1.0
651.4783159869337 -212.33122045443434 0.252888 -0.033888 0.31237268 1.0
690.191977330287 -218.7309159607376 0.01096 -0.081342 0.34587485 1.0
517.7698287639686 -181.13482041368098 0.04475 -0.014911 0.21650897 1.0
433.5542015712789 -151.38332750538908 0.193019 -0.14787 0.16893426 1.0
651.1510028867258 -226.2458263145467 -0.067449 -0.200692 0.31542742 1.0
582.5240439092813 -199.1359504767502 -0.002267 0.022753 0.2516816 1.0
576.8045625373003 -192.37166968187313 0.094431 0.094217 0.24648412 1.0
516.9706696567309 -172.9398460846695 0.072396 -0.0661 0.21288396 1.0
655.9252308099352 -219.22903620733334 0.054445 0.051777 0.29399592 1.0
574.0865411771674 -192.12843098401916 0.23487 0.131424 0.2439628 1.0
573.9767368434059 -191.12172576352862 0.292707 0.44144 0.24299748 1.0
486.1280681152046 -161.82388358487364 0.213271 0.314376 0.22976054 1.0
428.7807328102441 -143.22724837339567 -0.06611 -0.003872 0.18895979 1.0
692.0289591173675 -227.5980700167219 0.029903 -0.232886 0.34189075 1.0
487.8124076049327 -159.3455655445664 0.028144 -0.141564 0.22932458 1.0
488.84946746472957 -159.54109779882506 0.106964 -0.346183 0.22906671 1.0
652.2471756004419 -212.54386968357937 -0.25915 0.056701 0.3413876 1.0
488.1886804704645 -142.88739041053958 0.620513 -0.042722 0.21020396 1.0
426.56063355475567 -125.22529261404459 0.484265 0.155898 0.17478229 1.0
498.84755573237936 -145.29835645247235 -0.490745 0.031712 0.212312 1.0
665.4096124123895 -265.0420886814675 -0.152818 0.239663 0.3550968 1.0
479.64370564695963 -191.0274902299703 -0.561515 -0.217666 0.23226184 1.0
559.4064340881254 -218.58607088540376 0.31453 0.126464 0.27511913 1.0
564.6611530798033 -215.36629713053642 0.460236 0.432366 0.27796257 1.0
557.5783950623464 -221.09081683735405 -0.709753 0.240111 0.277315 1.0
645.1823884103433 -255.68791846613908 0.105442 -0.01614 0.3585734 1.0
586.2256772552788 -227.37484134512113 -0.260981 0.242007 0.30895033 1.0
612.890589861905 -235.10689293211735 -0.576424 -0.014892 0.32292604 1.0
716.0368241236146 -259.8794622825922 -0.210203 -0.233409 0.3529253 1.0
611.0867505508636 -231.8458459667162 -0.170906 0.345967 0.32406193 1.0
633.7822296852751 -238.34760972291622 -0.006301 0.195887 0.339426 1.0
641.3144143256677 -241.91343153728388 -0.143832 -0.069861 0.34431872 1.0
641.1012441836662 -253.05403264297888 -0.110865 -0.131412 0.35536745 1.0
574.6886794603215 -226.7200105327017 0.540693 0.193614 0.3017152 1.0
609.6281273018232 -232.03044897966998 -0.357932 -0.068696 0.3240466 1.0
412.3116839548982 -150.192390342764 0.106235 0.400918 0.18697116 1.0
631.5356908246894 -228.28098505653517 -0.356753 -0.05838 0.33317727 1.0
647.047161866006 -233.14347820875065 0.030296 0.010704 0.33965424 1.0
451.70384254424283 -157.77770420676498 -0.065531 -0.155556 0.18732789 1.0
663.3722200488379 -233.61135149879726 0.517106 0.035787 0.35514227 1.0
624.127068609924 -212.35603918073812 -0.064988 0.231932 0.28063846 1.0
659.6525407921439 -226.8924999520772 0.256105 -0.245975 0.35164276 1.0
625.2807329579487 -214.6705818973148 0.000271 -0.192097 0.31900808 1.0
700.1747873178097 -232.04930653120726 0.28497 0.522374 0.32838607 1.0
706.8200768205443 -226.4941916760474 -0.206185 0.001705 0.3328097 1.0
695.7778544199073 -223.95466868529235 -0.007636 0.012688 0.3062612 1.0
704.2159701581786 -219.2306896793971 0.097022 -0.001984 0.34936103 1.0
574.7127923383457 -179.72297477348823 -0.52157 0.137018 0.25909668 1.0
598.6215270621933 -187.30309760868627 0.187708 -0.097742 0.2564228 1.0
636.1745552721007 -189.94456142156727 0.127966 0.159019 0.2859125 1.0
574.4670478781021 -171.24517062192106 0.16556 0.533236 0.23692219 1.0
724.2087547590083 -223.2087558330103 0.196191 -0.604956 0.34188774 1.0
716.386068233998 -221.96732025522837 -0.341677 0.205063 0.33285925 1.0
752.4768103749324 -219.08477755998658 -0.181765 -0.077174 0.35676956 1.0
731.2110629134363 -207.3623111458459 0.053048 -0.103202 0.34869826 1.0
567.8562293144826 -187.4825295269183 0.008574 -0.380179 0.25246283 1.0
550.9517972281324 -173.7371982696488 -0.044735 0.027914 0.22779907 1.0
561.8168560013171 -176.922761908778 -0.044234 -0.287847 0.23195352 1.0
619.53741459517 -223.18942041216914 0.114327 0.387873 0.32792324 1.0
676.9989318680421 -238.864499770162 0.242039 0.092464 0.3212664 1.0
653.1532538332889 -228.2489214218796 0.352864 0.146723 0.34239098 1.0
710.4480750173967 -239.89570045436332 -0.336854 -0.041408 0.3101862 1.0
659.1571769138429 -225.4739353886495 -0.018659 -0.113701 0.35169443 1.0
556.5570730321109 -181.85263564036615 0.639267 0.364614 0.24129508 1.0
557.9412811231858 -182.86823599000792 -0.094526 -0.090496 0.24206716 1.0
761.455613541061 -247.5165548015714 0.225146 0.017039 0.35266703 1.0
581.7141136052259 -165.29044414307037 -0.217312 0.156278 0.25524527 1.0
755.3126193067326 -216.7503068444647 -0.318623 -0.383181 0.35736784 1.0
656.949115308832 -264.5903825209658 -0.193684 -0.124197 0.35668832 1.0
657.5436906229073 -263.5408859522499 -0.309302 -0.054468 0.3540272 1.0
662.5118239373473 -266.03898487652134 0.047831 -0.117496 0.3544139 1.0
620.9946868032737 -248.58715546092054 0.36902 -0.15011 0.3184896 1.0
499.6676080267326 -198.2742498941789 0.31141 0.143654 0.23277496 1.0
529.1539308115763 -209.09056504558367 0.217292 -0.107486 0.25039408 1.0
671.875093238798 -265.68066421154805 -0.59371 0.216477 0.35259685 1.0
477.48077690595693 -190.18215946232036 -0.043643 -0.108128 0.23088562 1.0
621.0247602503509 -246.76422387977948 0.264176 0.451822 0.32858327 1.0
543.2634711302632 -212.097286632706 0.11929 0.080588 0.26128826 1.0
625.7268343799291 -243.33926387199028 -0.017452 -0.224742 0.31875965 1.0
484.0039300308522 -187.94785683510656 0.131616 0.013816 0.23514341 1.0
570.6326044256639 -217.31931888613178 -0.337994 0.005999 0.27698675 1.0
573.3638175336961 -218.28589132486903 -0.023907 0.050099 0.2787396 1.0
709.354497407406 -256.3827869423734 -0.272748 -0.224324 0.34857658 1.0
524.6276919969289 -190.11511869025358 -0.043203 -0.091792 0.22706598 1.0
677.6327707343905 -244.02334072425353 -0.276583 0.123681 0.32024473 1.0
429.62219377903466 -172.8162999781007 -0.675672 -0.01013 0.20352072 1.0
572.4987716737593 -231.5149601342904 -0.16035 -0.136858 0.29986703 1.0
478.63453611842283 -192.45955632169205 0.073115 -0.173635 0.23227318 1.0
472.0676138658558 -189.3606703762985 -0.018529 0.101447 0.224939 1.0
474.8727737292295 -190.59123873245412 -0.174617 0.038028 0.22664039 1.0
363.05617335339696 -145.33361640402103 0.288302 -0.06783 0.1606716 1.0
621.7781759887052 -244.38637153678144 -0.195174 0.342036 0.31826302 1.0
554.9351042204202 -219.6923393260043 -0.032213 0.271575 0.26990348 1.0
533.704905348595 -210.11231831700854 0.026935 -0.028151 0.25433847 1.0
673.5229238266188 -264.51116939502896 -0.180583 -0.210908 0.3532665 1.0
501.97051931080364 -197.7175386283686 -0.039568 -0.374684 0.23289944 1.0
643.0842868263823 -254.77627284946138 0.189663 0.017369 0.3567546 1.0
587.5512928093365 -232.83620655545042 -0.129473 -0.028355 0.31123057 1.0
576.3441493683993 -227.89419820929692 0.33242 -0.086842 0.30273733 1.0
404.874169859017 -160.05787206125922 -0.2249 -0.268892 0.18747105 1.0
431.71582796683913 -171.1076084017684 -0.071452 -0.303041 0.20336199 1.0
593.5374522799268 -228.60757956966066 0.113776 0.038286 0.3123436 1.0
633.2410634767034 -244.1212880888486 0.179924 0.164997 0.3418654 1.0
493.5533167494893 -187.23360204014824 0.024382 -0.325884 0.23018946 1.0
649.4480944471844 -236.82227212940563 -0.179007 0.495646 0.30892226 1.0
534.2893348224189 -221.32822278299616 -0.339117 0.07319 0.26360467 1.0
624.3656995129066 -236.780025273389 -0.100773 -0.111369 0.33600882 1.0
487.7468225150022 -184.28223045397363 -0.120359 0.205599 0.23618159 1.0
605.9197004115779 -227.367619553249 -0.226994 0.327716 0.31023607 1.0
487.06269688350983 -180.33119746936862 0.14523 0.254904 0.23614734 1.0
409.32337685114163 -151.44018015651213 0.159627 -0.023237 0.18663967 1.0
625.4252109960089 -229.92471261807242 -0.62704 0.049346 0.32813358 1.0
638.2662076365135 -233.24714969886088 -0.156307 -0.160533 0.33715698 1.0
647.7422830814845 -235.75033696489564 0.034049 -0.071554 0.33977437 1.0
657.617630351585 -240.38197849132817 -0.270156 -0.180212 0.34483275 1.0
576.7862870759205 -227.08409686042424 -0.108527 -0.053252 0.3031183 1.0
623.9577302356156 -244.60646460431786 0.285681 0.073547 0.33727196 1.0
629.5712670101243 -246.29579506429485 0.089823 0.107966 0.3379254 1.0
650.1265716428775 -255.0697894712505 -0.169652 -0.087535 0.35476884 1.0
475.3487062324323 -186.11627222453197 -0.05368 -0.053216 0.22639155 1.0
494.6051327125376 -191.30955492003446 -0.142565 0.073829 0.23170018 1.0
414.92802203425714 -158.28497602191456 -0.116785 -0.238381 0.19172904 1.0
475.44343131396494 -177.7486762277014 -0.037141 -0.385724 0.22895592 1.0
611.9267635719139 -225.69510636163199 0.111325 0.193506 0.31130037 1.0
486.5780865471386 -179.04973305854455 -0.126927 -0.094511 0.22580522 1.0
612.8375232722926 -224.34055270110755 0.208878 -0.387999 0.30906707 1.0
675.7570475707274 -242.5925080674418 0.066783 0.12134 0.31974256 1.0
474.0969391789046 -172.65529361205768 0.107483 -0.020062 0.22726542 1.0
461.5537251657432 -167.64810195599298 0.282762 0.050349 0.21869774 1.0
644.9390708865258 -233.7839046160768 -0.012008 0.123426 0.33867666 1.0
605.6270971128114 -214.03266016107867 0.008514 0.057384 0.2813871 1.0
679.244928146632 -237.56354053727418 0.260098 0.005809 0.32818803 1.0
627.9599478799294 -218.38914744875717 -0.094312 -0.130253 0.2855083 1.0
493.53243771127273 -175.0901307873152 -0.276969 0.231438 0.23782997 1.0
467.7597638722184 -166.57714665027686 -0.138874 -0.668578 0.22101589 1.0
655.339961363158 -233.21821973696112 -0.01821 0.518766 0.35261437 1.0
600.4934669116495 -213.0394117622519 0.198708 0.111208 0.3076494 1.0
537.3535471010148 -182.4516972494538 0.016862 -0.087134 0.22702512 1.0
495.11189900382175 -172.37145958428528 0.057046 0.06223 0.23753488 1.0
493.28201934679083 -170.57216987732264 -0.199162 -0.108438 0.23528531 1.0
458.7658827457337 -158.75444039055 0.508128 -0.289101 0.21332867 1.0
658.0725577253862 -226.2532148773161 0.02969 0.120973 0.3502251 1.0
394.95548376778237 -136.62042995728663 0.053406 -0.277403 0.17447919 1.0
564.5467464682927 -188.50463772315493 -0.100073 -0.185318 0.24570408 1.0
436.9748389876209 -146.1698841544423 0.144103 -0.066378 0.17594722 1.0
437.9488378588768 -144.19420924496904 -0.030594 -0.010931 0.17208257 1.0
546.2397958912412 -178.70697973617686 0.034276 -0.290613 0.21872471 1.0
578.2897334652488 -188.416630075841 0.208657 -0.088842 0.23347674 1.0
588.6134415957183 -193.19229067932736 0.140996 -0.207986 0.23799294 1.0
451.8396552536361 -147.71138880581844 0.698174 -0.242776 0.1693611 1.0
757.0629934184141 -246.87854532747775 0.139377 -0.34237 0.33734348 1.0
522.0307008577955 -167.52533743285437 -0.218689 -0.003383 0.21932934 1.0
444.59823028888303 -142.28733361657365 0.21474 0.625033 0.1767358 1.0
439.90142873446894 -141.4527378633524 -0.117042 -0.239496 0.17209531 1.0
606.8185834649564 -194.3019081932572 -0.461428 0.178248 0.25916702 1.0
553.3359742262522 -178.12249494948387 0.223303 -0.043051 0.22805813 1.0
532.9314122059502 -171.32603027681955 0.142195 -0.106518 0.21704082 1.0
596.9962951272521 -190.92148350351644 0.017206 -0.180835 0.24200135 1.0
597.5472631039656 -186.4261031706205 -0.371795 0.18015 0.2739295 1.0
595.1558079215041 -185.16096130780105 0.267608 0.029246 0.2709386 1.0
603.705435289697 -188.56531839009904 -0.015252 0.295074 0.27400067 1.0
508.33707979953954 -158.41702611236016 -0.028629 -0.195696 0.20424029 1.0
559.7550841495787 -175.47105616842347 -0.155979 -0.336378 0.23030849 1.0
571.7012594485924 -178.94821663538417 0.485734 -0.220377 0.23671404 1.0
575.3346051144936 -180.63371604438183 0.292229 -0.059965 0.23883936 1.0
721.2195070551912 -219.9093181197142 -0.112423 -0.0469 0.34639227 1.0
720.8450539817582 -219.98501334880203 -0.151798 0.266586 0.3419418 1.0
512.6767413589216 -156.60464046134885 -0.224683 0.106111 0.21228315 1.0
487.9206547629882 -148.8497463275696 0.351119 -0.057896 0.19766511 1.0
717.5205119345743 -218.9785304208876 0.046402 -0.252312 0.33350128 1.0
542.069346997866 -166.12144557268016 0.060603 0.016312 0.22050337 1.0
608.9948434282521 -179.71407170247642 -0.17933 0.217936 0.2712516 1.0
639.3087584435059 -190.64716431988685 -0.22289 -0.157772 0.2802658 1.0
449.9532724052777 -133.00517625070742 -0.049471 0.314649 0.17585263 1.0
462.18548002232166 -136.4634491665031 -0.09861 0.195359 0.17930219 1.0
731.81292437493 -205.5693738603538 0.512797 0.104035 0.34911013 1.0
550.6775515375937 -174.4139607737479 0.226347 -0.449266 0.23228902 1.0
471.26527583566434 -149.64472547849942 0.683501 -0.24086 0.18639 1.0
567.6276231469743 -179.23448176996735 0.120142 -0.124633 0.23490024 1.0
607.8750072212683 -187.55173680527705 0.042647 -0.004937 0.27317792 1.0
714.7127745192568 -220.85290084055725 -0.463361 -0.330879 0.34287012 1.0
479.5308633493782 -148.58843317294836 0.147142 0.005062 0.1968797 1.0
609.2590146822206 -188.10753798730357 -0.069193 0.073421 0.26752126 1.0
511.8188979676716 -153.6225592531991 -0.095945 -0.123163 0.21679953 1.0
459.3288188435518 -137.8302826390257 -0.277866 -0.039782 0.1870895 1.0
565.4094471382564 -169.3338527436102 -0.097521 0.062936 0.24086891 1.0
739.8724577878626 -221.99454842007114 -0.021766 -0.169019 0.35338563 1.0
494.6701649080423 -148.32257753052335 -0.189519 -0.258316 0.20146005 1.0
447.4345644148119 -133.7216701434291 0.194311 0.296788 0.17572066 1.0
622.3510786848744 -181.7554100714644 -0.293219 -0.087446 0.2743618 1.0
756.4961781397209 -220.91087948319105 -0.229817 -0.631618 0.35740414 1.0
610.4434827706284 -218.38310313914454 0.061034 0.124841 0.31899112 1.0
475.7408616381987 -166.2544995851638 -0.047651 -0.065646 0.20249783 1.0
455.72326730394434 -158.28384447694293 0.05151 -0.048124 0.19117898 1.0
486.2373676923694 -168.3569671215737 0.337991 -0.367253 0.20330869 1.0
571.6302611833836 -198.05132081975404 -0.017649 -0.053494 0.25021514 1.0
633.2143940904061 -218.16190112500735 0.044885 -0.080514 0.2857748 1.0
490.2422044757886 -171.7500152688515 0.316194 0.478301 0.2349912 1.0
685.7504568508025 -232.58472459031248 0.002322 -0.009697 0.32968083 1.0
613.6882115086212 -206.81417510729972 0.327712 0.108416 0.2554781 1.0
570.1692403202177 -188.16670179130952 -0.30507 -0.11197 0.25397986 1.0
610.0022026853 -198.1559592961094 -0.040145 0.158923 0.27861798 1.0
478.8372348498518 -155.1942729653906 -0.342725 -0.272282 0.19792241 1.0
633.776899681574 -201.545475423817 0.315494 0.034877 0.29592642 1.0
607.2408786256728 -191.29074097353748 0.069041 0.045093 0.27386662 1.0
459.9172880958977 -145.45940608944323 0.297799 0.021746 0.18889523 1.0
650.1913089654446 -234.2041697708648 0.114954 -0.175531 0.3507377 1.0
651.035992613705 -234.0279948462035 -0.042247 -0.108674 0.34945208 1.0
684.9607409449801 -243.1471599900606 -0.048567 0.038648 0.33740428 1.0
604.1504360351385 -214.06362610789407 0.203051 -0.317538 0.28044444 1.0
706.8712396723996 -250.2047817437315 -0.261334 -0.257773 0.3475245 1.0
679.2245805351514 -239.46579365671133 -0.185687 -0.321052 0.32246932 1.0
609.1044301427692 -213.24693047069223 -0.38672 0.330842 0.30977565 1.0
654.047241310592 -228.52872691433623 0.465355 -0.04707 0.34309325 1.0
745.1779808420675 -253.23512268745927 0.676103 -0.489954 0.33816835 1.0
571.0162804824295 -192.15420349205527 -0.026441 -0.013662 0.25304252 1.0
562.2198276365082 -189.36857506383586 0.434167 0.251117 0.24628806 1.0
601.452817550306 -198.88721250163277 0.102907 -0.302489 0.24945992 1.0
618.0131549567755 -204.29528833850372 -0.129204 0.034046 0.2552709 1.0
621.7022582086391 -205.89766353312987 -0.31264 0.358199 0.255704 1.0
476.63694637765917 -156.3747259023188 -0.075405 -0.084122 0.20249833 1.0
696.0709583341626 -228.9422731153969 0.257469 -0.069601 0.3381428 1.0
539.4895634400989 -177.1509506561144 0.216758 -0.140078 0.23440258 1.0
423.4655318109062 -138.23892906002132 -0.107814 0.090913 0.17108099 1.0
475.9959793793556 -154.82006100267725 0.083592 -0.053953 0.19767912 1.0
559.6614329832992 -182.51870217516628 0.398291 -0.070075 0.24352191 1.0
702.443612802203 -229.0973022453294 0.02382 -0.122575 0.3324362 1.0
472.022048498207 -154.16170078668435 0.749804 -0.201757 0.18845205 1.0
504.5519837687417 -163.6918155646029 0.064682 -0.267902 0.20403658 1.0
441.34775592377605 -143.45827455291786 0.307466 -0.392022 0.17138329 1.0
572.8117147561815 -186.39847962957063 0.129034 -0.148094 0.23921357 1.0
460.61765036227814 -149.26412165110548 -0.234282 0.062068 0.17636374 1.0
710.7740411583129 -196.75226778715196 -0.03291 0.029194 0.33762568 1.0
