X Y e1 e2 Z WEIGHT_SEEING
-36.77065337452164 39.2166925738265 -0.016074 -0.043429 0.3052789 1.0
-29.82975337686991 30.19195743178344 -0.106631 -0.159027 0.23095681 1.0
-111.20968820667511 39.44674390650772 0.069841 0.043317 0.2978237 1.0
-29.027525446043757 46.93975293356873 -0.152585 0.309257 0.3590243 1.0
-135.01284355852223 46.61736626820151 0.032515 0.042704 0.33485982 1.0
-112.69992753681402 54.20861276998033 0.079837 -0.076338 0.33991224 1.0
-92.54028224562155 49.890851152029235 0.288846 -0.237741 0.29723907 1.0
-71.42042759565585 43.45009964903812 -0.665269 0.026196 0.23771428 1.0
-69.03800549431293 58.61639589951004 -0.11906 -0.13871 0.35991135 1.0
-87.96895902149248 35.82500927174854 -0.203492 -0.274831 0.32762235 1.0
-50.601197675175435 39.327065257435585 0.04623 0.575588 0.35522583 1.0
-34.10124587160942 32.63606617384953 -0.400199 -0.31646 0.25793898 1.0
-102.20363483723597 39.95456936396464 0.122104 0.432952 0.32336378 1.0
-35.842133393593556 24.69388578476655 -0.278472 0.054023 0.16461588 1.0
-47.57985434678914 35.95309050208503 -0.055279 0.035439 0.25675714 1.0
-68.29990428001422 43.89726960013593 -0.195723 0.107177 0.28906634 1.0
-118.16753314698418 47.047242603420436 0.245775 -0.145574 0.29588014 1.0
-111.918444120314 50.86677787306082 -0.193411 -0.387859 0.34047785 1.0
-101.86711824086959 49.0943785209112 0.133926 0.546168 0.32032588 1.0
-56.21558798078258 34.29610007494354 0.521132 -0.060569 0.16641812 1.0
-88.93157630815406 59.91448816225394 -0.26934 -0.340309 0.35063982 1.0
-81.36204257458208 58.725322650335535 -0.325383 0.471769 0.35003254 1.0
-93.62299888934389 30.57131199853045 -0.181892 0.203161 0.25094423 1.0
-107.72186415863293 38.078768622020306 -0.29046 -0.176676 0.33506468 1.0
-102.82310626011532 37.89736296748296 0.085776 0.356594 0.3188471 1.0
-52.53092102005686 24.173489131245866 -0.176408 -0.10687 0.16999625 1.0
-84.65591296015474 38.76550270932093 -0.157787 0.237722 0.32494095 1.0
-49.91792454377689 28.10465147331541 0.185813 0.180279 0.20081644 1.0
-46.381067697945674 28.585797603353555 -0.024595 -0.113921 0.2048089 1.0
-50.46220975305205 32.38818578355981 -0.225296 0.132558 0.24756481 1.0
-44.80069734638391 32.14720782273265 0.29981 -0.148883 0.24967796 1.0
-44.86716712184722 32.62268467671506 0.01338 0.074849 0.24986896 1.0
-54.71122241508204 41.30189943477137 -0.009992 -0.201422 0.35954684 1.0
-54.25592171022249 41.03556947582438 -0.324929 -0.498315 0.35967106 1.0
-41.673258079193175 41.904003118702306 0.248394 -0.104624 0.34006873 1.0
-28.628667809747462 38.88427414244252 0.151445 0.032239 0.32304105 1.0
-28.558723309583577 43.03865073929073 0.011837 0.146905 0.35510477 1.0
-103.08892968451056 31.829679231385008 -0.234822 -0.144814 0.23205988 1.0
-75.53413673593231 31.997283407154725 -0.253819 0.146618 0.21469486 1.0
-95.56566179370058 38.93480916683307 0.222398 0.124554 0.29257536 1.0
-85.47283166520751 44.74465174381854 0.173315 0.019348 0.33737957 1.0
-78.36421576494834 43.88178929848226 0.214981 0.142897 0.3181873 1.0
-55.31616566680325 32.55386104774118 -0.093617 -0.090239 0.21886446 1.0
-62.10231238296997 43.501550578585864 -0.106475 0.100418 0.31982106 1.0
-54.377827104923206 46.76881033527587 0.035774 -0.049645 0.3599107 1.0
-49.82169831740811 47.36547342896308 0.17881 0.139203 0.3420998 1.0
-125.12923066825542 46.31952060964761 -0.762318 0.081663 0.3330032 1.0
-114.84176515285057 44.92301241746003 0.012177 -0.273547 0.30123562 1.0
-102.13081046366241 46.93442082424226 0.145354 -0.030238 0.3211104 1.0
-71.90430956465468 34.85342587170072 0.196895 -0.185169 0.21612437 1.0
-71.36249554015279 34.97860680453426 -0.053823 -0.025092 0.21483144 1.0
-68.56444744800076 38.601608728028985 0.097145 0.133198 0.23061675 1.0
-59.82981520515609 33.88243063168589 0.336044 0.138699 0.19828534 1.0
-73.63498662357446 49.0692418017999 -0.455378 -0.092305 0.31598377 1.0
-54.15453881429734 38.984290655146864 -0.341297 -0.088344 0.23309247 1.0
-49.36873635953315 37.40676695029829 -0.059498 0.030854 0.22094887 1.0
-58.04185525958582 51.495928561974196 0.205772 -0.485084 0.33878583 1.0
-21.528443040885318 38.690335471733434 0.087244 -0.249762 0.22649868 1.0
-27.603318300502302 52.355373750327416 -0.086812 0.271721 0.3447098 1.0
-123.35363646160894 51.59259198756175 -0.204357 0.113401 0.32119644 1.0
-125.50573968507624 53.49815658681758 -0.196535 -0.274313 0.34383002 1.0
-112.92283125743293 53.12055489909772 0.258193 -0.429778 0.32876134 1.0
-106.99362666858919 55.194805432349604 0.02932 0.534911 0.34474906 1.0
-66.59522718019333 39.399812807406136 0.029748 0.067204 0.21353035 1.0
-63.922836083255255 40.21901012760373 0.001241 -0.040001 0.22206964 1.0
-51.407597265734594 39.782111412895645 0.015447 -0.068847 0.21578303 1.0
-51.16952378154735 39.736744978093014 -0.117439 -0.161695 0.21536244 1.0
-46.39675742626139 40.65511873807327 0.312741 0.311554 0.21952972 1.0
-40.795161738636224 56.71079619788777 0.001695 -0.330228 0.3481828 1.0
-39.53849547660331 57.498671947247125 -0.299475 0.106665 0.3491327 1.0
-28.43302772448173 42.47982625966734 0.047519 -0.357494 0.22691973 1.0
-22.499688596302185 42.9461610368524 0.16003 -0.31894 0.23376757 1.0
-83.49838990582282 41.50176938718 0.132622 -0.048391 0.20781954 1.0
-62.29143851339566 35.07497408977281 0.055259 -0.094781 0.16920923 1.0
-83.86660250622143 22.635873746936237 -0.005268 -0.230091 0.19428225 1.0
-87.71030438672622 36.065256753472184 -0.144437 0.16797 0.32839227 1.0
-100.70177731881921 30.707999838616065 0.333323 0.206012 0.23245682 1.0
-101.11745523459409 33.34156775553906 0.23655 -0.090166 0.2499319 1.0
-75.82954139078355 30.905288592647437 -0.327716 0.198245 0.23173502 1.0
-79.39004627074608 40.30610792435847 -0.742958 -0.26146 0.31730983 1.0
-64.54320119566296 41.17654332776051 -0.117914 -0.378253 0.32075116 1.0
-35.94984829379815 24.793261575213016 -0.086079 -0.150672 0.1661629 1.0
-80.21524916805636 31.83528695804205 0.293358 0.08695 0.19880585 1.0
-108.06761291479454 41.75967110638298 -0.047809 -0.062249 0.30066898 1.0
-71.64006270826437 34.25647171858362 -0.021558 -0.047206 0.21491908 1.0
-44.947738038842814 27.55207355002316 0.047441 -0.245669 0.16577056 1.0
-46.44845773155949 40.19581121686391 0.034696 -0.051768 0.2590182 1.0
-51.49431439005762 48.4878181217484 -0.042662 -0.145817 0.34177402 1.0
-48.1665363157552 49.464865572410254 -0.010889 0.265398 0.34322417 1.0
-21.721849502152672 32.714633771511735 -0.242545 0.110919 0.20188613 1.0
-32.374781653928935 46.51835069349325 0.123063 0.119862 0.3114796 1.0
-28.58454156371077 48.48504124182602 0.18809 -0.007826 0.34399244 1.0
-14.788922656499096 39.59369963085788 0.092904 0.109458 0.24429847 1.0
-107.30488508426566 36.9526478393548 0.078599 -0.023369 0.23019391 1.0
-130.96158264557744 47.17388955280484 0.120009 -0.083356 0.31844568 1.0
-96.17064224758471 39.41685937515302 -0.015542 0.089046 0.23058937 1.0
-120.90158717696025 52.85510024549577 -0.099522 0.101271 0.3440387 1.0
-68.71822563789564 40.62457371527273 0.242351 -0.035161 0.23129427 1.0
-62.608892602212734 36.42959492429856 -0.323998 -0.098011 0.21151485 1.0
-55.73965339025478 38.67360698976607 0.40141 0.010054 0.21585183 1.0
-44.56631065170113 31.61878076399288 0.082542 -0.110384 0.1688466 1.0
-53.29670253443001 37.60546892668082 0.351171 0.015609 0.21486962 1.0
-56.05683908845241 44.19399065814125 0.064765 -0.408326 0.25435776 1.0
-47.18229982297141 39.3982436402146 0.024846 0.092311 0.2204915 1.0
-45.67770251104405 41.74499690623009 -0.313266 0.080762 0.23965773 1.0
-26.005592740489924 52.74077847788669 0.172387 -0.191335 0.3322573 1.0
-12.217681890745627 39.213223055452104 -0.203348 -0.203512 0.22054453 1.0
-6.290411338636141 45.162023194877946 -0.050323 -0.401601 0.26993132 1.0
-117.73261684016605 54.551714048206286 -0.34772 0.011822 0.3211925 1.0
-114.38560522716216 58.398514798811 0.217882 0.250885 0.35728994 1.0
-81.55324870175014 58.64349544026683 -0.32883 -0.429888 0.35121617 1.0
-116.26293508405057 36.89932923393265 0.21363 0.039156 0.24282031 1.0
-115.30494068047886 38.58589492883191 0.06254 0.040974 0.25160506 1.0
-72.82426322079218 -27.23971671284065 0.221321 -0.299747 0.3090102 1.0
-72.3486800311244 -27.289151686892538 0.023468 -0.069056 0.3088381 1.0
-66.51357441067358 -24.772482940156234 0.030584 0.24599 0.281538 1.0
-68.48558658239395 -27.084955987346248 -0.32631 0.467764 0.3084892 1.0
-31.250517073436928 -15.857265569456393 0.019488 -0.266414 0.313326 1.0
-23.192418122495347 -15.081904843509514 -0.260768 -0.040794 0.26113373 1.0
-34.92865133832618 -13.418804125700673 0.38238 -0.387186 0.35063893 1.0
-35.30403125398799 -13.123557689602562 0.246998 -0.300548 0.35190478 1.0
-14.772024555934156 -8.746405985408769 -0.144721 0.129176 0.18496288 1.0
-8.440430649179616 -13.22819761784659 0.117237 0.299484 0.18706302 1.0
-36.85576731086008 -13.926800632081516 0.22158 -0.517147 0.32724142 1.0
-33.240410419502304 -15.322428851564567 -0.134882 -0.309957 0.35543615 1.0
-52.34170920876597 -41.1428614709731 -0.282692 -0.132677 0.34305996 1.0
-39.870050487014325 -31.825240479391223 -0.101886 0.459192 0.24785526 1.0
-44.40744691507462 -31.681992302249185 0.364941 0.08053 0.28759694 1.0
-69.98586184629806 -29.07714409211259 -0.149287 -0.116517 0.30834723 1.0
-37.47919712603568 -29.107844826989513 -0.096131 -0.5877 0.30647722 1.0
-65.36278249597558 -43.866840593974295 0.112864 -0.105347 0.33591735 1.0
-62.756466612171415 -43.32063736795956 0.59044 -0.576919 0.3460747 1.0
-64.69895235704954 -37.26439210670393 0.146978 0.016774 0.30665588 1.0
-55.89996995053578 -35.89262565474887 -0.151101 0.024737 0.31833434 1.0
-56.46890960979906 -25.304602451866387 0.086879 -0.111527 0.22224402 1.0
-47.99720723126541 -32.78634205472622 -0.033429 0.023567 0.32828146 1.0
-72.1662917952526 -27.12709055336027 0.016607 0.330438 0.3056397 1.0
-71.45849644318851 -28.351477206261475 -0.000955 -0.224793 0.3140751 1.0
-55.44462147060474 -20.984645545193 -0.324315 -0.041878 0.22839542 1.0
-57.20115036272315 -22.75916687418495 0.093005 -0.150182 0.24088657 1.0
-47.37542446566901 -22.241677555167225 0.157626 0.352413 0.23830786 1.0
-38.02159345849408 -19.942846187309147 -0.475677 0.413172 0.20750713 1.0
-27.105666344583515 -17.855295599393706 0.080318 -0.342169 0.17703207 1.0
-58.733842369763934 -17.34208496321739 0.282936 0.139413 0.22439088 1.0
-61.296942187819695 -20.970379796712457 0.12722 0.034095 0.26700658 1.0
-36.83619571974227 -13.082115624738169 0.288081 -0.553094 0.1618123 1.0
-55.25809035872467 -20.935134638504273 -0.011336 -0.065328 0.26767695 1.0
-50.3183263785343 -19.963501819501445 0.083659 0.018476 0.2712114 1.0
-40.96041291487534 -23.05037143071612 0.02394 0.19813 0.32260966 1.0
-35.00855191680593 -20.318617667259517 -0.409283 0.007161 0.27525645 1.0
-29.674236269995205 -23.138295342472144 0.091847 -0.214059 0.35296413 1.0
-13.52226446706819 -15.112212776481762 0.019517 -0.032637 0.19674304 1.0
-17.999199898681947 -19.24292587348592 -0.034953 0.227757 0.28813925 1.0
-6.880752973062818 -14.38802147216302 0.197991 -0.116812 0.19616948 1.0
-6.4101148761873405 -14.446583696612509 0.126201 0.058953 0.1868316 1.0
-41.787916680706246 -17.446889584601895 0.137112 0.132111 0.327911 1.0
-40.97045976608965 -17.28200918905202 0.018995 0.104666 0.32733864 1.0
-35.900253191424824 -16.966252070717474 0.408573 -0.000258 0.34530532 1.0
-27.783318725332514 -17.611965848276764 0.392223 -0.28729 0.31686068 1.0
-17.607507202647582 -15.990823390405899 -0.054306 0.04988 0.29262325 1.0
-12.36723065773032 -10.92504514572284 0.051353 -0.322782 0.1941196 1.0
-12.770024297730977 -14.032330865060928 -0.259129 -0.17321 0.257039 1.0
-13.921090350464128 -14.190086761719277 -0.028001 -0.00832 0.2569726 1.0
-8.585784521154439 -12.229212102057389 0.023138 0.085762 0.20839772 1.0
-35.90726140148171 -13.31749892574368 0.254055 -0.150194 0.35672852 1.0
-35.35933733731554 -13.39161432918928 0.098382 -0.036112 0.35771206 1.0
-34.27973235439323 -12.53434719088382 0.592098 -0.089504 0.35304257 1.0
-34.56292440705952 -13.947878457282242 -0.202003 -0.086086 0.3569576 1.0
-17.662902320153613 -7.7310407583589775 -0.064677 -0.143425 0.18063001 1.0
-59.913683142591395 -20.917826073891682 0.1184 0.266708 0.24074796 1.0
-68.15607913424505 -25.500075636437835 -0.003668 -0.195635 0.3100431 1.0
-70.79462483645074 -20.22306464156309 -0.082243 0.106024 0.30125237 1.0
-63.1590652236075 -20.428641624035144 0.202748 0.056492 0.32870793 1.0
-54.81160440053982 -18.31382396448006 -0.11344 -0.265206 0.26974073 1.0
-63.11581434782238 -21.86188893446222 0.090405 0.134085 0.34737188 1.0
-50.69441251255691 -18.479327117914693 -0.057371 0.003503 0.2715589 1.0
-29.194673771665087 -11.99665960403029 -0.076072 0.067908 0.17530964 1.0
-32.34304066725912 -19.342388009324615 -0.024966 0.019141 0.29121238 1.0
-32.33199732364358 -19.871220451637214 0.390608 0.134456 0.3378406 1.0
-25.330867475707393 -16.779412196037203 0.098838 0.22311 0.27947304 1.0
-25.179851411616823 -16.699859122805485 0.153458 0.116703 0.2779 1.0
-17.20131432990853 -13.027123014786804 -0.019739 0.086789 0.18180238 1.0
-22.820501675454484 -7.430967342941139 -0.032552 0.039844 0.19817923 1.0
-41.879875468602734 -25.61575678412107 0.036588 0.091282 0.32009017 1.0
-9.580073097291619 -23.120084953498253 0.061865 0.159404 0.29706615 1.0
-8.082940042415853 -12.370034620567141 -0.168599 0.377044 0.18583104 1.0
-37.59180424330807 -14.468488761873859 0.137087 -0.040356 0.3454981 1.0
-19.877362536276525 -8.95051068069177 0.046168 -0.219205 0.17966652 1.0
-33.51884754342529 -14.341631353632417 0.276183 0.23528 0.3517834 1.0
-15.181122225716708 -8.978868631546689 -0.051609 0.318352 0.18139222 1.0
-14.85955004915356 -8.834022049203211 0.018482 -0.047362 0.18385541 1.0
-21.544330896276133 -15.719251387594314 -0.056352 -0.02431 0.35535893 1.0
-17.294274910658302 -12.93113130585874 0.498162 0.113605 0.29730245 1.0
-60.03861256279533 -40.66112108837686 0.209155 0.266648 0.34568983 1.0
-51.839142462210226 -35.83993415368791 0.020692 0.038659 0.2850287 1.0
-49.45235218355356 -34.478086744270314 0.068567 -0.171681 0.26756704 1.0
-50.84402454617921 -35.472286976773034 0.633376 -0.224359 0.28463513 1.0
-44.71813398753371 -40.81737859808893 -0.024883 0.220367 0.33933175 1.0
-68.04503743144821 -38.20400543723998 -0.215655 -0.232703 0.35934088 1.0
-41.89945429068476 -24.996124150818055 0.17588 0.232324 0.21124172 1.0
-55.491089521346645 -34.15318862768415 -0.053552 0.106591 0.32668814 1.0
-44.24305027719351 -31.718278275042344 0.031644 0.068519 0.2891532 1.0
-41.488426982081286 -36.94632584963625 0.049652 0.38403 0.34454283 1.0
-28.947848266340007 -32.27366168168509 -0.047993 0.180371 0.3107152 1.0
-48.360643057322214 -20.488199993050856 0.263451 0.208892 0.19929509 1.0
-56.63677211363223 -28.994511307134132 0.335045 -0.131716 0.3097572 1.0
-24.6223022965424 -26.352994860446277 -0.045619 0.037573 0.26516914 1.0
-17.13518264650337 -18.226436310408797 0.159235 -0.051343 0.18084359 1.0
-64.51512975426147 -44.32204581311731 -0.173533 0.006746 0.34600028 1.0
-45.629708315104935 -31.90332539249816 0.170353 0.162981 0.21788031 1.0
-45.97297702734191 -32.27547536011326 -0.154296 0.30486 0.22029029 1.0
-62.21860650115262 -44.86188103857952 -0.299796 0.628852 0.34702203 1.0
-44.74440318982016 -37.22553141525504 0.032067 0.046022 0.26649147 1.0
-65.18440344695087 -36.07378437366767 0.362958 -0.142194 0.30731508 1.0
-49.84049005921553 -32.57116773370784 0.163454 -0.011821 0.26958728 1.0
-34.93107117414401 -31.445735300960653 -0.151935 -0.025498 0.25704288 1.0
-59.887545973110335 -25.709896715674663 -0.395453 -0.384902 0.2363724 1.0
-72.97506281555425 -32.62790379938742 0.212982 0.14392 0.31758058 1.0
-67.78025834164619 -30.524655305383575 -0.183756 -0.480001 0.30894002 1.0
-20.950950172022594 -20.34092378342378 0.190787 0.076697 0.18091273 1.0
-33.28754300546662 -31.444337296040388 0.080295 -0.164006 0.32441577 1.0
-27.636437284572864 -31.731611125787342 -0.198017 -0.253597 0.33387133 1.0
-43.83843155110768 36.28845406334947 -0.033598 0.357236 0.3574928 1.0
-39.33358443580738 22.443618553482047 0.179211 -0.04718 0.21431975 1.0
-81.5096555650029 26.848213982372837 0.702982 0.250524 0.30233607 1.0
-48.36374391309321 -11.552188050368255 -0.071091 0.271543 0.32234687 1.0
-42.29900941109792 -16.19496560791867 -0.354122 0.58002 0.26142752 1.0
-55.08470269306779 -13.7932977973604 -0.205104 -0.139366 0.27396217 1.0
-51.16483962076033 -13.455279130680614 0.184084 0.067962 0.26897067 1.0
-53.706803077433925 -15.956406392330326 0.151119 -0.054302 0.324381 1.0
-39.946431574035 -6.014156539148402 0.001613 -0.002149 0.35449195 1.0
-13.684276723727008 -7.23852382009092 0.1633 -0.064135 0.33164486 1.0
-38.442626252219476 -2.685049749891018 0.144375 -0.037192 0.34169722 1.0
-10.534747951491221 -5.425425153722426 -0.049323 -0.136356 0.31729475 1.0
-25.26073730607463 39.673962655944 0.267586 0.388203 0.31568018 1.0
-71.84016815490911 -34.169225016849346 0.108183 -0.178838 0.28231248 1.0
-84.51745921996921 -28.889184432754362 -0.184541 -0.490411 0.32989603 1.0
-82.01846553853211 -27.45941887578954 -0.59251 -0.235412 0.3230329 1.0
-77.50075841270092 -14.185238838535371 -0.075263 0.05971 0.3565271 1.0
-73.0310603476875 -14.472435611755516 0.162446 -0.030214 0.3510544 1.0
-38.216272132688474 -9.344407977614054 -0.596316 0.189422 0.22214797 1.0
-36.0976215218052 -9.522221732921023 0.061234 -0.277283 0.2875441 1.0
-50.792088758204024 -13.643047101616359 0.088429 0.173509 0.2704476 1.0
-18.073969905116197 -7.496539740841585 0.150882 -0.480088 0.23857884 1.0
-62.797139125075404 -21.336896467762685 0.103799 -0.014728 0.21788192 1.0
-50.61615499129964 -16.0960012574192 0.124926 0.040443 0.2899327 1.0
-45.425751129185535 -16.236209013961794 -0.280348 0.326896 0.28878152 1.0
-33.83435196086011 -12.981922197625902 0.229264 0.12004 0.20151798 1.0
-51.548764622774286 -9.870349377478492 0.196668 -0.047703 0.20525628 1.0
-51.660824117477965 -9.53035146944448 0.095165 -0.106276 0.20643434 1.0
-51.617416562238176 -9.559937752531013 0.297315 0.308914 0.20616443 1.0
-68.24762034854581 -13.055464138655468 0.367847 -0.31079 0.2988172 1.0
-67.07832492690959 -12.104764170633663 -0.194679 0.228863 0.33951178 1.0
-64.71487670124212 -13.921054321211532 0.166778 0.165774 0.34626862 1.0
-53.75154225371735 -11.878450102725386 0.113075 -0.402719 0.265844 1.0
-63.64347999954876 -13.662978683404706 0.142876 -0.034216 0.34423137 1.0
-58.11207708187129 -12.06277244835208 0.04489 0.436947 0.35293236 1.0
-48.773070416772676 -12.047336641218347 -0.455904 -0.282368 0.32822445 1.0
-37.93824048430467 -12.453766547133265 -0.373908 0.308491 0.35267237 1.0
-10.616498216421867 -10.963699070026355 0.029997 0.148946 0.30303428 1.0
-31.204180244253415 -4.539927026085249 -0.330992 -0.183137 0.20133203 1.0
-41.79598298848847 -7.394434257328536 -0.346877 -0.273976 0.3392367 1.0
-36.240726462786306 -6.006762330558793 0.17399 -0.415969 0.28524613 1.0
-36.065996767288404 -6.407209652850116 0.046041 -0.225702 0.3339211 1.0
-35.794071495687284 -6.695326883528986 -0.379828 -0.085446 0.3351989 1.0
-35.08088370475996 -7.2644696106178985 0.11239 0.05105 0.33601698 1.0
-35.98750011333682 -7.291247198003784 0.420428 -0.06219 0.35470432 1.0
-31.984836055354865 -7.995212852908759 0.09817 -0.018922 0.35378984 1.0
-30.40954734199443 -8.183325046739842 0.127318 -0.031605 0.3344653 1.0
-24.51640195085747 -6.293470889335033 -0.029326 -0.132371 0.2605765 1.0
-36.119066410985894 -3.3823699848017292 -0.09245 -0.084885 0.34554365 1.0
-84.9373276481279 -25.859648743406595 -0.051162 0.15009 0.3228307 1.0
-79.66318824708625 -25.503184916465134 0.001926 -0.57024 0.3084039 1.0
-71.77197916262736 -23.204075182478213 -0.415186 -0.068779 0.2663669 1.0
-68.62558649183808 -21.666444094859347 0.051538 -0.294308 0.2547245 1.0
-65.70148599814794 -21.010711807893006 0.376685 -0.263533 0.2433379 1.0
-35.61851572893135 -13.637343427520301 -0.01032 0.15938 0.20196998 1.0
-38.14715318023416 -6.105219149871421 0.322771 -0.151895 0.16806164 1.0
-58.19497427716425 -11.938786727767708 0.202975 -0.086017 0.35029 1.0
-47.57474044671377 -9.436320706029228 0.007436 0.111792 0.35525087 1.0
-42.60535914675856 -10.368363460169013 0.127065 -0.277414 0.34851375 1.0
-39.93923134264965 -10.506885917838492 -0.207664 0.070151 0.31784236 1.0
-39.996569457986325 -11.477165248985377 0.0333 0.095855 0.34801266 1.0
-38.414153943844255 -11.259210568209538 -0.060427 -0.476385 0.35336366 1.0
-64.31053609588997 -13.571974500303819 -0.468707 -0.07198 0.23977374 1.0
-59.209368580553985 -14.986011823006057 0.018596 0.148505 0.35026655 1.0
-30.171226558274743 -9.053757222687324 0.019118 0.105588 0.17453635 1.0
-43.44578586680072 -14.383702707655052 0.115864 0.380276 0.32794437 1.0
-43.402455132170374 -14.531131088393092 0.008593 0.006563 0.32783487 1.0
-15.456217839297063 -11.167514285147327 0.127443 -0.260357 0.34789744 1.0
-38.44842310653113 -4.039236472395315 -0.245312 -0.040484 0.33431795 1.0
-37.02052572670492 -4.036679813169951 -0.383964 0.293768 0.3385469 1.0
-32.77017992092806 -5.9065812270408795 0.185746 -0.470673 0.33612043 1.0
-31.88706854158588 -4.3335853615485815 -0.277881 -0.11703 0.3543892 1.0
-60.490794354039615 -28.418557259630756 -0.110435 -0.160954 0.23594679 1.0
-50.15465163628609 -23.82769029504554 0.297002 0.001076 0.18851942 1.0
-72.76770097271414 -34.368926091948445 -0.193893 0.22809 0.30865175 1.0
-66.58140111005389 -32.10319691697261 -0.342318 -0.175564 0.27556744 1.0
-60.13661574667525 -22.400043707038513 -0.233809 0.254461 0.21829975 1.0
-71.93093784435627 -34.32971169513668 -0.325282 0.127793 0.28345084 1.0
-70.24109709186429 -27.17603066963541 -0.296427 0.030716 0.24977529 1.0
-78.69185958100105 -32.17467699826869 -0.096006 0.292687 0.31400752 1.0
-23.729245241423886 37.35609749138034 0.006932 0.164949 0.34373975 1.0
-100.46588688521369 27.320600778502047 0.545634 -0.573049 0.2854996 1.0
-59.242432303138926 27.887631956931198 -0.162106 -0.024648 0.28313553 1.0
-34.3495636598241 30.154527697209982 0.253997 -0.390882 0.30301017 1.0
-109.76921214302502 25.545881532915505 0.257313 -0.214972 0.23130469 1.0
-143.93800583077996 35.58594294114197 -0.010393 0.009107 0.3224483 1.0
-122.99232683522924 -1.0144282643192941 -0.367791 0.358647 0.30699524 1.0
-101.23921672829735 0.39899862172114703 -0.128505 -0.638859 0.31640002 1.0
-88.49784503979372 1.980277790952726 0.116081 -0.314357 0.33689347 1.0
-88.54331692599611 0.8677470666490175 0.164892 -0.405184 0.3387431 1.0
-76.28781082258483 1.138324999513323 0.007595 0.005104 0.33494663 1.0
-59.32575222172326 2.2702709884843464 -0.332978 0.564014 0.24295513 1.0
-54.10968367600848 1.4056175491517773 -0.272859 -0.367302 0.3559056 1.0
-42.41261111542748 3.361738424717008 0.132498 -0.036503 0.33787125 1.0
-37.53829261188818 2.872483993443059 -0.034794 0.258423 0.33671337 1.0
-21.247104725356525 1.742769186331268 -0.243154 -0.069892 0.35299328 1.0
-115.77576745776551 2.4150490123115467 -0.1889 -0.643505 0.26298884 1.0
-122.41524553466887 3.6374564262723927 0.399457 -0.190632 0.33623815 1.0
-58.2411366153672 6.912385860588965 -0.623598 0.139845 0.2841506 1.0
-26.007194839113502 6.817968539650456 -0.23106 0.21881 0.35392544 1.0
-28.986471329253604 10.852902303712705 0.215443 -0.354477 0.27544734 1.0
-98.16496671562949 14.774614145480674 0.326079 -0.031737 0.30230534 1.0
-72.95153976457597 17.375101614850923 0.11764 -0.325372 0.34966347 1.0
-31.039803218613994 17.437490778270348 0.062545 -0.176033 0.2973808 1.0
-107.15004982436905 14.11021885925249 0.074098 0.593651 0.22292754 1.0
-66.73064573124515 21.893030697559784 -0.324065 -0.775577 0.34462702 1.0
-51.93676167355239 21.02516613644707 -0.011831 -0.041122 0.2817539 1.0
-143.65819054733225 22.39517485032784 0.263309 0.139101 0.3136444 1.0
-143.6019487135396 22.58046511868989 0.068955 0.078646 0.31807107 1.0
-133.7199538584081 25.476269174549387 0.063939 0.368276 0.33010015 1.0
-49.20578769371526 25.45438329932787 0.163886 0.120671 0.2852302 1.0
-30.0826345768436 17.166603169990964 -0.127736 -0.077878 0.16612113 1.0
-15.731204498390484 29.038230728367594 -0.305234 -0.404606 0.3436526 1.0
-92.63588784937726 3.553930079211306 -0.195297 -0.553568 0.27854976 1.0
-88.70205910502223 4.824653445706499 -0.095384 -0.008486 0.3336157 1.0
-36.922398517850134 5.097033404898627 -0.498676 -0.189196 0.33912444 1.0
-29.212964929549635 4.341310128644849 -0.203198 0.030111 0.27810764 1.0
-98.00359549282919 7.787627269770767 -0.03576 -0.24114 0.33881643 1.0
-59.59932031593382 9.910568791606618 -0.072036 -0.430596 0.2958626 1.0
-43.634129442538196 8.170591164704451 0.296493 -0.160831 0.29249042 1.0
-49.34406316096115 10.535327627478086 0.096392 0.142192 0.3580058 1.0
-24.552108021847154 11.69320672934846 0.310777 -0.074874 0.35381857 1.0
-110.6698755258093 11.180816462679145 0.159288 -0.38523 0.26662928 1.0
-76.22423685412969 15.261658535985086 -0.090068 0.13422 0.32674602 1.0
-43.29742400733472 9.529891222660883 0.145499 -0.160794 0.17262748 1.0
-32.54094840003915 21.18125771376488 -0.641391 0.463976 0.34202477 1.0
-16.366461514669925 18.510584928931518 -0.024853 -0.06482 0.27397847 1.0
-13.291791964933669 18.520790733696504 0.012166 -0.074731 0.27672035 1.0
-140.50150347260748 25.011347614399742 0.246009 0.139887 0.32552537 1.0
-92.09778379211484 22.659131109098087 0.295779 0.106917 0.2527498 1.0
-85.82620554930182 -25.59375840286393 0.063078 -0.120758 0.28777102 1.0
-80.13526885210261 -24.86562231166911 -0.061678 -0.113561 0.2675622 1.0
-101.68676072028167 -21.82523430471418 0.537606 0.146336 0.28763247 1.0
-109.77076609101908 -25.192957759934437 0.240474 -0.308352 0.3204649 1.0
-128.46200516867927 -15.991407510476375 -0.03693 0.240149 0.3108905 1.0
-127.45470379671498 -15.796821903169526 -0.039809 -0.257583 0.3092399 1.0
-101.8415564249853 -12.735811571132865 -0.134395 0.113082 0.28867248 1.0
-134.00832400338834 -10.406979524466173 -0.038094 0.158235 0.30532742 1.0
-100.52792892953109 -8.632229288647764 0.169936 0.194464 0.21906902 1.0
-116.90613571147222 -10.069222477560372 0.218761 0.030238 0.35558537 1.0
-124.35636143951687 -5.498158763715143 -0.006552 0.183113 0.28930575 1.0
-120.2467032119641 -4.542952033323621 0.035078 -0.114291 0.3099668 1.0
-99.93628980756894 -3.8958377196272562 -0.032203 -0.045424 0.35295868 1.0
-77.97526149858635 -3.603738658432472 -0.07542 -0.207499 0.33452082 1.0
-66.67306876023181 -3.415052211824315 -0.016824 0.042344 0.27625406 1.0
-43.314115944108664 -1.2936491767509093 0.12568 -0.311404 0.34870315 1.0
-78.39076600624765 -14.355969499375176 0.010867 0.069407 0.16842367 1.0
-118.77748285993857 -22.199945062809423 -0.443536 -0.437257 0.28992963 1.0
-96.65420766387696 -21.82516911790397 0.040206 0.36118 0.32397982 1.0
-127.81192947630397 -8.547272542761878 -0.273203 -0.542019 0.28748745 1.0
-112.43487935787425 -15.895911032663792 -0.445181 -0.187177 0.28614202 1.0
-90.31425520028625 -13.193710308218943 -0.504297 -0.21767 0.21643937 1.0
-132.22053487921724 -8.526521477967393 0.203995 0.512124 0.32887092 1.0
-112.30291456430356 -6.222328663694739 0.136268 0.456664 0.30194518 1.0
-118.34311583201752 -8.486783667140873 0.046543 -0.027745 0.3316041 1.0
-83.33006463040485 -4.5448445269638285 0.128271 0.007208 0.26476297 1.0
-21.99239442122193 -4.998515688515329 0.012764 -0.033089 0.35917172 1.0
-130.85198368316196 -2.2440696764510117 -0.704788 0.202913 0.32288405 1.0
-50.41168885779444 0.7380375048755762 0.029861 -0.019453 0.35279602 1.0
-50.33084528579943 0.5546593148015759 0.456453 -0.287651 0.35499877 1.0
-47.35073708521166 0.5259711300450334 -0.198244 -0.281052 0.3528479 1.0
-79.76605955539345 22.609593892709423 -0.01306 -0.275944 0.20694579 1.0
-26.85093274725604 26.34091559087723 -0.373177 0.045467 0.22624125 1.0
-19.11940894253371 25.042147502130735 0.02144 -0.026255 0.20186114 1.0
-18.28728039547965 24.835475042626797 -0.568289 -0.09119 0.20964196 1.0
-25.339077535712764 35.218670666509276 -0.106992 -0.031609 0.34320197 1.0
-10.275120629784384 35.8326320687278 0.170091 -0.284658 0.34562123 1.0
-157.49512490583993 29.064377442937058 -0.36311 0.091132 0.33945635 1.0
-103.10087385982719 22.767337995755305 -0.029408 -0.138292 0.23017195 1.0
-43.38531211243358 21.892412953708877 -0.077794 0.207326 0.20232302 1.0
-15.563756882274653 20.422406843286083 0.10749 0.049936 0.17539719 1.0
-7.92508517060215 24.36827045252953 0.486726 -0.094571 0.21094292 1.0
-6.12518249351375 20.328861109864324 0.157344 0.19275 0.17118149 1.0
-110.62544581864607 27.042932119914383 -0.118743 -0.050542 0.23264365 1.0
-18.970650866254505 25.778763355218242 -0.411109 -0.229963 0.20243756 1.0
-16.656763348694078 23.86526581538243 0.20356 0.368819 0.17766501 1.0
-144.6092474276535 35.651229734285664 -0.00876 -0.413204 0.3237729 1.0
-133.46340411690335 33.2765965816246 0.144928 -0.13216 0.2927926 1.0
-8.130058387289457 12.535187143579144 0.034325 -0.176502 0.32590282 1.0
-32.67608631809534 15.579212335789174 0.078643 0.046895 0.21412274 1.0
-75.73941927170222 -0.32347469936888223 0.008971 -0.152963 0.18448856 1.0
-69.7943013677803 0.6758206818547189 0.058643 -0.295469 0.17410879 1.0
-66.65597191417963 1.276094284587498 -0.005307 0.118299 0.20127122 1.0
-86.23398614415228 1.2041615396026837 -0.051959 0.15258 0.35054058 1.0
-82.66491883432018 2.298525349640106 -0.143656 0.250133 0.35092738 1.0
-79.39805424064477 1.5741342570533219 -0.163688 -0.127326 0.3376161 1.0
-77.62397490817784 0.6503532312961081 -0.303133 0.041312 0.33462375 1.0
-43.149727185252175 1.8130394578970332 -0.235106 -0.052391 0.18378477 1.0
-55.07343080662683 1.178229534104491 0.181257 0.122231 0.3038671 1.0
-42.01485450437908 1.8490998348683794 0.037491 0.230292 0.2816415 1.0
-47.795413445528446 3.1693012711184667 0.08763 0.165527 0.35257536 1.0
-38.04763330148349 2.854715337537075 0.217745 -0.167516 0.340229 1.0
-27.36014837534065 1.4427633078934832 -0.170743 -0.190913 0.23661977 1.0
-27.303237323308906 2.269250328255634 0.378711 -0.180424 0.34747857 1.0
-15.842447717312698 1.7730445118694353 0.611185 0.379275 0.18979111 1.0
-20.724607962600462 1.8271432267565555 0.230766 -0.210584 0.29542896 1.0
-81.23261590929708 3.580640310235495 -0.330865 0.399392 0.19457829 1.0
-93.8224124959729 4.456275310073228 0.22594 -0.049605 0.26336017 1.0
-107.42803539791838 6.780702844138031 -0.038 0.050842 0.33964074 1.0
-83.92784012279401 5.3650369283806745 0.070383 -0.157963 0.24993865 1.0
-44.8256777167936 3.5323787893895746 0.185701 -0.078107 0.16290067 1.0
-59.99161278925294 5.333870459554804 -0.037106 -0.008556 0.26433724 1.0
-70.56504801592084 5.634372518851142 -0.03748 -0.017135 0.33567247 1.0
-40.644433995185764 6.2445510341977855 -0.099913 -0.137628 0.28030333 1.0
-49.43534097846878 8.99150200683723 0.123665 0.440369 0.35759762 1.0
-28.7473068143124 5.720507740400817 -0.264323 -0.118411 0.27813464 1.0
-33.016180977178486 6.903442693158726 0.493351 -0.197948 0.3363444 1.0
-23.624554861594046 8.222263095243083 0.312063 0.532229 0.30973765 1.0
-97.92367098740465 5.831200795441509 -0.46141 0.372016 0.19286393 1.0
-140.27113332518408 9.364820265827166 0.22017 0.166072 0.34287122 1.0
-139.4328323090704 9.53131656635843 -0.006753 0.093421 0.3419061 1.0
-113.678882883927 8.809555229995635 0.171775 -0.267853 0.31139362 1.0
-73.93855922377249 6.661344481293588 -0.364083 0.074626 0.19353034 1.0
-105.36372470184767 10.486228384082544 0.038263 -0.011242 0.34058565 1.0
-60.60239249679654 7.298784248533437 0.024383 0.019923 0.19614318 1.0
-69.59855273143478 11.220434177758047 0.063042 -0.034495 0.2830649 1.0
-64.03501301843269 11.246398414072589 0.106887 0.076248 0.33186415 1.0
-63.68826097293605 11.485582152932004 0.502676 -0.039412 0.3314238 1.0
-57.23083372557672 12.562398001683945 -0.117316 0.07249 0.33185393 1.0
-25.396023100908693 10.280643009920578 -0.190503 -0.083133 0.2310821 1.0
-109.49593720629376 14.678575433181683 -0.020421 0.540018 0.30881646 1.0
-106.13442758118032 14.109011228002528 0.483757 0.173038 0.307976 1.0
-68.19958435320899 11.474333764331906 0.360285 -0.300183 0.19411765 1.0
-74.93918835960123 11.863143601958695 -0.552239 -0.214383 0.2338809 1.0
-74.26507650789006 17.33968181505663 0.043374 -0.000482 0.35037032 1.0
-67.60967400208237 16.666549818605922 -0.172711 0.660646 0.3127157 1.0
-71.82775067976358 17.266451870615438 0.110248 -0.003139 0.35543638 1.0
-72.60165815223797 19.091880157469625 0.017815 0.073567 0.3557984 1.0
-59.57028971702293 14.501083094251841 0.390808 -0.114319 0.2880155 1.0
-57.13431499322594 18.34237811691367 0.042618 0.012483 0.34074655 1.0
-41.69465613944861 15.159372913742597 0.270716 -0.019074 0.25635993 1.0
-36.28808644857226 18.11532157885404 0.086132 -0.132342 0.3115879 1.0
-12.56487415492806 16.744465128973086 -0.145405 -0.146922 0.30697292 1.0
-145.98349964304333 17.386679199551434 0.153427 0.108184 0.31606212 1.0
-99.60395779068214 16.10654813655532 0.160847 0.093371 0.2581719 1.0
-114.27917033931506 19.64370686202641 -0.305895 -0.022084 0.32304105 1.0
-78.12393304713311 16.474788997491668 -0.114198 0.2931 0.23395002 1.0
-66.79105967162204 13.990206781497303 0.226633 0.17044 0.1981743 1.0
-80.1819725870445 22.69337441368634 0.176025 -0.243539 0.32667616 1.0
-61.555961332326575 20.896397524255924 -0.090073 0.046071 0.32740837 1.0
-41.97792119718626 15.809637109014231 -0.055658 -0.064811 0.2116747 1.0
-38.321986077442034 18.011608161027045 -0.348179 0.281499 0.22562885 1.0
-42.97020566709123 21.71705351450501 0.089991 -0.042599 0.32405573 1.0
-41.9138581426111 21.59090478400212 0.012511 -0.453436 0.3162044 1.0
-37.24904235845152 23.830095095062706 -0.392075 0.458777 0.3364335 1.0
-28.60046495484872 19.244965420533344 0.484661 0.014253 0.25510392 1.0
-30.910227449726882 23.562430600902715 -0.008425 -0.077037 0.35400155 1.0
-26.04228785300079 21.273034002889577 -0.020966 0.063717 0.29746988 1.0
-22.156386651098988 21.123059127450663 -0.147333 0.235267 0.29768693 1.0
-8.987779433121743 19.293851078373383 0.275782 0.135055 0.24347469 1.0
-149.11099802317912 23.21444975607003 -0.00772 -0.041315 0.3106235 1.0
-143.67780420142435 22.38678212558431 0.073735 -0.000437 0.31661516 1.0
-128.7217640239322 23.515112228188887 0.137362 -0.196252 0.31111562 1.0
-84.26443179470348 17.08343694538557 0.220319 0.2913 0.19770725 1.0
-110.44749384550306 26.321137914587602 0.025648 -0.122457 0.32313636 1.0
-59.65597918244573 19.677802982090196 -0.377561 0.175473 0.2163579 1.0
-58.39610674426973 24.525695502073184 0.396134 -0.128885 0.28264996 1.0
-53.19735275378392 23.93590301112026 -0.265179 0.055366 0.28616259 1.0
-49.272205573059786 25.38560288035097 0.099553 0.145197 0.28529167 1.0
-36.013334135699324 19.705004471689556 0.042801 0.036465 0.21437687 1.0
-28.929650863399058 17.024635001955332 -0.214041 -0.168295 0.16643286 1.0
-20.949512429459322 17.055113896384803 0.021225 -0.066101 0.16664325 1.0
-32.08316469782529 28.536529013845094 0.489055 -0.01896 0.33233348 1.0
-22.956088023047002 28.834008538329286 -0.601169 -0.14231 0.34457797 1.0
-22.637694520581885 28.666250265661954 -0.449115 -0.121542 0.34344244 1.0
-14.289333055954295 25.759356594145224 0.11639 0.008165 0.27786243 1.0
-110.66474242065065 1.5763541126866192 0.218807 0.020155 0.32537413 1.0
-85.10820414550805 2.464837169005086 0.228278 -0.074229 0.28746212 1.0
-53.193643812775484 2.3839405725283083 -0.001076 0.050538 0.16702601 1.0
-68.01093503043252 3.494139315730495 -0.424139 -0.239379 0.23456682 1.0
-88.33445204969058 4.024237403420875 0.424128 -0.28401 0.337178 1.0
-84.68129411044522 3.394364522925767 -0.368517 -0.179895 0.33506644 1.0
-82.65092577986414 3.5973461755714595 0.319832 -0.162084 0.3369224 1.0
-80.21794707933424 3.7955693368750394 -0.365064 0.214812 0.3361695 1.0
-53.470431711058765 2.574551260798256 -0.306166 -0.257683 0.21170953 1.0
-54.2907412374837 3.2007439456075786 -0.135385 0.032531 0.22296569 1.0
-44.10262315585897 3.2466287827477895 0.241756 0.127291 0.20212872 1.0
-67.48726521255901 4.082168683570136 0.142899 -0.021434 0.35431257 1.0
-67.36359745990056 4.970293149652634 -0.607454 -0.141029 0.35539013 1.0
-36.68816945576855 2.1893837344450304 -0.425147 0.199201 0.16519725 1.0
-47.10923997672067 2.6842263989620307 0.271876 -0.187023 0.22993614 1.0
-42.442304459400695 3.767992077537023 -0.041906 0.028879 0.22949767 1.0
-34.239314121491205 5.987089785562341 -0.078423 0.052824 0.33600822 1.0
-23.142938341573608 4.365284345471988 0.201648 0.222357 0.35790178 1.0
-97.96838032967786 6.3233472923368454 -0.021076 -0.119095 0.2582681 1.0
-112.24866993079475 8.188713979035342 0.338015 0.259224 0.33722705 1.0
-100.50185546012618 7.2568614354800705 -0.235708 -0.234926 0.33571643 1.0
-94.24540516049487 9.525005621035774 0.283026 -0.025943 0.33493963 1.0
-93.4955814571111 7.372482299920026 -0.165902 0.075329 0.33637953 1.0
-90.77002152322879 8.01784479203497 -0.158015 0.065957 0.3362124 1.0
-73.85665181927557 8.309833265231653 0.20917 -0.042075 0.28427285 1.0
-50.53048142944871 6.258123938509861 -0.010012 -0.036682 0.21201958 1.0
-49.78784339349092 11.58021906979759 0.445687 -0.406345 0.3572875 1.0
-38.565291332566204 10.605023886004503 -0.180538 0.143454 0.33906847 1.0
-31.32766311248128 9.453435542559319 -0.006376 -0.265083 0.2707105 1.0
-32.257036622020216 8.537780596047847 -0.135042 0.149687 0.27891523 1.0
-27.43694612464991 9.038970674181718 0.18286 0.214375 0.31299353 1.0
-18.530193021187532 10.673876636254425 -0.101878 0.033723 0.32945898 1.0
-129.96444929488698 12.441792856636098 0.055262 0.179878 0.32167882 1.0
-101.65333870919831 13.333134216189045 -0.122333 -0.088944 0.33039007 1.0
-87.0017285709856 12.300785041678806 0.171843 -0.073786 0.30255353 1.0
-70.00344190140238 12.425523860474994 -0.020991 0.01688 0.25952548 1.0
-74.81432884080637 12.59183513725536 0.029484 0.159519 0.2869214 1.0
-73.92669536724993 12.252901492191196 -0.129718 -0.000179 0.28471154 1.0
-46.160590273187374 8.26910354328824 -0.361315 -0.525977 0.1628777 1.0
-71.3871949929032 13.901925159342815 0.502805 0.028501 0.3303388 1.0
-70.75132838381465 15.21852776268946 0.07635 0.103932 0.33103633 1.0
-59.38803149916195 14.289414595829708 -0.146684 -0.076864 0.28704336 1.0
-59.2523864691887 13.369498026790955 -0.022528 0.154826 0.2877363 1.0
-41.80575097275059 12.0842222487546 -0.533367 0.529063 0.25680652 1.0
-27.066727833724183 12.2703922023874 0.008593 -0.144672 0.22191289 1.0
-10.906420903010593 14.283748624642271 0.00156 -0.04233 0.2735911 1.0
-102.5190434696107 17.130848816645827 0.126761 -0.097887 0.3075522 1.0
-101.44750415956948 17.7676222671099 -0.460294 0.143495 0.30552155 1.0
-60.908331646086424 13.014139979817191 -0.092691 -0.063361 0.19766864 1.0
-59.76365352907764 13.38031164263667 -0.060541 0.323619 0.21659204 1.0
-78.98022743517386 18.019134227002304 0.145559 0.139078 0.32289803 1.0
-75.44911566174699 19.475457178240603 -0.018955 -0.075093 0.32875246 1.0
-59.82958598440487 17.122291446733122 -0.168772 0.130451 0.26036334 1.0
-38.526640896161354 11.97632953731568 0.096206 -0.048534 0.1648117 1.0
-63.77052926237259 18.956913673448746 -0.033297 0.211108 0.32517913 1.0
-63.503980986162375 19.573639822297707 0.086344 -0.133724 0.3273226 1.0
-45.13007180928928 14.216815345805658 -0.118065 0.026657 0.22430864 1.0
-40.15714805246387 13.888186471366915 0.138195 -0.199373 0.19663668 1.0
-52.46990588482737 18.646352484000058 -0.143334 0.023367 0.28116015 1.0
-27.535714354788563 14.600095137534781 -0.486832 0.086367 0.21487361 1.0
-29.241827548314244 21.421254989249903 -0.087926 -0.204012 0.35412377 1.0
-22.375717287445646 17.71047148750793 0.112294 -0.178427 0.27318215 1.0
-22.906018288987497 18.941006089297115 -0.046581 -0.041794 0.3089049 1.0
-22.897038023367173 18.95463757530721 -0.147255 0.158106 0.3080421 1.0
-10.230697629168217 12.936308407017437 -0.008566 0.017098 0.18455935 1.0
-123.90777446455786 21.105085293862544 -0.275658 -0.027842 0.29306683 1.0
-118.01039727507961 19.52096096895337 0.199259 -0.08835 0.28829604 1.0
-120.47589661763415 20.448251633780494 0.240552 -0.246009 0.3097138 1.0
-98.56822871642767 24.27176759616437 0.014791 0.127929 0.3409724 1.0
-91.31358424239208 22.62436391930315 0.134581 0.006174 0.30288836 1.0
-75.35336453407822 20.585017586478386 -0.282038 0.027505 0.25453603 1.0
-52.76184208909531 15.650673509929685 0.223741 0.188283 0.17630726 1.0
-80.85151812154163 23.161594012140537 -0.007875 -0.302208 0.32818055 1.0
-77.34350323658973 23.352815716089637 0.054578 -0.253763 0.30832085 1.0
-45.946279782420916 13.640196973244752 -0.192949 -0.041691 0.163506 1.0
-54.61463475705299 22.268565835202388 -0.14527 -0.281788 0.28245476 1.0
-47.13041211770936 21.003564611105862 0.134862 -0.221823 0.24755818 1.0
-56.612937767869134 23.95822068088161 0.397541 0.021329 0.3210761 1.0
-37.58730621504783 17.786576189702153 -0.024136 -0.33665 0.21023212 1.0
-30.873176196444742 18.569682780661715 -0.059417 -0.167429 0.2255774 1.0
-28.892961890111508 20.157447206017494 0.119922 -0.414018 0.23859052 1.0
-24.41446406964939 18.241078700995782 -0.141225 -0.415632 0.20222265 1.0
-28.335875540621803 20.353582686749572 -0.00222 -0.081271 0.25301632 1.0
-32.517608117733296 26.086240594497504 -0.195721 0.125926 0.34658542 1.0
-8.106651254229416 19.758536432641932 -0.048175 -0.32283 0.24322674 1.0
-9.978543802235238 26.017822788165066 -0.134595 -0.294038 0.33080924 1.0
-8.979948622510591 25.20860086006791 0.038093 -0.027798 0.32927227 1.0
-67.57467658489014 29.082743083906536 0.073722 0.141345 0.31983387 1.0
-38.180838571634396 17.88592880610592 0.337056 -0.534999 0.16498436 1.0
-29.33409621820693 22.168169252198275 -0.233134 -0.210293 0.21910372 1.0
-88.70452249748037 -24.157614785432944 -0.114751 -0.003325 0.24171577 1.0
-102.77023232741587 -29.40295983438761 -0.105377 -0.052126 0.3194148 1.0
-94.61038985108158 -28.152729970009833 0.140711 -0.131925 0.31065693 1.0
-93.46447400856475 -24.306867461430553 -0.00442 -0.099014 0.32515168 1.0
-126.28491496647668 -19.269269585845215 0.085889 0.246151 0.294863 1.0
-93.26067020237042 -15.334092602323263 -0.185205 -0.170874 0.24179858 1.0
-77.96257599737967 -13.70116264447183 0.078664 0.136516 0.21703745 1.0
-126.1500622207609 -14.649356884430055 0.212055 -0.212246 0.31053028 1.0
-92.83813472605276 -10.858985837934084 0.247388 -0.065378 0.21468934 1.0
-75.22706026565069 -11.340282142627284 0.023377 0.040626 0.2174604 1.0
-109.13588858052773 -14.280503723478313 -0.581147 0.056071 0.3571831 1.0
-74.7723103518485 -10.77777866583487 -0.051835 0.262234 0.21680477 1.0
-71.85201144580283 -10.015686873093449 0.255917 -0.228214 0.21524541 1.0
-95.79834072737485 -13.393814314648655 0.272669 0.263552 0.32523733 1.0
-81.43022140628358 -11.617577013803597 0.125602 -0.155697 0.26696584 1.0
-125.03275769459636 -10.550470767617727 -0.228741 0.290322 0.2865554 1.0
-125.45951419848934 -9.72475347189056 -0.117955 -0.254625 0.28763816 1.0
-136.35143968556977 -10.724442521206292 -0.295116 0.013131 0.32791626 1.0
-123.44388205928624 -9.8349955123937 0.251723 -0.109918 0.2875907 1.0
-97.95606146620284 -8.575024009107102 -0.595217 -0.180296 0.21680778 1.0
-113.74757002951881 -9.73992963452994 -0.602549 0.121449 0.32838672 1.0
-75.11048533369869 -8.932567206865272 0.025541 0.15544 0.32598525 1.0
-77.50542557375195 -9.500226625339666 -0.163509 -0.266587 0.34951434 1.0
-71.22751981488123 -9.196404751932027 0.150254 -0.209744 0.33674592 1.0
-46.91520064988611 -6.23153424490917 -0.118325 0.209157 0.20590748 1.0
-51.96804781336368 -7.772676483495051 0.176182 -0.109149 0.35221162 1.0
-52.79813190191395 -7.764913864498747 -0.233768 0.040467 0.3573975 1.0
-51.364128635849475 -7.358526908583797 -0.217438 -0.282328 0.35905832 1.0
-85.49251520390281 -2.638022825492958 0.183649 -0.225679 0.21879826 1.0
-101.02637327093562 -3.1127866196985816 -0.113058 0.115312 0.28293195 1.0
-93.05826800049941 -3.6312814796664807 0.050085 0.427173 0.266568 1.0
-110.09675932425056 -3.6836190100451645 0.089371 -0.154051 0.35550314 1.0
-68.31017568150826 -3.3382854781648357 -0.206596 -0.071361 0.18935631 1.0
-108.07035994440363 -3.231814906412369 -0.271326 -0.022301 0.35608196 1.0
-101.70659346777032 -3.419714017497471 -0.098983 -0.419124 0.3438983 1.0
-101.20791833430016 -3.950768003056433 0.280868 0.322141 0.35296953 1.0
-73.75074874897501 -3.92518240370363 0.076884 -0.007122 0.23280106 1.0
-74.64597255387832 -3.8631229424605324 -0.00871 0.194735 0.25535616 1.0
-89.5565874245603 -2.970486161355909 0.080454 -0.253276 0.3376686 1.0
-66.34782901998008 -2.3584198538677463 0.418626 0.110126 0.22673328 1.0
-59.460489410807234 -2.3124388353542527 0.028886 -0.092238 0.21409364 1.0
-80.2491092923926 -2.2316302938363606 -0.236016 -0.079945 0.33584312 1.0
-77.46222265195028 -3.3245380426672675 -0.063019 0.236099 0.33671585 1.0
-40.1235055068452 -2.2780141420079953 0.063961 0.345188 0.16617061 1.0
-40.3274138105922 -1.0908380086498006 0.026546 -0.024972 0.16797405 1.0
-36.56297972130695 -1.5317782056505842 0.51493 0.170205 0.16562086 1.0
-36.1609287864821 -2.2045092021789574 0.227695 0.578431 0.16571575 1.0
-59.52035012846795 -2.447982203307722 -0.054978 -0.250047 0.34352142 1.0
-38.492924472012554 -1.0507614381953878 0.05882 -0.181737 0.20586395 1.0
-55.349447442614455 -1.466846205173233 0.200732 0.104797 0.34865803 1.0
-45.42439537851502 -2.133068562503899 -0.150997 -0.19755 0.28645107 1.0
-43.327798776298145 -1.3939525869479654 -0.051481 -0.06419 0.3508298 1.0
-41.67480009296027 -2.3176474977924597 -0.446153 0.192136 0.3476093 1.0
-25.237389451966358 -1.4307865834029176 -0.208906 -0.250909 0.2139326 1.0
-26.059933001566453 -1.6890504253013758 -0.074227 -0.389137 0.21366426 1.0
-29.124367669618543 -1.8700217668710044 -0.05953 -0.219549 0.3279095 1.0
-29.944545155588454 -2.4950875188130452 -0.210446 0.232333 0.3544313 1.0
-18.76785682404855 -1.8585471503943072 -0.390281 -0.364431 0.21721216 1.0
-106.25895218018614 -26.65982735258176 -0.20428 0.340841 0.30239257 1.0
-115.15040305071705 -19.99385639326948 -0.272298 -0.145863 0.2690574 1.0
-87.5116390344158 -16.55769094057222 -0.100588 0.130426 0.21595988 1.0
-78.54293241702271 -17.871219242271874 0.024123 -0.040446 0.2665945 1.0
-124.2428928096525 -11.488118486999419 0.006597 -0.072259 0.3092987 1.0
-117.51529776468892 -11.835781999423343 -0.052423 -0.138471 0.31013802 1.0
-109.72950930340352 -11.05311130698765 -0.024702 -0.053776 0.32563746 1.0
-109.27190040193027 -11.26531673312633 -0.154136 -0.206341 0.32591027 1.0
-116.16844846050525 -12.46985750172426 0.185831 -0.361519 0.3585258 1.0
-69.08617377300558 -7.457122029980698 0.272341 0.074577 0.20973103 1.0
-73.8515667063238 -8.912911799607011 0.102009 -0.098598 0.2331914 1.0
-93.4266634500589 -12.22350452214581 -0.157124 -0.182971 0.32577142 1.0
-59.18964816976933 -6.590175340642732 -0.114899 -0.291879 0.18150161 1.0
-44.215034540807814 -5.695735583909124 -0.149392 0.005801 0.16910896 1.0
-52.138559403046926 -10.040966870975534 -0.056792 -0.004225 0.32898968 1.0
-141.68695287055948 -19.445878843646703 0.279263 0.098421 0.35550866 1.0
-137.99029010069756 -19.912856513237713 -0.26312 -0.034992 0.35468727 1.0
-133.2455126541489 -18.49597246505209 0.118011 -0.037461 0.35565993 1.0
-64.06104374312434 -10.034944045324567 0.513942 -0.348267 0.18169738 1.0
-109.65077072381688 -5.969304227240567 0.252908 -0.133561 0.2648943 1.0
-122.36818838846348 -7.234181292223483 0.3242 -0.106261 0.30936533 1.0
-93.00272447562256 -6.6057516028076675 0.030851 0.018972 0.32360166 1.0
-68.60500933855072 -5.755696080189496 0.44504 0.012833 0.32665765 1.0
-38.97965299654538 -2.798481090169782 0.057716 0.054546 0.16676956 1.0
-58.535840265604854 -4.06517596584974 0.154823 -0.028097 0.3433327 1.0
-51.85948216399286 -4.361470780951101 0.294448 0.139855 0.35441354 1.0
-17.383140061180153 -5.784235614273486 0.021392 -0.126238 0.3523426 1.0
-119.3997801647585 -2.786149429879619 -0.053815 0.590207 0.30947867 1.0
-107.83070036828389 -1.0063151721424073 -0.193799 0.295462 0.30178002 1.0
-90.453618322893 -1.6959496998043144 -0.134876 -0.134298 0.2583026 1.0
-89.36896202746608 -0.7702155335688711 0.026613 -0.137692 0.26504707 1.0
-104.98916086268038 -1.8393119393524267 -0.066321 0.254187 0.3419367 1.0
-105.98851878496984 -1.3288443104819587 0.003752 -0.018839 0.34579396 1.0
-101.19951817225925 -1.7480456548551884 -0.34451 -0.04781 0.34491864 1.0
-80.95126712047335 -0.4015551518645292 -0.150049 0.228163 0.27655518 1.0
-76.49744946956382 -0.6069109219144817 -0.327891 -0.114566 0.27437285 1.0
-84.1651928694773 -0.25636936098594787 0.041092 0.05458 0.3369602 1.0
-78.07160077210746 -1.1730156038997845 -0.14752 -0.617048 0.33813483 1.0
-68.18438922968454 0.3466974410041924 0.256261 -0.295574 0.35886204 1.0
-50.06418891940531 0.31913835480447256 0.284871 -0.312175 0.28671634 1.0
-50.95363409128989 -1.0383586710132324 0.400095 -0.038033 0.3566141 1.0
-48.791949025736365 0.09439140818591131 0.291869 -0.123633 0.33318627 1.0
-48.5797779270187 -0.057087825100962906 -0.001165 -0.028851 0.33279553 1.0
-42.486952452783314 -0.7223185481894043 0.16443 -0.060881 0.28750482 1.0
-41.34680160037234 -0.6281904107299155 0.171672 -0.169526 0.2843235 1.0
-41.63478654879301 1.2731391352606933 0.037468 0.030197 0.33783555 1.0
-36.97101381840309 1.2801523679160105 0.08546 0.159663 0.33859622 1.0
-24.54738357485722 1.118590545191346 0.203039 -0.052192 0.35734943 1.0
-9.577915266490553 -0.10029297741672535 -0.533098 -0.018935 0.17875732 1.0
-95.56934480892765 -31.957700893037185 -0.289044 0.102498 0.30744088 1.0
