X Y e1 e2 Z WEIGHT_SEEING
-922.5705713664798 260.8667845583633 -0.20896 0.137385 0.29822353 1.0
-1007.1793732599689 268.02106861993707 -0.074416 -0.091974 0.34291703 1.0
-943.2204750558343 251.9924987741772 0.095388 0.111657 0.31219083 1.0
-847.0436940479309 234.79801523777016 0.246822 0.255939 0.26272607 1.0
-901.9474061063347 253.9278370457611 0.165066 0.186046 0.28976628 1.0
-952.9489974466713 278.9643211880524 -0.280752 -0.157758 0.31494033 1.0
-998.8154882394689 267.0622944579136 -0.267102 0.056065 0.34153348 1.0
-1002.2362510204495 268.78712098300855 -0.629345 -0.561806 0.34116638 1.0
-1004.6157042898714 270.4277808256102 -0.111518 -0.112295 0.34383017 1.0
-940.9448891878582 254.5689485285208 -0.023503 0.154355 0.31183577 1.0
-770.1811484673581 209.29918028703005 0.156354 -0.180502 0.23677854 1.0
-682.3444505827399 185.10418662765375 -0.234467 -0.057408 0.19901638 1.0
-860.4946449421009 233.2691465977196 0.112019 0.335654 0.2709327 1.0
-845.8180937536531 233.58296955360848 0.215368 -0.388799 0.2636289 1.0
-793.6032838762569 219.115692490065 -0.085542 -0.04634 0.24277855 1.0
-1032.3510294553137 289.9895174234091 -0.083035 -0.043496 0.3534727 1.0
-848.2415952976479 245.79116892432813 -0.258481 0.015318 0.26915103 1.0
-723.8220683478147 210.19808645607492 -0.059459 -0.0385 0.21767175 1.0
-646.4386912149364 178.2727050512629 -0.095077 0.144698 0.18341532 1.0
-930.0723073809887 249.32551322514942 -0.067737 0.301183 0.32609826 1.0
-594.7484444464454 179.53526715738377 -0.134885 -0.210188 0.2569933 1.0
-726.2478636782837 216.90535260321832 0.122726 -0.204737 0.34150922 1.0
-750.6067160206065 224.19079924531366 -0.589769 -0.007464 0.35994375 1.0
-707.8752408069125 197.1680512471563 -999.0 -999.0 0.2965594 1.0
-590.985917805697 178.36592168702376 -0.148723 -0.146834 0.25474864 1.0
-723.7379540092502 216.8301010097915 -0.07902 -0.027773 0.34278822 1.0
-802.4542348741942 226.06682968374633 -0.738865 0.191764 0.25121373 1.0
-1006.761591217052 293.7792543542455 -0.108724 -0.099438 0.3536056 1.0
-925.5288405792737 256.7664159553513 0.077433 0.035887 0.31627303 1.0
-1019.0455694775268 297.4499619079456 0.414822 0.095373 0.3591255 1.0
-1015.4795332174094 298.69633348843337 -0.290423 -0.090649 0.35594532 1.0
-765.671334699342 224.49702931181866 0.088307 0.027564 0.23369922 1.0
-973.0084187746963 266.30696130695395 0.392416 -0.368101 0.33725342 1.0
-777.9564234623531 214.20225052366152 -0.092366 -0.248843 0.24047303 1.0
-626.6936428750155 172.6423863937296 -0.053876 0.102471 0.18256514 1.0
-923.6851783217666 254.9479729307748 -0.246342 0.06733 0.30581236 1.0
-758.3288123786878 210.0940343207321 0.209444 0.504512 0.23422815 1.0
-901.605295286702 253.2247138692121 -999.0 -999.0 0.2964144 1.0
-899.7130555259309 252.90308668624132 0.046256 0.282563 0.295521 1.0
-697.4363744534859 201.62157490743365 -999.0 -999.0 0.21227561 1.0
-763.8172804744574 223.422909245116 -0.047198 0.08544 0.23434827 1.0
-869.6655825815352 285.2355440345953 0.394039 0.190362 0.28269538 1.0
-827.5110722145412 273.9028739519877 -0.210875 -0.229299 0.26485455 1.0
-736.635941478395 227.3227912060178 0.129067 -0.115061 0.2361146 1.0
-820.4127966599765 279.65867791476495 0.023483 -0.080234 0.28756478 1.0
-905.6163564067868 323.04267090041867 0.159579 0.062325 0.3401336 1.0
-786.3288890043747 291.969726876196 -0.037304 -0.629246 0.286346 1.0
-823.5433599430044 310.359481463526 -0.240749 0.102314 0.3065888 1.0
-886.0463557629259 333.7736494595731 -0.077666 0.135141 0.3443551 1.0
-823.2816013884469 309.97487115150903 0.39708 0.338496 0.3064161 1.0
-830.0643854521932 253.13151380340338 -0.01596 0.09849 0.26499525 1.0
-866.868950547306 266.008532505899 0.310337 -0.2109 0.28213817 1.0
-959.1223453089658 318.02354173027163 -0.497232 0.325644 0.33846188 1.0
-807.2310279754158 269.9336094267348 -0.109725 0.151319 0.26483902 1.0
-885.7529049521987 307.33147024180994 0.215083 -0.053063 0.3089964 1.0
-959.6373543562502 335.9837549799165 -0.306852 -0.187706 0.3482673 1.0
-799.3107462463834 283.1578558270462 -0.218416 0.068801 0.27080646 1.0
-871.7852755051472 272.1822924039799 -0.033539 0.236425 0.31729344 1.0
-920.0545415112301 254.1204998066687 -999.0 -999.0 0.3190708 1.0
-879.8795738218527 264.8215681908856 0.052071 -0.070129 0.30884725 1.0
-724.1234865611864 221.59167124465455 0.22135 0.366009 0.23624918 1.0
-922.0363184668596 299.88913759558494 -0.273236 0.3492 0.34183934 1.0
-752.2011944013201 250.76516788627603 0.11232 0.075622 0.26058686 1.0
-881.7825941108691 336.71331713543077 0.212121 -0.275548 0.35515642 1.0
-904.3994971711771 257.6068249457088 0.14261 -0.091274 0.30801153 1.0
-842.3375212323415 243.52871138980728 -0.575633 -0.139595 0.27826703 1.0
-986.929794576389 295.21272629588077 -0.078738 -0.193107 0.35670373 1.0
-858.8105143662287 294.80442820861634 0.225759 -0.258457 0.30993554 1.0
-902.1153733530167 325.92698539454653 -0.059957 0.003298 0.3468392 1.0
-1008.2570663429656 297.8859178232859 -0.112674 0.077809 0.3558521 1.0
-878.2208704685974 299.63970968970364 -0.000456 0.036273 0.31414208 1.0
-597.6540134700106 210.33290153940206 0.476703 -0.309951 0.19025108 1.0
-837.5072536332451 258.68946636160246 -0.279424 0.151885 0.27044484 1.0
-810.2424646497851 294.1911921356627 -0.092012 -0.164654 0.28394225 1.0
-824.5267432062024 271.9419512933242 0.488387 -0.278731 0.2678003 1.0
-782.2985737382983 249.3991280928049 -0.488599 -0.148751 0.30558085 1.0
-780.3947892617565 258.87514422321584 -0.028456 0.0502 0.3112412 1.0
-704.238527590545 244.87326770467925 -0.129596 -0.340816 0.2756308 1.0
-810.6620968307562 288.4819577349433 -0.073062 -0.206226 0.34290227 1.0
-702.1445150374548 187.82774063556815 0.297714 -0.094114 0.2388667 1.0
-764.0105570930317 212.6883249543448 -0.439678 0.183454 0.27141166 1.0
-766.8140121105556 223.18183305066208 0.097428 0.015639 0.27811092 1.0
-766.7382567033986 239.07907767413957 -999.0 -999.0 0.28785706 1.0
-768.796058568462 242.2140291763903 -0.192115 -0.068902 0.2878042 1.0
-791.4115663506366 274.19059631500033 -0.358977 -0.100435 0.3178919 1.0
-779.1245003092553 278.29040559424226 0.201772 -0.119278 0.3175984 1.0
-655.711698088134 236.1523459618713 -0.060592 -0.051552 0.25052235 1.0
-619.7383262943907 200.81988657091705 0.492671 0.000871 0.21438514 1.0
-887.1013604805415 290.4838498155799 -0.250767 -0.418922 0.3579697 1.0
-791.7597635194294 264.5730474976267 0.006623 0.007797 0.30561143 1.0
-803.5075975669487 276.85684392284185 -0.228117 0.157285 0.3173989 1.0
-899.5593681286423 252.5411603845357 0.310034 -0.076033 0.3236231 1.0
-901.2674323492671 253.98796231320884 0.13867 0.071064 0.3226828 1.0
-868.3778509839905 265.2613599388332 -0.010103 0.034177 0.31632772 1.0
-810.0158454105174 255.78484031633403 0.024071 -0.004124 0.28990492 1.0
-838.7187386699725 275.84553510332836 0.046896 -0.07149 0.31447348 1.0
-576.32112201395 204.7017659409166 0.189671 -0.007377 0.19813116 1.0
-938.4582940984541 262.963317255473 -0.375065 -0.05277 0.33420095 1.0
-659.123054872922 205.36308395642087 -0.153899 -0.219709 0.21562167 1.0
-817.551404163623 309.5233644378583 -0.348595 0.230259 0.33813697 1.0
-800.1437648907455 222.02100172260853 -0.039805 0.142365 0.29200792 1.0
-878.9578204068223 245.17954236819511 0.082273 0.480164 0.33451727 1.0
-903.4562211435872 256.9601646549132 -0.105702 0.15951 0.35297123 1.0
-902.5511563581124 262.45896866667516 -0.025234 -0.06159 0.3572699 1.0
-672.1206866377104 202.1046546983688 0.459104 0.331517 0.23709923 1.0
-690.6538654669965 221.45338981633333 -999.0 -999.0 0.2530294 1.0
-812.9739110099708 236.38966516774641 0.062031 -0.150258 0.29746348 1.0
-849.5026956505383 250.5165797506834 -0.312233 0.380052 0.3199965 1.0
-885.196631350329 289.42518185567883 0.543588 -0.191197 0.35823315 1.0
-828.7865512608181 290.8834127021742 -999.0 -999.0 0.3418671 1.0
-949.3661244399029 263.9355721657834 -999.0 -999.0 0.3592042 1.0
-769.0149325588181 233.43714545222898 0.067956 -0.315451 0.27599704 1.0
-811.0361171583502 276.31198033022287 0.351402 -0.275871 0.31530505 1.0
-855.745310319404 229.30283653918025 0.29882 0.384514 0.29838946 1.0
-806.1275380781085 251.17314977183003 -0.0632 0.140892 0.29061446 1.0
-908.3482070900533 294.57113432140454 0.284352 0.170793 0.35526273 1.0
-849.1873034585445 274.11865915440427 0.024855 -0.147422 0.32088828 1.0
-664.4423848274309 221.333208310942 -0.081054 -0.028938 0.23143622 1.0
-856.1894716988036 303.3408375774157 -0.061032 0.14169 0.34408364 1.0
-839.1098749852923 319.3533865346585 0.161838 -0.005494 0.34870666 1.0
-660.3033386865986 205.09872781865622 -0.184888 -0.022713 0.2167648 1.0
-674.4643615201883 204.99264977024407 0.326622 0.246204 0.30381858 1.0
-707.6016986548957 219.49070793128277 -0.423393 0.134976 0.32229644 1.0
-682.466427360813 215.87145437534699 0.438562 0.23571 0.30910513 1.0
-662.9780567148638 219.2924879447563 -0.01577 -0.162298 0.3056219 1.0
-697.2446505855567 206.85330243770437 -0.036288 -0.233783 0.29822153 1.0
-735.0889745715018 240.3979922259126 -0.760463 0.176466 0.34571102 1.0
-741.0945256698167 245.01075832898758 -0.422035 0.04183 0.35140514 1.0
-520.6818287632957 179.1363427753075 0.12073 0.015947 0.22120586 1.0
-808.3773226423871 229.19467203817797 -999.0 -999.0 0.35616603 1.0
-694.5458134528562 200.65363101457902 -0.455985 -0.342435 0.28730932 1.0
-694.5838144435293 201.04442602114642 -0.124215 0.007898 0.2875441 1.0
-588.0028091897628 191.24902624426238 -999.0 -999.0 0.24504033 1.0
-684.3792864563235 227.37234723478062 0.012057 0.238551 0.305549 1.0
-783.9589166507793 216.0343970556962 -999.0 -999.0 0.3282275 1.0
-713.5424486737521 228.5115881751591 -999.0 -999.0 0.30877942 1.0
-659.7310495280838 207.937533639824 -999.0 -999.0 0.29722708 1.0
-768.4397756953987 233.74814114913337 -0.209789 0.115661 0.3451263 1.0
-756.6750365153569 246.04210142574962 -0.447269 -0.098837 0.35596785 1.0
-627.4195326884625 205.8058044936535 -0.237122 -0.748131 0.2723971 1.0
-737.7029182772714 248.4644098241992 0.024464 -0.078406 0.35145628 1.0
-763.9504594019687 249.17993506264952 -0.246812 -0.023048 0.3510209 1.0
-638.5750588637891 209.20002909831825 -0.020965 -0.08203 0.27226487 1.0
-567.1569259230391 192.96040528589532 -0.089084 0.030404 0.23649263 1.0
-828.9174032991732 221.04530498244065 0.201135 0.089647 0.3201608 1.0
-844.92387990624 226.74163319882516 -0.391978 0.012887 0.32245672 1.0
-712.6924178241823 231.0959467365064 0.270702 -0.394295 0.30864337 1.0
-724.5039140869262 240.7509739026211 0.459069 0.368636 0.32280922 1.0
-677.8343145893225 226.8690870924273 -0.082141 0.031902 0.291554 1.0
-684.2005198545277 234.56300767337535 0.049106 -0.017356 0.30242822 1.0
-575.3529889866013 211.81484088286567 -0.075255 0.30961 0.24987273 1.0
-830.3888689418569 235.2224803271998 -0.077708 -0.391656 0.3431442 1.0
-605.3258065540208 218.09253837856667 0.300711 0.054723 0.2522426 1.0
-849.1866344942085 227.21015249852434 -0.141134 -0.203252 0.33702204 1.0
-719.3306731821617 251.07942690584125 0.035124 -0.034537 0.30514604 1.0
-713.9259277674246 271.91063814739056 0.540139 0.595048 0.32165173 1.0
-839.0523821461882 225.53002792930107 0.030089 0.123229 0.32265368 1.0
-844.944718539253 233.7289832799407 -0.116109 0.167074 0.33147797 1.0
-768.3406636091947 267.13857810924833 -0.111212 0.550292 0.3208291 1.0
-784.0985989997864 207.5844093774372 0.043891 0.299266 0.310201 1.0
-823.6013842571537 234.9909933065652 -0.098364 -0.407734 0.34212598 1.0
-683.2131683624491 255.54688413445606 -0.075658 -0.530665 0.307756 1.0
-803.596324180376 215.69081890789363 0.16696 0.165607 0.31365943 1.0
-700.6023227958522 193.66136092080387 0.069276 0.127754 0.2623365 1.0
-790.7391942651014 219.60106781661642 0.317164 -0.034183 0.3122442 1.0
-725.0316969092107 202.22552648098164 -0.00396 -0.1942 0.27627385 1.0
-734.9606202788051 258.9459208441041 -0.173325 -0.054594 0.3223749 1.0
-547.195880704782 196.5343503747271 -999.0 -999.0 0.21589988 1.0
-715.0362159196295 267.0176607217427 0.259804 -0.114274 0.32396704 1.0
-726.0224654676559 204.06912466051983 0.268835 -0.081087 0.2729647 1.0
-843.6707701557389 244.52975148819266 -0.061703 0.056381 0.34050536 1.0
-835.2189086814058 247.9464585339044 -0.036456 0.136659 0.34306774 1.0
-799.9491887546562 272.5245132117064 0.199972 -0.12984 0.34600374 1.0
-746.0729562719728 265.1058820617389 -0.11547 0.311566 0.321412 1.0
-766.6005048158996 277.01957402748616 -999.0 -999.0 0.34115458 1.0
-841.3223661285865 230.13647359197418 0.053702 0.010735 0.31856638 1.0
-636.1739718150343 219.55432083737574 -0.288642 0.02487 0.2412769 1.0
-773.1981297122901 295.21681124126263 -0.435353 -0.167267 0.34076208 1.0
-629.3073446217919 205.93029629503775 0.116057 0.21811 0.18267098 1.0
-842.9439041278059 277.40169743307644 -0.023936 -0.214711 0.26641273 1.0
-578.2383546182516 194.90411513493294 0.228185 -0.408198 0.1659298 1.0
-626.4016631187053 205.25001094367755 -0.11882 -0.090582 0.18202531 1.0
-889.1157231912794 293.31936970032643 -0.012919 0.357609 0.29194367 1.0
-990.6470404884251 326.3052726686687 0.246036 0.090047 0.33976853 1.0
-986.449145863616 325.9388463496 0.271505 -0.139495 0.3398961 1.0
-734.293940672947 243.67010878199076 0.107584 0.169846 0.22462416 1.0
-935.9031281568958 312.716846644364 0.110201 0.152655 0.31543875 1.0
-821.8103485950346 277.7181721076097 0.337235 -0.498931 0.26446995 1.0
-820.6678660303152 277.56445999734154 -0.095729 0.018565 0.26373994 1.0
-680.5739933412273 206.28292431084725 0.25936 -0.313729 0.21935676 1.0
-877.7344996580099 267.78217961163733 -0.086087 0.007436 0.31219327 1.0
-654.9584354508357 209.75175315781095 0.027234 0.497138 0.21310581 1.0
-632.3159238401746 206.0121353978236 0.293183 -0.073427 0.20636559 1.0
-909.2516001215724 302.3757034731119 -0.051038 -0.147767 0.3424308 1.0
-610.1921401287392 210.15676852608647 0.162932 -0.20199 0.20172912 1.0
-627.1430234178567 225.4951654469845 0.529452 -0.354126 0.21388698 1.0
-724.3989266427437 263.4796554388617 -0.121071 -0.374374 0.26250935 1.0
-635.0678142516706 238.8082526188543 -0.215973 0.242617 0.22372808 1.0
-855.0048281829863 320.9589414959176 0.305111 -0.415001 0.34030953 1.0
-624.4934566104702 240.70551783904838 -0.086498 0.036959 0.22323968 1.0
-741.918617631044 207.68434124068614 -0.04692 0.205615 0.23380774 1.0
-671.3766107076287 190.55595817089412 -0.305841 -0.060585 0.206975 1.0
-884.251956291877 258.9747469471332 -0.72754 0.32833 0.30346793 1.0
-981.4686396724361 294.27757383796177 0.00674 -0.418194 0.35793123 1.0
-729.3715097909917 222.56040790227232 -0.062914 -0.317924 0.23738237 1.0
-616.2194825487167 188.34640433587305 -0.024168 0.133205 0.18998149 1.0
-620.1996436077842 190.77303316315266 0.287801 0.12556 0.19214141 1.0
-611.7240108530693 193.40555636575402 0.008387 0.092581 0.19010049 1.0
-604.4905362694407 194.07001249452546 -0.147684 0.013992 0.18996598 1.0
-909.8333949568905 254.25335495171393 -0.138801 0.44476 0.30363193 1.0
-909.2703279776784 254.8592876771047 -999.0 -999.0 0.30496746 1.0
-673.2670583999045 190.42492635125734 0.008168 0.088542 0.20388292 1.0
-955.8002154733769 273.0284058611427 -0.051302 0.394123 0.32798222 1.0
-698.4100153745363 204.55932596459365 -0.051607 0.107591 0.21628782 1.0
-996.9535695752364 296.5218472836728 -0.085905 0.066981 0.35640848 1.0
-691.6958527834543 217.86672212562783 0.208156 -0.340212 0.21914321 1.0
-810.6256192755444 284.73463775142693 -0.046975 0.099329 0.28685242 1.0
-806.465072383584 288.1905473766252 0.092214 0.235535 0.28762195 1.0
-585.2459730034643 217.34660522251744 -0.050042 0.003292 0.19223845 1.0
-822.8110504908312 310.46453610329206 -0.026839 0.165378 0.30772468 1.0
-822.2413087300841 312.02361908463774 0.328381 0.178133 0.30843094 1.0
-953.8270430000484 283.9772010377666 0.06453 -0.101674 0.32590282 1.0
-630.7813446772317 196.00150746909995 -0.085471 -0.089667 0.18858053 1.0
-618.8713052734138 192.8960086604772 0.239722 -0.265315 0.18498567 1.0
-708.3315199101081 224.51513590698045 0.13352 -0.033076 0.22086065 1.0
-996.8832549902373 315.95027785351505 0.405159 0.58565 0.357977 1.0
-884.3526878222962 286.5108604685025 0.123326 0.081516 0.3049167 1.0
-599.7921255282207 199.9396150303139 0.095246 -0.157387 0.1829056 1.0
-937.1569305795939 313.3590643353077 -0.111191 -0.04982 0.33709463 1.0
-949.3555526739474 319.31630755539294 -0.274357 -0.217092 0.3444538 1.0
-932.0771083257953 313.5203542615112 -0.196786 -0.364373 0.33506608 1.0
-707.5152461916481 238.8678060520515 0.043306 -0.352946 0.22778499 1.0
-776.4952195171558 280.33842389605707 0.173455 0.197293 0.26786676 1.0
-838.0534680186391 258.4911277097498 0.107848 -0.129919 0.26883882 1.0
-717.5874481274624 240.74209614164835 0.113799 0.056838 0.22569945 1.0
-805.3473549367455 272.3406300916008 0.169246 -0.102311 0.26480728 1.0
-939.9242053233884 319.8148961201606 0.285437 -0.217208 0.33391854 1.0
-739.818768890588 225.97047779955338 0.03601 0.092086 0.22164908 1.0
-801.6375876056507 256.7909407313134 0.101457 0.441159 0.25239947 1.0
-732.62173438701 240.11361134433054 -0.154808 -0.235354 0.22545147 1.0
-926.6531108807478 251.14586005922132 0.102877 0.552242 0.32710195 1.0
-680.100271217999 209.83161025243226 -0.182994 -0.290254 0.22422715 1.0
-684.5628145985548 212.64819838557452 -0.005409 0.084254 0.22693609 1.0
-909.8114009027952 291.2069875941116 -0.02786 0.289114 0.34267417 1.0
-657.7661568228453 192.24477091528362 0.099618 0.309844 0.204534 1.0
-676.2872229891783 203.9703823883802 -0.528087 0.061174 0.21623972 1.0
-580.2719582410697 176.4847128030184 -0.052024 -0.084701 0.17866023 1.0
-882.856840804233 268.0746081739539 0.292387 -0.254331 0.30927613 1.0
-674.3779869688838 215.5120053222261 0.325434 0.136773 0.21966965 1.0
-912.5252397761433 300.96159917053933 0.376093 -0.023391 0.34149653 1.0
-915.3136365649808 302.0485832532277 0.275473 0.233375 0.34291995 1.0
-621.1412794990481 209.28614487790009 -0.018219 -0.019223 0.20354144 1.0
-902.4662820169192 313.1459520011438 -0.123992 0.191099 0.34377226 1.0
-745.2775177571215 260.7713100983004 -999.0 -999.0 0.26223516 1.0
-741.8620350872206 262.33134582376863 -0.201111 0.196766 0.26285097 1.0
-494.6539553728325 185.04597443506992 -0.054914 -0.053056 0.16161668 1.0
-926.9643684611619 259.39403804661583 0.061413 -0.247568 0.31553632 1.0
-955.5904556035856 269.095975854491 -0.140081 -0.282166 0.33089867 1.0
-616.9420366548194 197.60556872583433 -0.010563 -0.025334 0.19196846 1.0
-952.2947301004949 308.7234719074416 -0.295405 0.197434 0.3500027 1.0
-682.7239652927963 224.04192730510022 -0.368653 0.013023 0.22114104 1.0
-677.7141118427577 222.84788496868975 -0.07485 0.244957 0.2192985 1.0
-929.674170983423 313.91498857957924 -999.0 -999.0 0.34536275 1.0
-926.4277407644174 314.6823574473319 0.030405 0.090959 0.34492475 1.0
-579.6610290910461 209.05218829821186 -0.067508 0.213601 0.18799505 1.0
-890.2566915127913 325.4332391111096 0.111981 -0.198891 0.34021917 1.0
-575.4940459410197 215.567450343135 -0.21477 0.222309 0.1913095 1.0
-896.4298367609952 343.790731531127 0.139244 -0.118259 0.35701266 1.0
-855.6947197831615 264.9127264902627 -0.145136 -0.064432 0.2855565 1.0
-983.1249348613768 306.509518347887 -0.111219 0.237698 0.3526102 1.0
-708.4012952246624 224.34914586804658 0.138156 0.094842 0.22016224 1.0
-950.8364516003502 302.276919875462 0.084353 -0.313802 0.3306538 1.0
-818.1556100015902 261.38288895018775 0.301913 0.007039 0.26615644 1.0
-602.2016306663135 202.47521137148428 -0.301235 0.183259 0.18358184 1.0
-945.7508820825545 319.1403305216057 -0.003363 -0.198646 0.33841535 1.0
-783.7585812901901 273.69375085191353 0.060361 -0.303892 0.26371822 1.0
-781.9143215225631 274.0197952533903 0.141655 0.022211 0.26358172 1.0
-783.4182652704136 275.07078008622665 0.223071 -0.137904 0.26333195 1.0
-636.7329207606136 195.4248264168193 0.420741 0.04543 0.1845768 1.0
-954.1058168970634 292.10069490821223 0.175392 0.218196 0.320333 1.0
-839.0633060877295 266.9271840750982 0.139704 -0.222905 0.26992112 1.0
-720.8773955742445 231.9237390412096 0.508233 0.057562 0.22028944 1.0
-715.6312344965307 233.47797512623148 -0.014792 -0.456727 0.22016343 1.0
-612.2870942878155 206.3083769014945 0.043935 0.155027 0.18443277 1.0
-701.0321337671987 245.4013694137416 -0.252225 -0.09825 0.22231236 1.0
-698.6187003178103 244.51608217354362 -0.08178 0.055127 0.22097817 1.0
-786.2291401321243 221.42085050383918 -0.062186 -0.010694 0.28836033 1.0
-675.7501091627055 198.0289528845078 0.003141 0.073844 0.2380434 1.0
-746.559773476985 228.22806502987547 0.053255 -0.009676 0.27888864 1.0
-746.4768054147212 228.33373174114786 -0.048124 -0.182272 0.27853143 1.0
-679.3533706843233 229.48243612395734 0.271239 0.190055 0.2589007 1.0
-745.1424228887278 278.0307175451707 -0.072112 0.120635 0.31543717 1.0
-628.6180735294963 195.14756559793278 -0.018997 0.023564 0.2174315 1.0
-767.8928432414082 240.6802209612756 -0.143739 -0.058373 0.28823757 1.0
-785.498579634459 277.0247401591939 -999.0 -999.0 0.3198223 1.0
-782.6225391687425 277.6555614399299 -999.0 -999.0 0.3176546 1.0
-779.5415713018139 280.4075434602449 -0.077715 0.004635 0.3179464 1.0
-576.8329083539998 162.41045060804876 -0.072162 0.067561 0.18425371 1.0
-867.5071098503826 245.1193175711199 -0.043734 -0.295336 0.32134277 1.0
-692.3397076340825 198.48822528802637 -0.173148 0.188464 0.23622094 1.0
-698.2955909179509 202.6755467695253 0.023522 0.115874 0.23846324 1.0
-857.8665587401908 250.5004275267628 -0.348294 -0.629492 0.3189722 1.0
-897.1967581349865 276.34066438380654 0.402454 0.070693 0.3492003 1.0
-615.5465559495069 198.11449659846724 0.283302 0.123884 0.21268861 1.0
-615.9533694005655 200.33651112964824 0.325192 0.169431 0.21404941 1.0
-642.3872074224358 232.29919292535607 -0.079011 -0.209415 0.24042094 1.0
-638.2297156726975 230.61600132642297 -0.330297 0.205506 0.2384673 1.0
-812.7430890614912 309.52180900583517 -0.078278 0.247637 0.34691045 1.0
-819.0317873534037 311.7410649423588 0.030185 0.094324 0.34932435 1.0
-887.3643490348726 245.0543987795503 0.175514 -0.22509 0.32144183 1.0
-949.9651968577217 266.61946389091486 0.079141 -0.145827 0.3592567 1.0
-891.9176031505231 251.42558892071844 0.173797 0.113982 0.32407767 1.0
-887.6691716796863 249.74364926147663 0.277327 -0.060122 0.32142252 1.0
-884.7953592767735 251.52553980256855 -0.022005 -0.2174 0.32244933 1.0
-824.8747305967072 272.55374678283533 -999.0 -999.0 0.3153147 1.0
-896.6213482089024 299.16075350297234 -0.030417 0.137014 0.3568641 1.0
-660.2767165080915 235.762141684409 -0.305126 -0.229694 0.24051358 1.0
-654.2591615257119 235.76437458179916 0.035886 -0.036367 0.24015853 1.0
-760.5875255304647 236.1028659668601 -0.065158 -0.161176 0.26334625 1.0
-899.5140675294851 279.8985941082802 -0.062711 0.236143 0.33805206 1.0
-618.4453872921254 197.29117022061183 -0.052258 0.119486 0.20396967 1.0
-627.072618932065 200.3585476392424 0.23767 -0.059412 0.20858486 1.0
-634.2267297603672 202.55149659083358 -0.123383 -0.055694 0.2112972 1.0
-610.9866841278624 195.2851918224181 -0.002062 -0.037074 0.20158574 1.0
-863.9951379711639 306.087980318683 0.029882 -0.159305 0.34305942 1.0
-851.6778571344954 233.84756153693573 0.575799 0.540139 0.28825852 1.0
-674.7792564061199 207.9119791860773 -0.185116 0.105028 0.22025548 1.0
-899.3179031268377 296.8246244656967 -0.190558 0.241255 0.34212732 1.0
-663.4701857672375 238.05925025000545 -0.202754 -0.255596 0.23370415 1.0
-862.894485857441 312.42157505985074 0.008219 -0.141258 0.33823994 1.0
-810.4165268569955 308.11373196017365 0.280781 -0.185882 0.33707678 1.0
-805.0636374233834 309.89976886851235 0.136711 0.088835 0.3356632 1.0
-580.6675123613908 210.81318814397463 -0.196732 -0.116547 0.20278761 1.0
-850.6920117977872 307.60533085149876 -0.154611 -0.174866 0.3398511 1.0
-835.8160674385854 307.03348932687015 -0.198884 0.159395 0.33605063 1.0
-575.7810348667823 215.40081106768397 0.526934 -0.41916 0.20360203 1.0
-859.0324281585399 244.30850468993742 -0.204563 -0.172751 0.32741418 1.0
-899.3289923296849 261.2360833447269 0.033216 0.092892 0.35482067 1.0
-710.4011881100622 216.08334419832386 0.161256 -0.282247 0.25830534 1.0
-621.3627833666849 197.27145656553736 -0.262922 -0.060332 0.21881437 1.0
-631.6259215224055 203.98067228554171 0.186176 0.070741 0.22686782 1.0
-792.7625883150337 257.9399976461357 0.029333 -0.049772 0.31205842 1.0
-835.792630569654 277.81985013927164 0.11457 -0.060999 0.34125283 1.0
-681.5398192895881 232.72655946929453 0.259417 0.095931 0.25756866 1.0
-537.3431547168411 184.88168609026573 -0.710427 0.293907 0.19102387 1.0
-585.1956732484573 203.7717015438755 -0.02887 0.023453 0.21445192 1.0
-807.3977868444816 280.1941333714348 -0.049883 -0.29416 0.33399332 1.0
-816.814938599341 286.58064364600494 -0.192195 0.264906 0.3392225 1.0
-820.47457436939 288.56544758061364 -0.2218 -0.229307 0.3419775 1.0
-815.1912569657289 292.77235107618367 -0.172735 0.04857 0.34576547 1.0
-778.3136436742682 293.45624629905325 -0.075877 -0.012264 0.3345946 1.0
-779.2079789881487 293.94343187869754 -999.0 -999.0 0.33473885 1.0
-777.680807966473 293.75583934339375 -999.0 -999.0 0.3339917 1.0
-726.7716733375117 281.04457781502776 0.143011 -0.042991 0.3091106 1.0
-687.794886104104 200.79270736279065 -0.30881 0.102984 0.2375737 1.0
-771.2088085918697 225.6242223223222 0.001372 0.174875 0.27878562 1.0
-626.0399563097451 198.93886174767536 -0.080959 0.239758 0.21650937 1.0
-812.5254447111822 262.80383268215814 -0.140145 0.048962 0.31269565 1.0
-610.8743876734579 198.63230458751804 -0.446426 -0.362829 0.21236947 1.0
-763.666412416422 247.88008091632022 -0.253325 0.055119 0.28803653 1.0
-821.5998015414635 269.07412438532106 -0.16332 0.37836 0.32274795 1.0
-874.1691387988169 287.7091101218562 0.094613 -0.023283 0.35590118 1.0
-873.0346996958705 290.51682050794903 0.129677 0.046813 0.3556961 1.0
-834.2024188349324 293.2579223266256 -0.127472 -0.537122 0.34372804 1.0
-793.2338839595988 279.4804561984075 -0.31313 -0.216507 0.31890526 1.0
-813.0875631607299 307.5270178229569 -0.158514 0.051092 0.35040045 1.0
-814.7962791865557 309.20704640296225 0.417451 -0.181653 0.35077628 1.0
-781.8805671207884 299.41168302297535 -0.099916 0.04256 0.33273235 1.0
-536.5594985886881 206.72446746491062 -999.0 -999.0 0.19974346 1.0
-800.665390985491 309.34598266740227 -0.1247 0.304658 0.34734732 1.0
-887.9966165994417 243.3613488029448 0.131114 0.240303 0.32201883 1.0
-671.9327184968873 192.07950435332776 0.229533 -0.111705 0.22273889 1.0
-894.1985194207745 256.5647344060029 -0.221517 -0.140315 0.33439952 1.0
-870.0779877595314 250.03079005767952 -0.361873 -0.026232 0.32091784 1.0
-607.4877011767187 176.50258113101927 0.023045 0.216655 0.19748513 1.0
-871.5713754134902 251.9801232209552 -0.011282 -0.217687 0.32099295 1.0
-572.943449877468 167.05913971963957 -0.225729 -0.087354 0.18337871 1.0
-570.9941962377343 166.52832276389094 0.003884 0.024821 0.18325654 1.0
-653.6223310949327 208.258800438511 0.01699 -0.249819 0.22523847 1.0
-540.2113884123831 178.6828453927108 0.085234 0.096518 0.1804063 1.0
-806.6923737386837 268.59686618142865 -999.0 -999.0 0.30978397 1.0
-839.4146251305928 280.44516659689344 -0.140865 0.012757 0.3289509 1.0
-815.3629678301495 229.64136931360818 -0.108347 0.157979 0.28173724 1.0
-890.1198057843422 251.61944562841836 -0.068507 0.113388 0.32178098 1.0
-588.602377466548 167.4249675787526 -999.0 -999.0 0.18484673 1.0
-901.7016310436054 261.6603834449026 0.010901 -0.215305 0.33141318 1.0
-575.3064667423997 173.45756394595296 -0.478397 0.41932 0.18340878 1.0
-652.6435758106197 203.4229442630353 0.206209 0.135322 0.2192612 1.0
-901.9580530723634 297.45249460790285 -0.120278 -0.035825 0.352912 1.0
-691.8508738486618 254.93373477736915 -0.192497 0.089112 0.260202 1.0
-781.3932898264271 295.6012626497183 0.407837 -0.100275 0.31295434 1.0
-803.0403173561857 234.59733733361193 0.43721 0.224933 0.2758896 1.0
-889.9716364832472 265.0290874771414 -0.24292 0.158438 0.32259667 1.0
-836.1127152700715 265.2905311967205 0.371173 -0.137826 0.30178532 1.0
-626.3173522129902 199.8210695065071 -0.064867 -0.153035 0.20601532 1.0
-844.5375891091368 313.6171911948485 -0.07267 -0.022351 0.33857796 1.0
-748.881628917264 266.6282818605356 -0.251525 -0.230814 0.26581916 1.0
-745.8512409647643 265.2843082617549 -0.21431 -0.643462 0.26317894 1.0
-561.6554146968066 212.4368117537264 0.455421 -0.099918 0.188809 1.0
-669.4552099911139 205.88643241738353 0.227047 0.287793 0.30373743 1.0
-728.2559253625294 230.24468164186794 0.310124 0.029359 0.34884712 1.0
-542.8505508872488 172.3610171298459 -0.336337 0.107455 0.22563213 1.0
-530.3135553130784 169.4377296251511 -0.043193 -0.017231 0.22048381 1.0
-750.6857215155076 240.35484350055447 0.037614 0.272647 0.35804966 1.0
-453.85028236874234 129.13180410552326 0.055729 0.004075 0.16785823 1.0
-568.0936434231478 162.22761255281858 0.260652 -0.00099 0.22221228 1.0
-648.5997471403649 186.14864237958136 -0.270826 -0.217422 0.26662433 1.0
-727.0783819071288 242.96893190650468 0.202989 -0.310495 0.3462365 1.0
-502.26854077299356 172.55537278883725 -999.0 -999.0 0.2104635 1.0
-483.67222399431313 171.84244752534374 -999.0 -999.0 0.20339233 1.0
-509.4444662632839 141.18287036673144 -0.24048 -0.061977 0.18677199 1.0
-504.086998672753 142.70647009037353 -999.0 -999.0 0.18540731 1.0
-780.8407980406366 221.01589956271457 -999.0 -999.0 0.33658546 1.0
-492.8584971703925 167.8849446719581 -0.522762 0.370732 0.20045276 1.0
-736.3574414840404 255.64079708990243 0.103366 0.215366 0.3519376 1.0
-491.98568149071536 173.27638831671402 -0.045266 -0.083089 0.20314893 1.0
-537.9184882362525 190.46703628694002 0.280798 0.10083 0.22854266 1.0
-729.0082487089173 205.5759080145353 -999.0 -999.0 0.29811338 1.0
-684.2448875670266 233.52385173068618 0.243504 0.064126 0.30363742 1.0
-713.5015517157887 249.9017632065691 0.720601 0.180232 0.32776937 1.0
-702.2343117383923 209.83300790754416 -999.0 -999.0 0.31702408 1.0
-683.8195570736762 206.33704885064168 -999.0 -999.0 0.30626145 1.0
-685.7773913311617 212.07767817014215 -999.0 -999.0 0.31015965 1.0
-577.2036032202155 173.58574535586757 -999.0 -999.0 0.2363445 1.0
-724.5807854467643 233.27655132450056 -0.15553 0.167558 0.3375058 1.0
-617.5448706681248 202.5893948233127 0.03878 -0.032401 0.27141792 1.0
-724.2437338216554 241.79923557104925 0.118672 0.102488 0.34403476 1.0
-654.2605304661112 219.81802119103133 -0.16134 -0.178743 0.29907498 1.0
-411.54988328148664 141.49296524168022 -0.044248 -0.471682 0.16557562 1.0
-737.76651978102 241.86400317417818 0.030138 -0.291788 0.34474343 1.0
-702.9026049351613 234.54513892932087 -0.067926 0.255674 0.32310963 1.0
-575.1094184764221 172.79619343825226 0.327287 -0.078764 0.22475232 1.0
-571.040625741619 206.04557040104308 0.094032 -0.105883 0.2495766 1.0
-536.9003438431384 148.2851073633373 -0.223084 -0.035032 0.19465655 1.0
-670.6936084143774 196.3916354991732 -0.203075 0.134756 0.2665283 1.0
-583.341058315417 210.53464778346446 0.152493 0.049869 0.24999744 1.0
-587.1266587771796 173.1796175327302 -0.005519 -0.269537 0.22029014 1.0
-616.8088389273724 187.4129342888071 -0.021181 -0.045924 0.23804826 1.0
-802.1372416878149 245.44051898087793 -0.17807 -0.199158 0.34491596 1.0
-738.6306939197445 227.62416227846128 -0.031628 -0.111585 0.306497 1.0
-768.095259858975 252.91489068149122 0.161173 0.118622 0.33954543 1.0
-727.3268605145796 256.57293368200243 0.355684 -0.094998 0.32835633 1.0
-828.0463666661593 227.00460445625228 -0.198683 0.363487 0.33540258 1.0
-618.0353576091641 173.31483947854687 0.216933 0.02251 0.22581668 1.0
-813.0591268194297 246.72769363754932 -0.100896 0.105667 0.3459718 1.0
-754.2383162082599 229.13938693376505 -999.0 -999.0 0.30683935 1.0
-449.17865199959897 162.4859096511795 0.264979 0.010483 0.17177635 1.0
-552.4477206766834 202.59506107524217 -0.055936 -0.137562 0.22571598 1.0
-710.6401601248882 266.1836688633267 -0.018329 0.110879 0.32382593 1.0
-682.0068007733585 256.2209426463028 0.209446 0.153068 0.3068878 1.0
-681.0613459315736 260.0837569789265 0.129209 0.10182 0.30813897 1.0
-785.7973081432561 215.0020320113639 -0.009634 -0.013856 0.30195424 1.0
-796.2128555487963 223.32816217224027 0.04388 0.115182 0.31208792 1.0
-616.7797892064177 182.30899642702354 -999.0 -999.0 0.225 1.0
-612.8473971637667 183.057675044373 -0.015604 -0.064832 0.22439374 1.0
-774.3939178160798 238.9886072568917 0.105424 -0.011825 0.31450015 1.0
-673.8970495766793 221.3417596481248 0.021564 0.136593 0.26919082 1.0
-806.249232603931 267.28042209397046 0.189304 -0.155639 0.34877604 1.0
-804.7900963861705 266.16373288582486 -0.258479 0.420332 0.3482744 1.0
-616.47591882389 218.7371234758107 -0.274814 0.072015 0.2489548 1.0
-611.0457371600713 219.91076654943217 -0.175964 -0.008785 0.2488108 1.0
-585.0651771821638 220.28010104681974 -0.214922 -0.000566 0.24165612 1.0
-737.3328109367643 203.4932884657463 -0.038588 0.033229 0.2737705 1.0
-519.0480186502858 157.19013330697453 -0.022577 -0.350229 0.17993267 1.0
-687.2769282563768 224.5766926899078 -0.254578 -0.072542 0.26925468 1.0
-610.5253478959937 228.30649082578657 -0.038866 -0.246717 0.24816523 1.0
-564.7445674116718 151.3379372117038 -0.063822 0.007242 0.18537106 1.0
-677.4464666349637 207.4604728323526 -0.335603 0.037342 0.24811733 1.0
-679.1891311159702 225.987666401459 -0.324813 -0.153585 0.26095212 1.0
-809.0740291666604 279.8539695317669 -0.078106 -0.012645 0.3454852 1.0
-658.1311174091866 231.23035010923073 -0.153431 -0.241002 0.25996867 1.0
-568.8890404082085 205.25402775408537 -0.032129 -0.026556 0.21771257 1.0
-537.9826336614069 196.17978345354447 0.470045 -0.358778 0.20252022 1.0
-603.3308187329571 220.1456835352719 -0.082343 -0.131711 0.23656255 1.0
-771.7303395526324 289.8826703876294 -0.592037 0.12081 0.34207746 1.0
-550.687919897007 162.5665841816255 0.025956 -0.285764 0.20539942 1.0
-439.7249052245831 151.8238009893933 -0.020429 0.006721 0.1679824 1.0
-506.8931434689047 192.28595798716637 0.251551 -0.207986 0.21312833 1.0
-772.6731916560348 204.5469298531377 0.290585 -0.185644 0.30366468 1.0
-608.9076052194014 170.58979964054595 0.236788 -0.112278 0.22399674 1.0
-807.4452540944836 245.57667540949194 0.082611 -0.11251 0.34508955 1.0
-739.9494059881324 229.7033403966664 -999.0 -999.0 0.30724126 1.0
-533.5874725784006 180.42651930851846 0.237788 -0.332708 0.20683359 1.0
-548.6455089256579 201.5386464170455 0.18512 -0.029636 0.22652529 1.0
-722.7774176229221 200.25274555944065 0.262226 0.279834 0.273683 1.0
-625.9908688809026 196.95393839173488 0.144205 0.536649 0.23858432 1.0
-827.9251207450578 260.58755719487175 -0.003285 -0.212489 0.35659125 1.0
-820.7972675632717 258.9483193957794 0.00972 0.028687 0.35465243 1.0
-826.656248658995 261.1956591294836 0.311676 0.042334 0.35769215 1.0
-471.32667568545514 152.49666023697404 -0.277813 0.368256 0.16918819 1.0
-832.2915639732072 247.08871906275218 -0.106972 0.209183 0.34130266 1.0
-792.4896589562802 246.90766878308557 0.125784 0.039008 0.32439134 1.0
-635.0829691001753 216.0840453585624 -0.17514 -0.314306 0.2503876 1.0
-552.7927416997397 198.30923893162586 0.15948 0.147643 0.21499532 1.0
-519.2518606457987 189.1775919588619 -0.03494 -0.048973 0.2012556 1.0
-534.0420280498688 205.34436489304738 0.116965 -0.193506 0.21519418 1.0
-541.416697954431 150.87636458350366 0.425329 -0.180106 0.18103741 1.0
-757.1790000576339 215.3313371195884 0.318222 -0.002229 0.2844569 1.0
-758.0583433999825 215.93232331963216 0.239853 -0.35771 0.28419483 1.0
-845.2437041407733 240.9888789444029 -0.255946 0.042409 0.33333695 1.0
-843.2544056252499 240.97378129135717 -0.001732 0.025895 0.33164707 1.0
-853.5828358554422 246.00202559746842 -0.183549 -0.249642 0.33817843 1.0
-656.0905753586924 190.10779702401362 0.081798 -0.286016 0.23577252 1.0
-816.7596668203856 253.25276097970612 0.186068 -0.016479 0.3283822 1.0
-684.3912947037251 219.09182573067432 0.180754 0.125196 0.26099744 1.0
-759.1114731860881 243.26216671269725 0.012435 -0.007549 0.3022902 1.0
-577.57395495755 189.56073247035653 0.650449 -0.194678 0.21191777 1.0
-579.1910144121072 194.369261408644 0.136302 0.008566 0.21504052 1.0
-776.1221055064877 277.70615905263077 0.04935 0.039739 0.33433667 1.0
-774.9299247733366 277.92454564672414 -0.210535 -0.24458 0.3361776 1.0
-566.5042157036019 207.16462319781408 -0.147046 -0.123105 0.21979462 1.0
-612.1229176537133 193.27066552173363 0.180409 0.011298 0.2194961 1.0
-784.7980964618124 256.16005616205376 -0.101882 0.231161 0.31190255 1.0
-669.9100689729257 221.02399811830585 0.109362 0.518894 0.25154808 1.0
-803.4907094937396 286.39897404180533 0.163955 0.290406 0.34249082 1.0
-801.2190791258896 285.86796939615425 -0.097856 0.147894 0.34165692 1.0
-797.9777480853652 286.64526692753657 -0.14625 0.054507 0.34187084 1.0
-797.4567875882395 288.69614009975317 -0.015398 0.197033 0.34499264 1.0
-616.7937536627489 225.0796678511024 -0.131213 -0.014533 0.24062681 1.0
-766.8995372821367 291.74486379251437 -0.224812 0.118108 0.33903596 1.0
-662.3672278724653 252.78004057121146 0.060218 -0.024016 0.30458865 1.0
