X Y e1 e2 Z WEIGHT_SEEING
283.2908314936898 -314.25521866267314 0.021448 0.074483 0.2735188 1.0
383.69318543047376 -338.3850666116322 0.285441 0.552708 0.3029987 1.0
244.56320711005594 -237.01511778658576 -999.0 -999.0 0.19183983 1.0
364.257855853059 -340.28899091884784 -999.0 -999.0 0.31273958 1.0
332.2420911848553 -295.9727012161753 0.221881 0.179001 0.25635716 1.0
319.8214502697183 -301.02433949311114 -999.0 -999.0 0.268611 1.0
298.995778738229 -272.8684858582145 -0.057003 0.042023 0.2356571 1.0
395.04859096747515 -349.5121305811985 0.086838 0.167042 0.33382413 1.0
368.3489623768055 -313.62109288391173 0.495752 0.208136 0.2833586 1.0
289.23952994788635 -290.29246132715286 0.411401 -0.192416 0.2595629 1.0
343.50218344668866 -316.4210558715254 0.279435 0.009288 0.29498467 1.0
386.8565728810804 -356.0347104209614 0.465883 -0.146235 0.34799966 1.0
382.9417915391889 -320.9143649929679 -0.002624 0.046146 0.30094174 1.0
391.08339573401855 -322.6227890071487 -0.052444 0.009593 0.3021114 1.0
278.59994143863037 -286.54150292570085 -0.05616 0.078389 0.26134706 1.0
366.16924466886167 -301.285465343143 0.214002 0.050705 0.2792953 1.0
359.0142667679148 -289.96764644266347 0.099728 -0.188138 0.26456317 1.0
407.568312481022 -327.27464486234146 0.220829 -0.401541 0.3139753 1.0
380.74813258354726 -304.51508409093435 -0.050931 -0.020408 0.28316385 1.0
394.1302544675908 -339.29578234683044 0.153855 0.262023 0.33919784 1.0
318.57599716400836 -335.6880314400531 0.382171 0.721293 0.3026453 1.0
409.93921693507184 -375.5361745724481 0.154098 0.320875 0.35983768 1.0
398.33734918705886 -358.9183121620446 0.171323 -0.008718 0.33501118 1.0
435.24896653124387 -374.46572580831696 0.072718 0.37838 0.35684094 1.0
301.1500199184196 -323.3545406538516 0.036636 0.180838 0.2921992 1.0
305.5669409063504 -306.6623273031442 -0.275511 0.438106 0.2721973 1.0
347.92042577599966 -342.99145303850787 -0.190602 0.625024 0.3196503 1.0
356.5228900367447 -331.6346927784781 -0.06684 -0.279698 0.30456933 1.0
339.27774244645 -329.68122897302277 -0.172061 0.253144 0.30796385 1.0
358.65475181166755 -338.7013708340914 0.44055 -0.329163 0.32149994 1.0
360.38575117841503 -339.6600492082993 -0.150506 0.236763 0.3205358 1.0
346.73238104041377 -309.00057023716903 -0.25559 -0.150598 0.2819869 1.0
266.2921772377089 -224.16624804348504 -0.19406 -0.188718 0.18335955 1.0
386.2115093449901 -318.09730283960334 -0.129537 0.061714 0.29290152 1.0
434.10918913465 -356.40816660124864 0.483347 0.036568 0.34505132 1.0
358.6109543981065 -353.13340540333417 -0.176307 0.054919 0.34834746 1.0
351.1359489149517 -345.5284906445201 0.071766 0.214175 0.33748767 1.0
361.708025723089 -352.28981805815664 0.537965 -0.018272 0.3484642 1.0
361.53136327794925 -336.32040987335625 -999.0 -999.0 0.32260382 1.0
365.7259192090281 -337.52849042020665 0.217432 0.058062 0.32495186 1.0
368.56271955237537 -336.85631871312484 -0.019777 0.147223 0.32612514 1.0
425.30533183114204 -350.4108766302589 0.319315 -0.06809 0.34566623 1.0
282.790383291721 -285.6638106801604 -0.600789 -0.127767 0.26250958 1.0
299.8877535485156 -300.5338698556731 -0.034635 0.027758 0.28293702 1.0
378.9251411703769 -342.8121467031711 -999.0 -999.0 0.3412693 1.0
370.27522098681874 -329.5014345915338 0.297936 0.183341 0.32100648 1.0
379.9098844700676 -328.78842827368425 0.373221 0.17381 0.32164255 1.0
413.2685484784031 -330.4183163332945 -0.001852 -0.033192 0.3211668 1.0
307.7282060362838 -304.48413544534833 0.02716 0.008903 0.29484248 1.0
323.8711042032653 -300.68795311833634 0.313065 0.220933 0.28884894 1.0
405.79555945911846 -329.6432520859171 0.182949 -0.13408 0.3293456 1.0
339.4861617460435 -309.0840900811933 -0.170218 0.222455 0.30613175 1.0
283.6481450167117 -241.16363071703154 0.560076 -0.125891 0.21794312 1.0
341.3884576988607 -289.0465177724684 0.080427 -0.178874 0.27711457 1.0
372.0912382881401 -300.9387770373413 -0.658591 -0.252678 0.29558697 1.0
324.15861096593443 -308.9695062733803 -0.376008 -0.594033 0.3131246 1.0
321.10780074833974 -303.5963175840758 0.050934 0.123639 0.3055122 1.0
401.9254085164541 -326.94478001847534 -0.277155 0.175978 0.33947024 1.0
401.6851385665466 -325.4765902038644 -0.368267 -0.001118 0.33651 1.0
355.75254430713045 -313.19066719660833 0.18325 0.258076 0.3285899 1.0
397.9487974245079 -329.19588325472915 0.341873 -0.045736 0.35369107 1.0
396.29146166474357 -328.3076022636805 -0.178589 0.269724 0.35255194 1.0
419.37891422159885 -324.1966294139836 0.256557 0.045835 0.34538186 1.0
347.28012469412255 -291.4614163894209 -0.160303 -0.636481 0.30247164 1.0
360.3037628566011 -290.07123104700787 -0.04707 0.208294 0.29878998 1.0
367.9197613728361 -282.5049277964208 0.240144 -0.317502 0.28699014 1.0
417.47253565645445 -311.0171643496252 -0.027152 -0.083952 0.3286106 1.0
349.40621486222113 -308.78113480835054 -0.349251 -0.013571 0.295747 1.0
321.3014278128325 -290.23997844034574 0.080892 0.147182 0.27818224 1.0
323.1526318068573 -292.0487345977632 -0.047178 0.178236 0.28031024 1.0
344.96908775999407 -306.40444277996363 -0.233032 -0.003235 0.30129814 1.0
344.3281442754692 -301.41342954839115 -0.018954 0.132361 0.2920828 1.0
405.95763987248927 -328.1185102251975 -0.24455 0.268726 0.3304843 1.0
420.18434702482637 -327.16191745930786 -0.193287 -0.061629 0.3267731 1.0
321.81735151624724 -304.1143088481253 -0.043386 0.123439 0.3035117 1.0
362.11734726872174 -338.71521601709634 -0.071115 -0.085884 0.35652617 1.0
312.6008508285121 -287.70437337365496 -0.122502 0.321281 0.27942726 1.0
345.10992810093654 -310.9182714630606 -0.058609 0.221117 0.3144852 1.0
372.3912079447205 -313.92310260368527 0.094504 0.264259 0.31689304 1.0
374.02680097663 -315.0896877208597 -0.193551 0.371105 0.31861538 1.0
333.80720005465935 -278.86053226872366 0.103762 -0.138263 0.27466378 1.0
380.20715720236484 -302.9942201356038 0.040909 -0.237627 0.3064862 1.0
347.8739596750191 -310.13385647877584 0.428281 0.163735 0.32804516 1.0
355.18755926996306 -292.4994243913348 -0.347154 0.217739 0.30054733 1.0
364.35021026134217 -293.0393431448686 -0.07498 -0.020942 0.29948893 1.0
380.3808444102719 -289.5135700831577 -0.064308 0.560461 0.29557315 1.0
392.7691709580945 -293.4080765248017 -0.162142 0.137232 0.29997164 1.0
336.1215563367299 -266.7685613150569 -0.087003 0.1935 0.27000543 1.0
303.6522946532717 -360.55781206417157 0.31217 0.029232 0.3006332 1.0
285.9616057015216 -336.42158389673176 0.092998 -0.078906 0.27823946 1.0
305.64139711966243 -349.7231071267039 -0.211932 0.013698 0.29386485 1.0
322.14067633149256 -358.71895645846035 0.134561 0.105948 0.30312198 1.0
308.1178084702487 -356.9918155881642 -0.372055 0.155711 0.3060635 1.0
274.75013762715946 -311.4896789966574 -0.189279 0.264551 0.25860244 1.0
308.70880546115177 -339.45785247995144 -999.0 -999.0 0.29264823 1.0
287.7739717356569 -320.5692892980743 -0.420493 -0.566623 0.273192 1.0
270.20352818815707 -319.28814286995885 -999.0 -999.0 0.2561089 1.0
337.98156333110666 -348.4165893300429 0.099637 0.229323 0.29001814 1.0
364.9906272167069 -367.99264758845436 0.483111 0.167993 0.3145891 1.0
352.9284497709758 -348.26871097316047 -999.0 -999.0 0.29005057 1.0
343.728303057619 -332.009106694092 -999.0 -999.0 0.27058828 1.0
410.6514333842363 -387.1730991719711 -999.0 -999.0 0.33960295 1.0
346.32296931591446 -326.2927051972228 -999.0 -999.0 0.264508 1.0
315.1585029627896 -357.0109515435566 -0.096933 -0.554393 0.30580625 1.0
306.42854039313397 -345.3752133917273 -0.096113 -0.042066 0.2916557 1.0
311.58151943253444 -329.32669816985754 0.370862 0.020488 0.27107054 1.0
357.5719781106547 -344.3481687525224 -0.060325 0.204637 0.29058778 1.0
410.22433968621016 -382.06773948286764 -999.0 -999.0 0.3373027 1.0
399.7785784157177 -362.6496911874051 -0.333985 0.337557 0.31265303 1.0
331.5664099352518 -384.4523709561174 0.169889 -0.212456 0.34512243 1.0
314.5624587693053 -351.98772134368846 -999.0 -999.0 0.3053233 1.0
388.8575517073112 -389.8056331995093 -0.053431 -0.034418 0.35625196 1.0
366.33785846009295 -341.9594241837706 0.062229 0.176368 0.29267266 1.0
296.42305201893413 -273.7726412254978 0.121112 0.060441 0.2171727 1.0
398.281179831479 -382.31422078016806 0.320546 0.442207 0.35102677 1.0
314.64735954658147 -343.50044349081395 0.200325 0.146208 0.3043055 1.0
375.64411392650396 -353.8548524014061 -0.395128 -0.151903 0.32135895 1.0
363.59777376950564 -327.3871935268241 0.312189 0.303244 0.28720683 1.0
429.5509893322836 -380.9961107803983 -0.118468 0.088139 0.3585378 1.0
396.57259653643337 -348.9455346717146 -0.084662 -0.048922 0.31478062 1.0
319.28933010329564 -345.03935749488136 0.346485 0.024009 0.28667128 1.0
354.6839378484244 -346.4024113471733 0.223977 -0.572031 0.2897123 1.0
362.25623021463474 -340.17272177669383 -999.0 -999.0 0.28307897 1.0
353.38310304757556 -379.1077773791078 0.054834 0.002446 0.33590856 1.0
324.2871127199708 -332.38059965038934 -0.141263 0.167465 0.27874103 1.0
349.0066042038262 -340.3954967430541 -0.078241 0.278868 0.2885331 1.0
355.2235109345528 -343.3218781910617 0.126111 -0.119675 0.2934334 1.0
336.32428512721407 -320.026806235928 -0.189916 0.029692 0.26526493 1.0
393.32372957210447 -371.7792302057475 -0.025908 0.155595 0.32695606 1.0
366.38998114403734 -344.5896251863952 0.198638 0.28998 0.29264727 1.0
310.51013385189634 -327.3608229836563 -0.009308 0.150026 0.27775615 1.0
342.29633998444666 -354.6617266490817 0.02785 0.157259 0.31834355 1.0
384.0648646711382 -382.35845078419123 -0.004801 -0.129209 0.35689038 1.0
346.38144460114006 -325.168527643326 -0.163327 -0.354424 0.28034666 1.0
363.47640936284887 -329.2892853685488 -0.376386 -0.064128 0.28576106 1.0
322.20042101154166 -336.3875402692924 -0.189441 -0.036816 0.2995369 1.0
359.3530912448088 -333.92087986472023 0.292698 0.392707 0.2986695 1.0
230.23909766081832 -224.53065596874606 -0.025316 0.000902 0.17693226 1.0
303.78138181982433 -274.09986075001467 0.384639 0.030227 0.22812362 1.0
322.26670998548315 -289.2888023209815 -0.249748 0.260533 0.24448149 1.0
362.87599351312116 -323.62472216776 0.314969 0.361575 0.285885 1.0
363.7512783407134 -325.0919604224006 -0.000262 -0.176813 0.28586492 1.0
363.30662517073915 -324.4178111470622 -0.535091 -0.164221 0.28635854 1.0
432.1838357810039 -376.91514913827757 0.330488 0.191671 0.35856965 1.0
410.39228007101383 -356.9883880442457 0.027468 -0.256753 0.33019373 1.0
411.6522693735145 -354.37952564237173 0.408308 -0.385969 0.32442072 1.0
217.48143267045808 -232.11916289051504 0.094614 0.289311 0.186617 1.0
318.89296398904685 -333.8935952903731 0.080386 -0.168255 0.30336973 1.0
245.17719644486527 -237.49086709707612 -999.0 -999.0 0.1923152 1.0
346.2072200294549 -321.5946307875433 -0.342657 0.116334 0.28903696 1.0
283.1688646184912 -261.24798683987467 0.248603 -0.049273 0.21815719 1.0
385.804935579302 -355.8135763730421 0.043599 -0.217103 0.3349745 1.0
327.88380672983453 -297.6952752507756 -0.008652 0.15515 0.2588204 1.0
329.76363780535985 -295.4382968837679 0.117131 0.080148 0.25738975 1.0
303.23327495799543 -271.9438524962599 0.159641 0.097495 0.22861904 1.0
357.4804827080629 -318.0414891748588 0.049599 -0.090603 0.2833726 1.0
336.1346923914347 -295.6427496565308 0.03483 -0.20663 0.25668386 1.0
297.00383894640584 -258.68446357963415 0.093781 -0.162 0.21506831 1.0
319.51746391134964 -329.0274060203141 -0.08218 0.465994 0.30420336 1.0
371.0559650732991 -367.2954894868757 -0.196345 0.255025 0.35750583 1.0
375.6400026302959 -368.038525179713 -999.0 -999.0 0.35758838 1.0
228.57540346902698 -215.9528253145464 -999.0 -999.0 0.17403512 1.0
352.61250285871154 -330.6639193232672 0.307036 -0.172487 0.30695334 1.0
393.9246806401617 -364.46656614912365 0.101534 -0.098899 0.35563153 1.0
379.6019632670396 -350.8888827640757 -0.062201 0.204641 0.33525217 1.0
220.9777251615017 -203.81555554209118 0.168266 -0.116315 0.16266064 1.0
357.869694940236 -330.7834791839136 0.067149 0.102216 0.30636752 1.0
397.7415857424488 -364.6862011039701 0.029464 0.208427 0.3560532 1.0
299.45242202029766 -258.19123147663856 -0.184878 -0.175497 0.2187005 1.0
399.9137067475532 -345.5696781417363 -0.504735 -0.075192 0.32641286 1.0
410.2390006474849 -351.7269920920897 0.014013 -0.116115 0.33643812 1.0
332.76791755825394 -283.5561409530853 -0.152716 -0.069853 0.24698146 1.0
436.4969677935547 -368.02762442535163 -0.239858 0.526727 0.3581012 1.0
380.53840900952184 -316.32012469709105 -0.307393 0.260114 0.28726438 1.0
329.81945583605795 -348.27512379510296 -0.191067 -0.135994 0.33777937 1.0
217.6674702428815 -225.5337558384165 -0.153919 -0.081144 0.18669957 1.0
285.6266472966767 -287.14016911234825 0.177547 -0.317024 0.25722805 1.0
364.2670194318324 -362.5229764208781 0.054717 0.07455 0.35805592 1.0
361.50259580772456 -359.6906982815462 0.042918 -0.268689 0.3537809 1.0
362.8552264073543 -352.97768750719706 -0.316717 0.078532 0.3462196 1.0
372.90050273714803 -359.78044152952975 -0.205923 -0.002298 0.35495377 1.0
316.9003669175523 -303.22220320726774 0.234636 0.177076 0.2775667 1.0
361.1132340597793 -339.3372432657602 -999.0 -999.0 0.32379773 1.0
359.56194956952606 -336.1774192042868 -999.0 -999.0 0.3215471 1.0
362.5234115430973 -337.32377677083855 -0.076346 -0.128726 0.32262662 1.0
366.74594643251015 -338.78069622544814 -0.243381 0.021222 0.32582366 1.0
409.1043910729438 -348.10670514905036 0.218423 0.328812 0.3373814 1.0
263.92114361472375 -218.81589598835149 -0.050475 0.134338 0.1794657 1.0
428.71156628248593 -352.58112529178595 0.106195 0.148241 0.3456432 1.0
257.6131678425375 -209.01594415973295 -0.237425 -0.074549 0.17072758 1.0
206.89514595873652 -213.16088941400386 0.433592 -0.036722 0.1783762 1.0
283.56774353945497 -288.5820168091776 0.42565 0.115218 0.263446 1.0
363.4036353691759 -350.2979509230579 0.171984 0.182875 0.35028985 1.0
217.62233682308326 -202.99849751598455 -999.0 -999.0 0.16716321 1.0
254.4065812513187 -231.8478998445687 -0.169512 -0.13224 0.19767119 1.0
262.5561692627303 -237.4019692973188 0.217033 -0.433623 0.20365946 1.0
298.0496357483057 -253.66424912294303 -0.364736 0.0633 0.22225922 1.0
369.6503123977252 -301.5210172358753 -0.385868 -0.130548 0.2796753 1.0
412.46732022214655 -330.9060626404756 0.033882 -0.10587 0.32118258 1.0
260.8347460686201 -260.2596305476244 -0.011684 -0.082885 0.23351988 1.0
290.1016018382322 -286.1822803142996 -0.002739 0.130503 0.26485395 1.0
290.90849763326753 -287.25062312124703 0.303461 -0.338721 0.26710713 1.0
289.2132143684046 -285.2495006470542 0.004269 -0.12206 0.26385644 1.0
360.7835132440423 -351.2518611908525 0.175574 0.20005 0.35700804 1.0
216.43575714566256 -205.67952540521657 -0.052301 -0.290547 0.17287023 1.0
356.4913793992786 -334.01386968826193 -0.231508 -0.339532 0.3306162 1.0
377.6443310813803 -327.59407648887753 0.290662 0.116453 0.32248 1.0
279.51416377576606 -242.4771510333512 -0.091276 -0.009431 0.21222866 1.0
404.6084413160671 -338.89366829286513 -0.022627 -0.011957 0.33957994 1.0
417.07853596433955 -348.8237104062053 0.054581 0.093432 0.3538354 1.0
345.8547988334981 -280.65567065847404 0.107407 0.120114 0.25967923 1.0
394.4850746700446 -318.992168173465 -0.011019 0.140774 0.31154487 1.0
398.23328516691276 -321.4688304025876 0.091935 0.161482 0.312719 1.0
400.63719750197885 -321.9712990965704 0.129529 -0.366546 0.31471285 1.0
286.8467683385492 -315.3007113730073 -0.26298 0.028953 0.27873552 1.0
344.67932435884313 -370.7835681434598 0.238374 0.252182 0.35227153 1.0
256.14239161875804 -271.5921289758426 0.107004 0.166225 0.22614536 1.0
224.3286985663446 -232.14766389373742 0.128008 0.071158 0.18482064 1.0
249.87002435429704 -247.6545689561866 -0.125113 -0.320248 0.20082113 1.0
261.1811346645726 -251.99017105992917 -0.066406 0.116706 0.20495553 1.0
366.99183538699623 -346.916935176651 0.227471 -0.146385 0.31689882 1.0
382.7553176426236 -356.670830891213 0.112388 -0.131614 0.33013135 1.0
403.9160842987811 -375.32694360148014 -0.042897 0.177135 0.35741013 1.0
323.6435225843279 -290.560883618876 -0.233961 0.137742 0.24908465 1.0
295.2004999647748 -264.54898579156287 0.170594 0.161023 0.21881093 1.0
410.4876801144309 -366.58031942857417 0.085668 -0.048311 0.34715647 1.0
293.9442731043235 -262.10414876049146 0.354628 0.372459 0.2158875 1.0
359.51154956203357 -317.9388574764487 0.112377 0.150846 0.28197128 1.0
374.24128755052504 -325.6500107812121 0.219017 -0.075937 0.2915762 1.0
367.75759965232993 -321.6085143655756 0.272544 0.134931 0.28483978 1.0
302.93279689046557 -263.4242069608457 -0.178791 -0.046777 0.21730532 1.0
302.8910253517378 -261.9633449238816 -0.260481 0.071278 0.21660796 1.0
410.0581333940126 -350.5520894634813 0.198085 0.174427 0.32353097 1.0
255.84564074472564 -277.7808015513009 -0.356167 -0.14003 0.23900117 1.0
347.83631473321526 -371.020877565095 -0.339258 0.266487 0.3597513 1.0
350.9436458861519 -370.5535670169005 0.031134 0.240364 0.3598431 1.0
348.16115130751996 -344.2700313693651 -0.078988 -0.154546 0.3203343 1.0
323.8102177498587 -311.8058271845653 -0.212171 0.252104 0.2784952 1.0
244.9494279761594 -235.05198469322107 -0.000954 0.228207 0.19118716 1.0
357.3466670357355 -332.5493736479027 -0.121986 -0.130318 0.3063937 1.0
368.65205455583845 -343.2363037959321 -0.3214 -0.026472 0.32039124 1.0
373.40025742495794 -344.5393540005053 -999.0 -999.0 0.3200764 1.0
329.18780502797676 -292.47273888005714 -0.280436 0.006951 0.25485045 1.0
401.62635166164875 -346.07244606606554 0.158296 -0.245462 0.32520482 1.0
259.606393719464 -223.7728013535358 -999.0 -999.0 0.18008095 1.0
383.5676472178831 -327.2571821970404 -0.025333 0.154025 0.29762763 1.0
387.56050735982876 -321.1345654309589 -0.270522 -0.026008 0.2907142 1.0
217.04683950507118 -220.67181935967562 -999.0 -999.0 0.18099093 1.0
366.6609357435534 -363.6438822220232 0.058228 0.378149 0.3559397 1.0
357.73250531607584 -341.16487738789994 0.041901 0.104463 0.32341814 1.0
358.70541161391844 -335.7883516023543 0.187983 -0.252803 0.31668943 1.0
363.5669677316422 -338.6606526398453 0.039908 -0.005858 0.3218266 1.0
245.54942163823122 -225.07515202972314 -0.136095 0.089083 0.18449666 1.0
290.10602012159165 -257.3161973001045 -999.0 -999.0 0.22010255 1.0
412.16095472040496 -353.86637339968087 -0.311694 -0.133767 0.3407025 1.0
365.0385601644014 -311.35996662102053 0.087957 -0.265625 0.285207 1.0
389.6404940374066 -323.7373276826247 0.149438 0.078894 0.3016925 1.0
434.72054978121383 -357.64444198023097 -999.0 -999.0 0.34643927 1.0
280.26163145306015 -288.63700135030837 -0.196806 0.067513 0.26192242 1.0
358.30413512477816 -346.5158982448911 0.043069 0.186528 0.3394732 1.0
316.4847396126928 -302.60319792055617 -0.296529 0.073879 0.27722207 1.0
346.8615154441535 -312.4838537334552 -0.057559 -0.214559 0.29005817 1.0
355.57042887928725 -310.17541618975633 0.406225 0.199728 0.28968662 1.0
365.325072246229 -306.5968660530806 -999.0 -999.0 0.2827761 1.0
346.5525438881964 -284.9052752637861 -0.111009 0.255285 0.25589347 1.0
266.805218769196 -215.41230671396377 -0.129552 0.100747 0.17840314 1.0
386.40749214016654 -312.46065175061756 0.187931 -0.095533 0.2912486 1.0
290.3777793566541 -287.8339741207372 0.277768 -0.076139 0.26502377 1.0
213.846292681169 -207.7756119410604 -0.221306 -0.287943 0.17398877 1.0
358.81741415143284 -343.567631401785 0.142208 0.030668 0.34312811 1.0
359.1885047486825 -344.6745095318268 0.080774 0.005653 0.34342837 1.0
294.1043321781629 -280.984128906068 0.104454 -0.301306 0.256609 1.0
368.7797034355038 -346.7151564206599 -0.223024 0.535864 0.34506205 1.0
347.9575535311631 -310.85781186670914 0.087625 -0.08783 0.29516897 1.0
348.56508447847807 -311.3982207490189 0.050097 -0.24801 0.29589167 1.0
377.40172470070416 -337.6100419558144 -0.241062 0.121197 0.3332606 1.0
378.4158949010465 -337.1758194459073 -0.415169 0.122957 0.33275655 1.0
382.9930899977949 -338.87310702293274 -0.209657 -0.211378 0.33498564 1.0
380.7981751344852 -330.1118160520208 -0.170234 -0.121062 0.3236001 1.0
380.0965575116102 -328.9276362873427 0.120004 -0.131776 0.32203484 1.0
349.2493910334335 -282.75218381969364 0.122451 -0.101461 0.25940546 1.0
350.0307473032462 -283.04839664015 -0.165391 -0.246644 0.25900108 1.0
288.33120408546887 -283.13285097447675 0.299618 0.183758 0.2633981 1.0
201.90797083413983 -196.20317124664814 -0.028423 0.043861 0.16458347 1.0
366.3940683993072 -349.67016125923806 0.104235 0.044805 0.35849163 1.0
312.55048584574286 -307.88377598246734 -0.01612 0.199405 0.29839045 1.0
288.4813783601814 -274.9442787755026 -0.264284 0.285292 0.25398067 1.0
339.664168745694 -320.689971208537 -0.251474 -0.073441 0.3187181 1.0
214.1775335420416 -200.07823005576395 -0.270385 0.07522 0.16971831 1.0
346.3090247439896 -319.9863454239509 -0.00432 0.096901 0.31469682 1.0
349.33366670983713 -312.55868623118613 0.03728 0.276116 0.30425182 1.0
345.1820062343303 -303.4489730879096 -0.252159 0.052865 0.29130107 1.0
387.9709376575724 -340.37128243403015 -0.199711 -0.076609 0.34494615 1.0
372.2241840042035 -322.94649337983725 -0.376649 -0.125806 0.31930208 1.0
395.3008500024328 -334.7655814009864 -0.086817 -0.059505 0.33593124 1.0
405.6804450919489 -337.7050286200539 -0.055278 0.470437 0.3397322 1.0
301.45782319163897 -249.09439045391412 0.212486 -0.027196 0.22240232 1.0
423.74215435982217 -339.3691562771643 0.069596 -0.227153 0.34281868 1.0
205.36993985719957 -204.00613960610713 0.442129 -0.193843 0.17720497 1.0
206.49617719377898 -204.93167798697763 -0.113616 -0.027901 0.17787772 1.0
287.4411202660867 -265.6961869641009 0.127113 -0.157865 0.25007343 1.0
257.80061495210686 -238.26484484376357 0.097272 0.159377 0.21442658 1.0
238.3098598282093 -218.09282445108855 -0.06304 0.011563 0.19211891 1.0
344.53606963487204 -314.35995721910336 0.241735 0.150228 0.31420457 1.0
331.8445720099213 -300.8422368555244 -0.617962 0.038712 0.29478005 1.0
347.5413345152312 -313.9064635934815 0.049477 -0.538281 0.3149688 1.0
333.2524593070278 -302.2239353226993 0.102132 0.140062 0.29643387 1.0
342.5132675234925 -305.53884812552116 -0.201766 0.243512 0.3004752 1.0
346.22773793025783 -292.91127291458594 -0.220663 -0.039281 0.28340578 1.0
382.5631828796673 -323.9546297507769 -0.08923 0.125915 0.32643405 1.0
383.1225020170576 -323.3586878780956 -0.048357 0.312325 0.32657945 1.0
363.60027170338964 -301.7794088017611 0.147577 0.209899 0.2962948 1.0
390.3406164096528 -322.9453846197973 -0.21355 0.128713 0.3262721 1.0
313.15163031843906 -249.20653116489058 0.361019 -0.488046 0.228282 1.0
390.7534997201697 -306.1618209170157 -0.10198 -0.158663 0.3007438 1.0
270.73818240924425 -208.99923195061834 -0.109136 -0.064418 0.18132308 1.0
305.7888923888767 -276.60620876247316 0.05956 -0.009646 0.26958567 1.0
344.1112400472926 -309.54499938269134 0.038721 -0.007603 0.3145681 1.0
302.2281360664198 -247.400776279015 0.281001 -0.002848 0.23101184 1.0
240.72775334734197 -191.49358831174322 -0.247764 -0.586983 0.16591257 1.0
365.82356891992293 -288.8235917082414 -0.006834 -0.060845 0.28233504 1.0
388.1817032014097 -301.51246371669254 0.279435 0.081997 0.301689 1.0
335.8134299150999 -306.06471718304175 -0.064103 -0.6193 0.3167232 1.0
202.576800632397 -183.425218583946 -0.02942 0.108834 0.16150486 1.0
341.64806317539797 -305.38862400960477 -0.337113 -0.325564 0.31551298 1.0
358.1905539875374 -313.1569226417546 0.086621 0.196652 0.32911205 1.0
392.44682397052316 -330.5442707353016 -0.10365 0.074776 0.35687125 1.0
377.3007833789747 -304.9180778995382 -0.151063 0.279834 0.31353992 1.0
406.2789947046235 -328.8859883564879 0.193855 -0.251314 0.3506509 1.0
276.6743403892542 -218.84884830304895 0.156199 0.230295 0.20125121 1.0
304.0229491165992 -237.8750404262237 0.149238 -0.233083 0.22366436 1.0
421.99236480354097 -326.37821940891894 -0.149247 -0.084946 0.34882408 1.0
345.2214167411635 -299.1412837726868 -0.113365 0.071941 0.3150366 1.0
362.6271661294624 -291.71346207175054 -0.096184 -0.047403 0.30139148 1.0
316.6777675336709 -243.2100929580385 0.086855 0.319399 0.23379798 1.0
329.792695981814 -246.40828583908674 -0.283852 0.392605 0.23777075 1.0
385.07072033137973 -285.06952353548655 0.010171 0.092405 0.29239815 1.0
440.17655473845855 -322.5036251398309 0.070422 0.053738 0.35012516 1.0
358.0671371558327 -340.0847603689414 0.405439 -0.460618 0.3413402 1.0
360.418465759097 -342.3942366402065 0.228392 -0.551955 0.3445319 1.0
355.13783200167484 -332.4921262269053 -0.175184 0.197206 0.3300097 1.0
215.03730745113657 -200.56159206683435 0.005788 0.310554 0.16816375 1.0
339.04970588455507 -316.2513485938785 -0.073639 -0.069213 0.30659673 1.0
367.1125768486116 -330.78235046166185 0.206975 -0.083349 0.32625836 1.0
271.4434965990073 -271.2635769499741 0.082101 0.046861 0.25299975 1.0
312.9612597902416 -306.9144781027587 -0.005223 0.008045 0.29970625 1.0
317.4804786513142 -303.36723407382726 -0.077502 0.009903 0.29628965 1.0
355.94434400798497 -330.2076190878321 0.492511 -0.067948 0.3361047 1.0
324.59065002991525 -293.3292609803818 -0.040645 -0.038564 0.28213736 1.0
339.68555166477717 -306.37430480281824 -0.213631 -0.152894 0.29977584 1.0
346.42489110572967 -309.90887548029997 -0.031723 0.017433 0.30432612 1.0
346.8213282553968 -307.3478995852133 -0.147855 -0.098043 0.30213144 1.0
347.1096143091446 -308.9361753195422 -0.186414 0.051129 0.30207086 1.0
335.43836827288334 -292.88681905083587 0.163178 -0.120132 0.2820712 1.0
341.27502373875296 -291.24642535931497 0.307536 0.072325 0.27758425 1.0
402.1188251670906 -326.69061033504954 0.015494 -0.395151 0.32836387 1.0
414.63614281056357 -336.86632375091034 0.108164 -0.268457 0.34148797 1.0
422.4008513147378 -338.14492929180307 0.094439 -0.154516 0.34328836 1.0
192.70431433701262 -190.751499564277 0.090026 -0.227851 0.1647992 1.0
278.4058368139156 -266.07152907350996 0.151065 0.041268 0.25207728 1.0
279.39811400415556 -267.45855774938605 -0.135028 0.0764 0.25317186 1.0
306.2034483249973 -283.67433204740576 0.12561 0.179276 0.27393755 1.0
367.04104150408074 -310.8654807013474 -0.036851 -0.283608 0.3122179 1.0
336.861674931804 -286.00584252727015 -999.0 -999.0 0.27676293 1.0
369.4555031239955 -313.2679755922082 0.075766 -0.055976 0.31487602 1.0
371.3299872665123 -314.6025588572776 0.557038 0.160451 0.31721488 1.0
367.32513682275857 -295.087966742997 0.108527 0.308603 0.28984115 1.0
363.31943395279376 -291.13363184283264 -0.185849 -0.094645 0.28464225 1.0
369.7035307414898 -293.02232872867444 0.335374 0.193929 0.2870011 1.0
196.73118190085677 -189.87890176457483 -0.06749 0.163731 0.16691926 1.0
218.5302785020065 -201.68319291840848 0.364721 -0.047651 0.18044536 1.0
349.4791188830226 -306.27746626990495 -0.017917 0.073432 0.31467894 1.0
356.9848231334193 -306.18644636196007 -0.243944 -0.021296 0.31421986 1.0
362.57059775342725 -308.3871899595077 0.070474 -0.231028 0.3158423 1.0
351.25229982199437 -298.15541286621044 0.303261 -0.350324 0.3015533 1.0
337.1127992392047 -280.8444642023141 0.008587 -0.133126 0.27590227 1.0
329.93514486232965 -269.27476420727317 -0.016512 -0.212963 0.25937933 1.0
368.3136591457964 -296.44066419411195 -0.17558 0.076639 0.29786325 1.0
199.12499319072978 -186.34594761707052 -0.060201 0.032997 0.16703592 1.0
323.0534440192697 -294.26054926359285 -0.418896 -0.074134 0.30508825 1.0
249.63574527953776 -228.29187732783038 0.019939 0.023175 0.21432015 1.0
314.25349287438604 -277.09065741497665 0.144831 0.129117 0.27779776 1.0
328.414639683072 -280.91743457370796 -0.183342 0.139465 0.28287897 1.0
331.41196583285586 -282.26845091939487 0.13625 -0.180046 0.28394577 1.0
405.97154826299635 -330.6187406416497 0.013396 -0.143804 0.357835 1.0
365.1377399013561 -292.8255662491636 -0.140593 -0.002869 0.2991009 1.0
367.9689655169428 -292.20678533091734 0.063319 0.282367 0.29839355 1.0
275.1044075130183 -210.8287713654612 0.167822 0.354521 0.19182499 1.0
441.3257346368459 -325.27850007151227 -0.652462 -0.11596 0.34968352 1.0
357.442839250457 -307.77479698151967 -0.102328 -0.043616 0.33159736 1.0
348.5801746906541 -293.50593632813684 0.114702 -0.064602 0.30926803 1.0
227.27911237834323 -185.62037824624625 -0.147275 0.155658 0.16779606 1.0
428.14542827420127 -320.06523055249795 -0.099964 -0.437055 0.3503627 1.0
405.0794411422375 -300.12670026157315 -0.219391 0.150598 0.31838924 1.0
306.8251804064016 -347.12671913731805 0.207251 -0.006657 0.28543964 1.0
311.2548384326555 -359.9698486120779 -0.049996 0.162807 0.3041044 1.0
332.0197719655554 -381.21325431108005 0.073385 -0.082125 0.33125716 1.0
319.43154934823656 -357.5232361088825 0.157671 -0.053414 0.30353874 1.0
310.5379240226576 -356.081619301815 -0.177699 0.077426 0.31100222 1.0
232.89127579215096 -259.8649723384864 0.242865 -0.171505 0.2033984 1.0
329.22245622953125 -368.1724063336286 -0.049464 0.058877 0.32790092 1.0
304.27407266227857 -337.79633903995517 -0.100077 0.276389 0.28987545 1.0
303.7585285207089 -338.5310772440011 -999.0 -999.0 0.28984836 1.0
310.36199151380856 -340.0683545126955 -0.118293 0.026536 0.2923191 1.0
310.23513605276133 -340.03077160670375 -0.288179 0.018009 0.29171848 1.0
307.69035654607626 -345.90977462397774 0.033369 0.028412 0.28693703 1.0
233.9395033216571 -263.17967810131165 -0.082482 -0.49251 0.19863984 1.0
232.7206323653934 -259.0388241508778 0.174079 -0.285132 0.19514102 1.0
289.3349123612581 -320.2457105920804 0.037411 0.094664 0.25730148 1.0
338.36856450950125 -348.7156981026296 -0.161115 -0.287748 0.2903414 1.0
368.396472422799 -376.79216316653805 -0.159403 0.087766 0.32470185 1.0
327.2160520370235 -332.56528029138536 0.382881 -0.01521 0.2723445 1.0
325.9901945362881 -326.8731974441177 0.203182 -0.406555 0.26604584 1.0
359.1431441416165 -351.288408818038 -999.0 -999.0 0.29264265 1.0
403.5961382192559 -394.7273534178381 -999.0 -999.0 0.3473321 1.0
406.2656188435477 -378.16567988466534 -999.0 -999.0 0.3262891 1.0
270.88971281431645 -245.83523674732854 -999.0 -999.0 0.18275583 1.0
214.17947076427723 -247.60162291153344 -0.625395 -0.041956 0.18666719 1.0
306.2806320470525 -350.1976147206074 0.021724 -0.6596 0.2949453 1.0
308.6295179135373 -348.09482630929796 0.307413 -0.084236 0.29467022 1.0
345.393919128648 -380.44185508522736 -0.21996 0.054787 0.3346725 1.0
341.18138183070687 -361.3544783482979 0.109517 0.389864 0.3117888 1.0
258.53527984988017 -272.5489802246966 -0.267105 -0.25627 0.21098684 1.0
336.67910940863817 -334.3637696162721 -0.020722 -0.606328 0.27898175 1.0
342.5038609049745 -336.09998360131414 -0.431329 -0.142195 0.27968436 1.0
297.27044308118536 -280.98455764546367 -999.0 -999.0 0.22105937 1.0
364.3822918053818 -343.3674715277697 0.132833 -0.32166 0.29046512 1.0
347.7545571140493 -321.80554698728923 -999.0 -999.0 0.2646727 1.0
385.3124592850024 -352.3206650327091 0.112409 0.093292 0.301153 1.0
404.15407635730196 -358.5968855229654 0.207801 -0.142532 0.3104636 1.0
303.35740435192497 -340.22204541099927 -0.029453 -0.151429 0.2889861 1.0
312.9332370353703 -344.2014869159227 -0.00499 0.137594 0.29569635 1.0
314.93057651018563 -343.20256727741963 -0.242147 0.069133 0.29322731 1.0
261.43714132157095 -279.44295827255166 0.109878 0.270371 0.22116655 1.0
340.9588306372714 -363.1593241834542 0.277989 0.085155 0.31825715 1.0
348.85637448509124 -369.9663137102025 -0.114952 0.240034 0.3271722 1.0
394.1763649098477 -388.85581155486767 0.050354 0.01184 0.35569936 1.0
328.60551327884195 -319.0375484059635 -0.109725 -0.069932 0.26676276 1.0
353.8678542515042 -343.7194739570948 0.162388 -0.56275 0.29443142 1.0
389.60195981054676 -364.6235091916397 0.154963 0.097878 0.32245022 1.0
364.050568272505 -338.95999330152017 -0.40308 -0.447075 0.2902563 1.0
256.1707191403688 -237.34672408776586 -0.06249 0.303283 0.18164627 1.0
365.6644216968675 -340.217400851907 -0.051351 0.216661 0.29060748 1.0
252.26220519363878 -233.6183059470344 -0.363928 -0.212588 0.1773912 1.0
268.6341468880014 -238.0167851275098 0.229331 -0.003814 0.18208636 1.0
342.0443364976196 -376.5895517570819 0.062533 0.130388 0.34484372 1.0
318.4182860559866 -348.63369358991486 0.224754 0.106665 0.3075544 1.0
314.8096371822181 -338.8431836047973 0.67674 0.03597 0.29425493 1.0
330.7276884945148 -351.88634996439527 -0.017486 0.337292 0.31202748 1.0
317.7079646818156 -328.3378739028067 0.139292 -0.353966 0.28211135 1.0
316.67439628164135 -324.7564307387831 0.211692 0.044232 0.27787098 1.0
342.8326815880184 -333.54559154888284 -0.070263 0.350996 0.28719008 1.0
290.4490409054772 -272.8941948804577 0.177806 -0.209853 0.2206269 1.0
387.9204795591395 -363.77330778472134 -0.088881 0.075935 0.32683048 1.0
369.3268867540798 -344.1264911910805 -0.167911 -0.149535 0.30090517 1.0
294.6005610133848 -272.08003676727674 -0.060246 -0.143978 0.21937972 1.0
359.47779154862224 -329.0770947133596 -0.173587 -0.071984 0.28422564 1.0
336.4042201664356 -302.623157822788 0.005658 0.125038 0.25161225 1.0
412.67588693818806 -360.3649464447406 0.156998 -0.157944 0.32376406 1.0
212.1174541864713 -231.69760918870043 0.045726 0.071059 0.18080564 1.0
210.08497681312411 -227.94179156596277 0.663771 -0.043173 0.17796001 1.0
325.02653647399916 -347.40644545689514 0.295966 -0.28198 0.30959275 1.0
375.6286810580914 -366.8584315151926 0.461085 0.129718 0.3383026 1.0
239.92060663506572 -218.08547542356726 0.016459 -0.350758 0.16896245 1.0
365.05566734394193 -329.0380149736058 0.1215 0.192451 0.2889375 1.0
270.3921296578023 -232.46040064724804 0.048933 0.049082 0.18310112 1.0
356.5503565086017 -385.3505308306805 -0.195587 -0.182395 0.33897772 1.0
342.2566967345921 -368.9967688417879 0.422479 -0.016503 0.3159075 1.0
217.98889078622878 -231.28915258684586 0.145526 0.024523 0.17118983 1.0
325.41584689636164 -343.19164524164506 0.170402 0.084423 0.28603423 1.0
351.49494037315384 -364.6194732580548 0.184356 -0.334124 0.3105915 1.0
267.72464755482616 -274.7242421208089 -0.204758 -0.162134 0.21180315 1.0
364.57969327731007 -369.3669659054404 -0.085375 0.037592 0.31792557 1.0
394.43911499766045 -397.8108163448792 0.085409 0.072143 0.35698822 1.0
343.87472504264815 -345.23144129343757 0.026174 0.280771 0.28949592 1.0
335.4788214475517 -335.2033931405309 -0.074083 -0.041904 0.27710786 1.0
354.0262856288325 -340.2579999267137 -999.0 -999.0 0.28269434 1.0
252.55352624926422 -274.73349932173454 -0.122061 0.092077 0.21594968 1.0
256.54466053398505 -275.4074982564438 -0.144484 -0.275866 0.21616685 1.0
353.2202559346778 -340.08540061610506 0.154783 -0.055882 0.2895426 1.0
347.519898353356 -318.6593982617112 0.472229 0.492074 0.2638444 1.0
423.5868468264506 -370.7479997944997 -0.31643 -0.31361 0.32922578 1.0
313.73876920943616 -337.29768138796277 -0.171363 0.10105 0.29002652 1.0
328.38263987672394 -351.66930042626757 -0.257585 -0.320042 0.30653188 1.0
303.2432131005248 -320.96936718784593 0.581694 -0.247741 0.27106443 1.0
229.23229987409428 -228.97642676598826 0.052139 -0.571308 0.17458916 1.0
316.36903521447806 -311.48191459107665 0.023925 0.528233 0.25943327 1.0
249.8714498388915 -245.838903057181 0.087659 -0.163923 0.19020928 1.0
351.91374056455624 -336.00734783786 -0.022025 0.109274 0.28868052 1.0
412.1850703277477 -386.6909282589616 -0.270674 -0.108382 0.35453215 1.0
360.44505679886765 -331.5605529938656 0.070461 -0.05447 0.28488564 1.0
403.3804359605744 -349.31962814406546 0.1005 0.218288 0.30727062 1.0
223.15224988685088 -234.15646757037288 0.224614 -0.008651 0.18127096 1.0
300.5009284145333 -312.85756622020426 0.033647 0.367868 0.26686114 1.0
318.295915091804 -323.6905037755749 0.105784 0.338961 0.2785575 1.0
321.3464178610575 -325.9328990992639 0.030791 -0.147079 0.28129134 1.0
361.8465533391509 -333.6763668142318 0.091367 0.080356 0.29046804 1.0
395.63793510976683 -360.50569694205797 0.084176 0.005574 0.33399805 1.0
303.70976379595277 -263.99032326693333 0.332285 -0.015648 0.21758264 1.0
397.9469897065321 -313.3767019655177 0.256079 -0.014001 0.33993366 1.0
325.9771659400509 -302.1698179036547 -0.239349 0.068422 0.3276536 1.0
379.5897380079806 -302.71268378678405 -0.177556 0.127931 0.3292093 1.0
350.10306318671593 -274.9380611983577 0.311956 -0.494844 0.28576705 1.0
277.44249605077914 -217.22075872882297 -0.021073 -0.279432 0.20850717 1.0
366.680515558998 -279.44746769399546 0.289043 0.443734 0.29332796 1.0
411.35183520390217 -310.39579339503786 0.304721 0.249447 0.34367138 1.0
413.181988985917 -310.25631296345813 -0.079291 -0.19728 0.34380534 1.0
375.6690669802399 -276.88508878877633 0.009031 -0.196975 0.29532045 1.0
385.6141871040961 -282.42201281580856 0.286056 -0.225972 0.3045926 1.0
384.076072688785 -277.3915480502891 -0.26137 0.082583 0.29451653 1.0
386.30840331012325 -274.9004045417505 -0.040535 -0.26262 0.29308534 1.0
340.8831653708844 -282.2846692318883 0.30741 -0.392572 0.3157672 1.0
319.7508709102826 -240.33211900594605 0.183805 -0.016813 0.257916 1.0
318.8514483768051 -239.5159398969895 0.482362 0.281501 0.25433287 1.0
355.36942724013755 -314.9615959972041 0.21982 -0.047716 0.3513783 1.0
363.61772212909665 -285.18845315090465 -0.205099 0.06913 0.29843694 1.0
354.97423466247284 -311.2438261178138 0.128657 0.068165 0.35086644 1.0
367.10729196329225 -312.9221852755031 -0.333756 -0.051294 0.35563508 1.0
366.9115415380097 -278.6940186662931 0.044681 0.077401 0.29422915 1.0
374.903876752135 -275.5014376771849 -0.283416 0.082133 0.2905522 1.0
349.4818984149101 -274.46096273412576 -999.0 -999.0 0.30736297 1.0
328.0205011908359 -245.68105386889485 -0.561419 0.032923 0.26057112 1.0
364.2303315340243 -270.1151152646011 0.222262 -0.252757 0.29740292 1.0
376.87762142606164 -270.7887709779383 -0.07512 -0.05544 0.29915202 1.0
355.9962757251096 -265.27325759064064 -999.0 -999.0 0.2983157 1.0
357.3082804681989 -262.4107412421239 0.068595 0.453666 0.29361957 1.0
226.42219957551555 -183.07374110044975 0.144513 0.056973 0.16805126 1.0
220.14431559912498 -176.9710191868408 0.075596 0.157531 0.16056402 1.0
267.44375850964605 -241.97134471690543 0.254994 0.242193 0.23884621 1.0
358.3339655275209 -321.5127932088185 0.048238 -0.116696 0.3568715 1.0
203.68422594190298 -181.00110111284343 0.400382 -0.067681 0.1651922 1.0
386.5314301527244 -312.1584906144387 0.240236 -0.164589 0.33978707 1.0
318.98912487616474 -290.39853569311856 -0.184674 -0.187764 0.31651336 1.0
210.70157193029726 -190.51246727715878 -999.0 -999.0 0.17966792 1.0
362.9695852212531 -279.65165506868266 0.073614 -0.175953 0.29229975 1.0
309.50013615952224 -230.62967108550083 -0.047034 0.411619 0.22519842 1.0
305.62036716801583 -226.85758769643292 0.0853 0.103987 0.22040886 1.0
281.2362455737927 -202.286082351775 -0.137171 -0.06409 0.18994682 1.0
318.48307357801417 -229.44489808495248 -0.145755 0.04769 0.22181374 1.0
215.25573555229664 -191.25835687783933 -0.055223 -0.278451 0.183235 1.0
355.1776991561042 -309.50829492694487 -0.066611 0.06933 0.35263962 1.0
389.2714407755086 -306.86817764453076 0.18627 0.074598 0.3457813 1.0
413.3719641272068 -306.5027549191212 0.256622 -0.55967 0.34506494 1.0
306.26224885091045 -221.5575447969353 0.108493 0.011815 0.21931581 1.0
378.4452984983961 -275.2548927874152 0.02453 -0.224761 0.29180115 1.0
312.5935706049011 -225.8432979403611 0.049002 -0.018701 0.22467293 1.0
381.73470159157984 -275.13902138342127 -0.329944 -0.417273 0.29126808 1.0
388.7421527968316 -279.8175477143056 -0.139319 -0.00289 0.29837546 1.0
273.84135893025336 -218.71771095937754 -0.063316 0.192029 0.2230055 1.0
378.40216452488977 -300.6104530567583 -0.157183 -0.26502 0.3469162 1.0
386.6188791958834 -278.47847777873125 0.217408 0.364635 0.30455834 1.0
389.63646386083354 -280.37318359499557 0.404598 0.369936 0.30791867 1.0
397.7102372814162 -295.5890954848441 -0.293556 -0.231786 0.3440394 1.0
391.2293982036985 -275.0072669813828 -0.069012 -0.02466 0.30835184 1.0
273.0352670987309 -245.44268875194115 -0.176617 0.188815 0.2463127 1.0
252.3044603212915 -219.96282118661307 0.197506 -0.275975 0.21091706 1.0
335.38908608404097 -268.4418205189471 0.445196 0.235161 0.27429694 1.0
232.34365618691137 -184.83445179298667 -0.016302 0.285655 0.16978505 1.0
368.253859201771 -276.64916784521523 0.070938 -0.072743 0.2865572 1.0
321.1578489214911 -231.14277950223635 -0.040404 0.295144 0.22368675 1.0
213.50078125396942 -190.405553062093 -999.0 -999.0 0.18059261 1.0
307.03729588428126 -261.4123489229576 -0.003801 -0.260162 0.271554 1.0
371.4189868402036 -277.15125329543747 -0.025064 -0.040847 0.29481357 1.0
382.7028816491008 -284.8332744957531 -999.0 -999.0 0.30598924 1.0
381.0363010451075 -283.13494914706394 0.154414 -0.016773 0.30391225 1.0
414.58303924163573 -308.0092415894849 0.110757 0.120595 0.3427978 1.0
322.58447947901175 -236.02692254926114 0.15243 -0.332843 0.23541376 1.0
434.80190184820106 -312.6158522847628 -0.116503 -0.188107 0.34714416 1.0
270.6881007725842 -196.74778327307826 -0.455792 0.194008 0.1941251 1.0
380.76347302472607 -272.3342499002148 0.538324 -0.01906 0.30073574 1.0
385.95061885932336 -272.89799434053856 0.106768 -0.212353 0.3071666 1.0
385.40856965022226 -272.39151166289463 -0.06468 0.119073 0.30623698 1.0
373.44745275557244 -271.8661039685656 -0.205745 -0.252525 0.31067246 1.0
382.36576723718446 -266.2536174381391 0.556403 -0.005199 0.30634952 1.0
