X Y e1 e2 Z WEIGHT_SEEING
928.1265909448206 365.8355045013578 0.261296 -0.08 0.33082828 1.0
792.978763829778 308.8837237234178 -0.164464 -0.252206 0.2631097 1.0
1021.5647642627133 347.5426191572693 -0.367115 0.063299 0.34745622 1.0
872.221539415743 274.7811956939417 -0.248871 -0.023411 0.2644611 1.0
838.1847742137655 266.6561677598191 -0.241154 -0.023472 0.24720825 1.0
1013.5727898218213 337.93170336967387 0.003663 -0.04509 0.3181498 1.0
858.034566806824 285.88388658948975 -0.131221 0.131156 0.251506 1.0
1041.958046389235 405.81429408772715 0.183546 0.089343 0.3594221 1.0
858.2315347842092 315.13059477737187 -0.357509 -0.586762 0.25779575 1.0
1036.0023291549185 331.6182993094457 0.240248 0.093434 0.31460163 1.0
1139.1087243940144 341.34345358108646 -0.029419 -0.093351 0.3555002 1.0
792.0963040278353 305.00650128050927 -0.321604 -0.245161 0.2341958 1.0
1055.9784104958424 342.2824728538081 0.013182 -0.028692 0.31625083 1.0
1008.7471982518606 325.32661672028325 -0.095437 0.023802 0.29621556 1.0
1014.8723801937721 323.67730142859085 -0.002243 -0.183774 0.29717025 1.0
934.0965453452468 281.4688576474973 0.257037 -0.058649 0.26175103 1.0
965.0702033410612 288.18146753274016 -0.518031 -0.405463 0.27190867 1.0
1015.274763334095 298.71352809418306 0.034621 -0.091764 0.29222298 1.0
930.271102641204 272.1441732221649 -0.153006 -0.322676 0.25635493 1.0
1055.7652173009174 398.1697735787652 0.051519 0.015507 0.33599094 1.0
964.7104628674547 342.89818639741964 0.029259 -0.415875 0.2841594 1.0
1169.3287058005974 370.8128924112595 0.547885 -0.025186 0.35792923 1.0
735.1560057629144 221.3271897510805 -0.013713 -0.03407 0.18175605 1.0
1058.1379575548672 320.45334164767195 -0.110504 -0.483064 0.29677516 1.0
1169.3592840463975 330.13465795461957 0.043309 -0.209108 0.3390233 1.0
937.4793064188023 292.72316615436927 0.529143 -0.078295 0.24647485 1.0
1201.0616364899076 373.0919005279032 -0.191483 -0.066356 0.34854448 1.0
939.9218586532079 292.58953898843725 0.022717 0.118552 0.24729899 1.0
1196.4596647544788 370.6126406272384 -0.157958 -0.255617 0.3483646 1.0
1203.777723633671 369.2370552026653 -0.099424 0.320376 0.34904224 1.0
1196.344229460725 362.5562225237663 -0.136033 -0.336484 0.3451126 1.0
1088.5491389144745 325.5515147985011 0.080692 -0.030378 0.29851067 1.0
1193.5937164645634 356.65972532874895 0.250721 0.124976 0.34402448 1.0
1044.0631660517179 305.66327461084177 -0.069231 0.284099 0.28204516 1.0
932.5913451831987 282.6457965363524 -0.161675 0.236346 0.27818796 1.0
658.1788843130215 254.3326552448588 0.14383 -0.162682 0.19073728 1.0
999.6329719541737 374.2208654228723 -0.315686 -0.235467 0.32926014 1.0
1014.6796704166194 301.22214481687064 -0.157774 0.17989 0.30103177 1.0
917.1874727138386 269.56387051207713 0.171211 0.114999 0.26168954 1.0
1038.2722610734525 388.59939723105816 -0.338968 0.170851 0.3335661 1.0
976.1985443744946 360.7274077590586 -0.306262 0.132457 0.30140597 1.0
1142.626271220957 325.9181299818683 -0.059074 0.019484 0.33891386 1.0
964.6421532048544 284.23198903505823 -0.127114 0.120173 0.261206 1.0
1164.7493388575695 349.4719920648921 0.141806 0.321471 0.33658072 1.0
1152.0419570940298 343.57108572915405 0.447472 0.255476 0.33077082 1.0
1190.4414017823215 338.64778506209575 0.159811 0.022334 0.3428548 1.0
1180.468783381717 333.60243194135677 0.166812 0.169972 0.34058347 1.0
1210.0291851049267 368.4578986943756 0.129617 0.130407 0.34720215 1.0
767.6066893339225 231.57200777061942 0.409862 -0.030368 0.18746632 1.0
1186.8325433642756 347.1544808172323 -0.093853 0.001515 0.33513275 1.0
832.152073150527 236.88859802102695 0.476601 -0.192307 0.20605896 1.0
970.627939163668 271.1493194877086 -0.033012 0.10607 0.25025266 1.0
1235.9498336539118 345.1398122684907 -0.081562 0.091896 0.35837114 1.0
1182.1277489474742 395.3922096419123 0.037937 -0.154828 0.33872184 1.0
1187.8845294970154 395.0744191668398 -0.182651 -0.262127 0.33851233 1.0
1042.0318120145994 325.1117738684985 0.096601 0.01227 0.27579945 1.0
1030.6638845608204 315.14307858097305 -0.063188 -0.238926 0.2683531 1.0
1247.7606990732024 380.34793521245916 -0.254997 0.08284 0.35532582 1.0
1236.9835107673568 372.07800850221184 0.140358 -0.10616 0.34793764 1.0
917.565046194352 260.1614898660774 -0.054599 -0.095975 0.22733374 1.0
852.9790323127326 238.05815521205568 0.06653 0.18562 0.20861232 1.0
1147.9054414728232 316.45728131431247 -0.169299 0.215732 0.31259882 1.0
1246.7872273487817 386.30765878550847 0.159355 -0.066851 0.34656182 1.0
1140.069349973911 351.1460871467543 -0.363201 -0.043657 0.30151594 1.0
1254.8608656830493 378.87600258075815 -0.039834 0.133407 0.34897748 1.0
1055.363384438425 318.050826195457 0.216333 0.296022 0.27016637 1.0
1046.8447497955033 315.2114069454807 0.30767 0.012744 0.26875508 1.0
1050.1890729959812 314.0167793380793 -0.112857 0.069767 0.26772806 1.0
1109.4537839436798 321.5204757463994 -0.2542 -0.336541 0.2872191 1.0
1123.075370347004 326.254815350991 0.241858 0.30221 0.29455987 1.0
961.9510231506747 313.45222557902804 0.171796 -0.046483 0.23646756 1.0
1253.2818651742782 409.1616183407802 -0.347534 -0.081673 0.34436598 1.0
840.0498833620759 273.05942670285225 0.018847 0.152569 0.1990682 1.0
977.5774088370582 316.4301939819016 0.082367 -0.306559 0.24066672 1.0
1155.464751876116 361.5291816876872 -0.214699 0.15267 0.3024285 1.0
1106.3933431730675 345.0514369175726 0.169739 -0.208868 0.28409976 1.0
1279.5978228089468 381.63217668032433 -0.216801 -0.087453 0.3476689 1.0
1265.5747171245775 364.11631264685144 0.189651 0.22817 0.33856836 1.0
1240.9099969740198 355.70179376765446 -0.124287 -0.102088 0.33194357 1.0
1173.9239111277047 378.07750643715997 -0.231425 -0.328063 0.3020219 1.0
1287.6272446960088 414.26908444967535 0.117345 0.002414 0.34730375 1.0
757.6434642160449 244.06003593923242 -0.505539 -0.245439 0.17115024 1.0
866.6074780909155 277.7141037277375 -0.017959 0.161999 0.20087774 1.0
1103.197906700246 351.5090816113813 0.241919 -0.064697 0.27690744 1.0
1190.8762251065073 365.5469041791545 -0.211318 -0.051119 0.30440694 1.0
1173.7342153054067 359.43319232212065 -0.056989 -0.080325 0.2977045 1.0
1119.3952251390033 336.60605903298654 0.052123 -0.58173 0.2778262 1.0
956.2357095059427 283.39861909292483 -0.007299 -0.234459 0.2248803 1.0
1091.7070505545862 322.5472858130782 0.03673 -0.259415 0.2676441 1.0
987.1166017140639 290.3091887088803 0.155424 -0.056201 0.2353054 1.0
1314.7298241569167 379.103329194426 -0.179195 0.015108 0.352645 1.0
1316.9245432443922 379.1623578089634 -0.153031 -0.031514 0.3531618 1.0
1221.9357380001231 341.1582430675268 -0.319783 0.120833 0.3144328 1.0
1169.6691890486102 321.5436757249961 0.015163 -0.008926 0.29482815 1.0
932.7070142710028 251.59911411265668 0.288748 0.310944 0.21715039 1.0
1081.4437955415829 292.1251085015736 0.197353 -0.184924 0.2664289 1.0
1348.4940470178965 377.5812585948861 -0.135542 -0.277725 0.35207036 1.0
1257.574912143252 335.5665963658611 -0.248584 -0.188953 0.3195961 1.0
1154.9721181743494 352.0714520040923 -0.055072 0.114067 0.2856266 1.0
1141.2711707620797 336.93730290571693 0.081691 -0.078985 0.27677864 1.0
1136.917587122 335.41079935912626 -0.067398 0.031647 0.27535102 1.0
833.6998977455363 239.4377977213527 -0.008209 0.022853 0.18485126 1.0
1111.8394544445696 317.5513822383139 0.025113 0.112748 0.26974437 1.0
1194.2843882112722 335.39813568298564 0.049319 0.153373 0.29785094 1.0
1311.9802625954198 367.6271081748246 0.393412 -0.013234 0.34148917 1.0
1028.4448198365403 283.9523238610703 0.332858 -0.161333 0.2405769 1.0
1292.7015932764073 405.1781213422694 0.017039 0.021895 0.32663828 1.0
1292.0990051120189 398.40351893075723 0.045185 0.01429 0.3233985 1.0
1287.7292346537677 384.79456506547416 -0.186082 -0.250641 0.32137546 1.0
1332.5768734589014 395.26638099032004 -0.329227 0.032606 0.3368063 1.0
1174.8275275178962 348.7663034594264 -0.401168 -0.19181 0.2820496 1.0
1193.3097182238644 348.59724690840704 0.050278 -0.276271 0.28816298 1.0
1192.5186600679715 349.06439588496926 0.132064 0.126584 0.28833663 1.0
957.7226271480395 274.3637357479011 0.065533 -0.063871 0.21264787 1.0
953.9888894887068 272.14926627170126 0.217924 0.148368 0.21179397 1.0
1024.3455911328954 293.60207131663344 -0.349562 0.27346 0.23415416 1.0
1256.1671666418624 347.0835334063926 -0.135921 -0.260899 0.31227788 1.0
1121.2970923788464 301.89295855022067 0.186019 0.039435 0.26695997 1.0
1051.5847559290355 315.13491166417646 0.012386 -0.267266 0.23400475 1.0
1338.7663263752852 400.06822870106237 0.310376 0.005524 0.32818118 1.0
1329.6322567678262 397.06620723451096 -0.066299 -0.463947 0.3290114 1.0
1233.5010880136715 359.85883780198304 -0.2166 0.312763 0.29320517 1.0
1293.7233565178037 367.1720383636539 -0.208503 0.24414 0.31518704 1.0
1157.1113895222018 318.7886917641876 -0.148511 0.245641 0.27114588 1.0
1342.2952442961523 365.81898172849543 -0.189691 -0.127986 0.333822 1.0
1241.1781027483248 363.3335803896562 0.040058 0.18179 0.2877288 1.0
1245.1589053619289 364.54951144483056 0.469126 0.086936 0.28919637 1.0
1249.3680521948836 365.10218736166485 -0.537189 -0.049192 0.2897738 1.0
1251.2611133239902 361.6531183113223 -0.034961 -0.122406 0.28813228 1.0
963.0608484284813 266.8055037913163 -0.003051 0.177696 0.20485848 1.0
1367.0420585237107 368.9003909134963 -0.28829 0.206389 0.33559194 1.0
865.8074488804845 230.6581329637232 0.100497 0.120859 0.18100038 1.0
1176.0990299078926 308.74517648918084 -0.14731 -0.065234 0.2709521 1.0
1352.6674668065687 354.07182469976135 0.141787 -0.284811 0.334211 1.0
1411.1080650921945 402.1445846998468 -0.028752 0.054961 0.3364943 1.0
1235.0488815207789 346.42032721301035 0.392439 0.320645 0.27934185 1.0
1422.6135350504708 398.66353707779973 -0.277246 -0.234027 0.34130356 1.0
1239.7983029262684 341.4140245539385 0.179588 0.518795 0.27912524 1.0
1291.3745237415783 355.4297957253015 -0.072869 -0.021944 0.2974198 1.0
1291.7480564591087 353.4203603643513 -0.153407 -0.354282 0.29592276 1.0
1125.245132353545 305.4426057858154 -0.264437 -0.147501 0.24687235 1.0
1168.0190901311998 314.35897192005467 0.292 0.242465 0.25990534 1.0
1298.7763707731874 360.9859189205603 0.378552 -0.169719 0.29048166 1.0
1300.6953404155145 358.3047689106844 0.442541 0.072565 0.2914578 1.0
1495.1051204864812 409.4145924070084 -0.119971 -0.0482 0.35981038 1.0
1125.655799991508 306.7933758745514 0.267022 -0.108619 0.23887749 1.0
1182.530362794776 316.077819421016 0.309332 0.422999 0.25707784 1.0
1272.7852662095697 337.3334597863723 0.237824 -0.178885 0.2851172 1.0
1246.9182483710836 329.51479673325764 -0.149801 -0.129226 0.27618498 1.0
1406.850304626532 368.8506407244979 0.223826 -0.23888 0.33009914 1.0
994.4675483113517 259.0746461230564 0.26846 -0.061097 0.20539333 1.0
1172.6279370693087 304.4342123747653 0.22985 -0.152544 0.25787592 1.0
1291.6861377878877 332.4936568912688 0.137495 -0.120082 0.29480493 1.0
1132.5648502642155 353.701319761814 -0.271074 -0.254754 0.27278402 1.0
1187.280827820463 369.61450075073463 -0.093643 -0.163954 0.29184544 1.0
910.7025771201886 266.03007567811477 0.114708 -0.417915 0.20341161 1.0
1199.1583356981184 346.3544994165205 -0.168856 0.069711 0.29358116 1.0
1206.5350941640204 344.7844771150552 -0.095104 0.244189 0.2950387 1.0
1316.5773814240624 376.1926077937567 0.47405 0.189719 0.3374968 1.0
1209.895913953678 344.1145288734351 -0.344621 -0.263986 0.2984038 1.0
1127.927161614988 319.10143547047255 -0.43358 0.104246 0.26925188 1.0
1360.2262064699232 383.57788763852477 -0.127363 -0.043665 0.35277772 1.0
1032.6032417765152 285.85670079036123 0.361802 -0.054058 0.24017456 1.0
1212.9934177765692 334.875521183398 -0.053194 0.404989 0.29812297 1.0
1315.6079356856437 370.9551720982421 -0.092048 0.339955 0.32711837 1.0
1298.2105833421274 364.75131805054775 -0.151845 -0.260949 0.32120517 1.0
987.7456459251669 274.12209847927403 0.207233 -0.190926 0.2202568 1.0
1314.4994956179148 363.04806314641684 -0.232155 -0.160897 0.3289435 1.0
1172.2820656783424 357.3378959412017 -0.047474 -0.026884 0.27060902 1.0
1378.1684786307533 415.8043762010396 0.03037 -0.10306 0.33857194 1.0
1289.5820375710564 356.31703876707417 -0.080582 -0.060713 0.3090573 1.0
1272.3169166821851 350.76090848984046 0.038249 0.045095 0.30346775 1.0
1374.519240347725 375.44265104814707 0.202285 0.013072 0.34303668 1.0
1166.402287789166 314.8569509756419 -0.117472 -0.153935 0.27055177 1.0
1163.1042539715359 310.82314714084464 -0.060377 0.370931 0.27092832 1.0
1171.687810889721 311.28712003602504 0.344276 -0.152516 0.27111417 1.0
1271.0649808888238 336.6484550021674 -0.192604 -0.226257 0.30556008 1.0
1286.2305594522052 354.80297244126814 0.174222 -0.154047 0.2971948 1.0
1087.1163492292196 299.34755270490984 -0.141298 -0.104152 0.23566945 1.0
1015.8280114871385 278.7829676941433 -0.040937 -0.040883 0.216322 1.0
1337.0606779093014 364.64225469019453 -0.085407 -0.454707 0.31868267 1.0
1197.230760114395 321.1526925730895 0.208209 0.164836 0.2721503 1.0
1132.0431506830491 294.4296833619599 0.258041 0.08721 0.25451976 1.0
1421.241487349991 393.18888876974984 -0.566326 -0.024113 0.3358553 1.0
1001.175709302448 275.75145265127253 -0.113965 0.23406 0.20740376 1.0
1265.6437176882039 345.1974969785099 0.105338 -0.236928 0.2824627 1.0
1482.4935076552067 405.23194970701195 0.229814 0.20268 0.358482 1.0
1241.7637057694951 337.56487741731485 -0.151078 -0.072137 0.2785404 1.0
1238.3347018127681 333.1965294652789 0.059983 0.078154 0.27725655 1.0
1133.0291427995644 301.5231476916076 0.453671 0.150365 0.24520114 1.0
1294.8412725027315 344.51958492863326 0.029706 0.004889 0.2962444 1.0
1231.6265865930993 326.2807260459184 0.065484 -0.011747 0.27521926 1.0
1286.6891031898833 340.08150393290623 0.149092 -0.292459 0.29588702 1.0
1295.8351588832807 339.3459453508572 0.055606 -0.466745 0.29808173 1.0
1395.4456799321574 364.6202795931566 -0.069326 0.218701 0.33287865 1.0
1140.1379257733518 295.8901609305787 0.052409 -0.281027 0.24980511 1.0
1127.443351397348 292.29293118616454 0.055925 -0.322128 0.24789487 1.0
1450.5371170219773 387.760760808676 -0.152252 0.268798 0.33879298 1.0
1293.6183623456836 336.0449960507552 -0.003119 0.075531 0.291254 1.0
935.3605934374203 330.2180474052418 0.084141 -0.320005 0.32846236 1.0
952.986550454612 328.0269097324606 0.270101 -0.103299 0.33387613 1.0
839.3626067089663 274.50172328109625 -0.104246 -0.020028 0.25356877 1.0
819.2734514007581 264.73300950206516 -0.292477 -0.139384 0.24276954 1.0
1149.1059141918638 369.4622067119095 -0.053871 -0.420945 0.34395957 1.0
1058.4037903260462 334.39083199086156 0.017665 -0.09087 0.2911757 1.0
959.5431554066022 268.0151274109118 -0.284837 -0.107474 0.20079656 1.0
1282.9170272267331 358.10555594665806 -0.171096 -0.11995 0.29658908 1.0
950.060221196662 346.1082874741442 -0.055517 -0.074809 0.3374824 1.0
936.933010895268 329.35652610000744 0.100818 0.393252 0.3042326 1.0
1057.0362714607204 351.4670955306704 0.072579 -0.132083 0.3178655 1.0
1138.272797056076 370.700376419682 0.273576 0.075284 0.33885676 1.0
929.4085972474769 297.59476687704995 -0.388172 -0.258362 0.245199 1.0
1034.6127922269657 331.40319274506675 -0.311311 -0.122794 0.2828054 1.0
1126.711314963892 350.3126809094967 0.358429 -0.02249 0.30093077 1.0
1125.9982159827252 335.7469791032513 0.233732 0.133965 0.27731636 1.0
1403.2862225977037 406.29421515725636 0.003124 -0.133724 0.35794914 1.0
896.9398137358215 255.60549145633195 0.328994 -0.310559 0.18881965 1.0
1199.8057792807597 329.4669304943327 0.190811 -0.110882 0.2572405 1.0
1510.179285242065 414.1435934508515 0.474259 0.014974 0.35934535 1.0
899.6565219007408 330.62818818969305 -0.593638 0.294904 0.30828112 1.0
892.4854608992241 323.0965696858529 -0.059093 0.004407 0.29737148 1.0
968.6965967042266 335.5464490923289 0.741193 -0.192651 0.30065683 1.0
1006.6689588321055 345.96868341029796 -0.25343 -0.115385 0.3112205 1.0
1069.6299848514252 327.4084620230566 0.050934 0.345471 0.26646423 1.0
1124.1959987915602 344.9846580450057 -0.005606 -0.10866 0.28642955 1.0
1134.0226011309667 342.9508000460088 0.169451 0.366725 0.27994356 1.0
1120.9446138431795 328.17913164682824 0.021137 -0.001787 0.2593329 1.0
1387.197010710724 408.03928902901254 0.070726 0.15346 0.35577184 1.0
887.8790262445357 256.15559320963735 -0.146965 -0.005533 0.18722752 1.0
1248.8751857806258 350.10059175200763 -0.211135 0.002949 0.2772934 1.0
984.191760264403 360.7151656051779 0.287883 0.107095 0.3393673 1.0
979.4414042437373 357.7378681838647 0.479526 -0.479444 0.33802792 1.0
1078.1026234464525 364.3746031536034 -0.225047 0.448627 0.32269606 1.0
1308.6040782432856 393.55168047699266 0.543139 -0.067843 0.3355856 1.0
1166.882878487512 347.4798686796275 -0.016113 0.061937 0.2769176 1.0
1343.8644854752536 398.05085502271305 -0.271694 -0.010046 0.336782 1.0
1345.5550384443818 398.30624392349404 -0.469345 -0.188318 0.33735794 1.0
1295.3791396041474 364.0116701697605 0.453657 -0.012498 0.28864554 1.0
1034.3157800559056 371.91618271473664 0.088447 0.23406 0.34012437 1.0
1094.9776973220924 386.0846065939183 0.14226 0.090678 0.35665432 1.0
1071.447753181204 372.8729148197201 -0.082006 -0.366578 0.33312115 1.0
1197.4534386464352 400.66715855994295 -0.294411 0.19308 0.35989866 1.0
1219.2638161560762 390.26376005813665 -0.178035 0.100669 0.33506745 1.0
1039.791421090647 381.824257726837 -0.080887 0.264317 0.35413668 1.0
1077.5724732816952 386.5828430602796 0.209394 0.536168 0.35256526 1.0
1185.762942697827 402.0378027072548 -0.23875 -0.252082 0.35956416 1.0
915.8342454869743 308.35857675253794 -0.123379 -0.144469 0.2429134 1.0
1062.4412326965285 347.8257263622584 0.231524 -0.330508 0.28143728 1.0
1260.7388829951956 405.289150330577 -0.011163 -0.004348 0.3488724 1.0
1228.3192982219473 394.0254642117899 -0.435219 -0.035772 0.33562303 1.0
1187.601632078054 375.27105729756573 -0.120975 0.120771 0.30904487 1.0
1369.0117761898405 408.1259776057717 -0.489448 -0.021556 0.33752134 1.0
1059.313977585408 316.0427165310168 -0.071336 0.34069 0.23479304 1.0
729.6887553553177 251.1996435133408 0.654236 -0.247682 0.20955725 1.0
1194.2374438389666 382.16796282265443 -0.06262 -0.038684 0.35360366 1.0
876.1667258808011 264.8092137284704 -0.086495 0.091415 0.20488362 1.0
986.8549777579449 295.6764155581829 0.120983 0.420131 0.2344698 1.0
1076.3149003704782 316.12700232035127 0.235274 -0.667196 0.25494078 1.0
1418.2324245047816 405.6598129310046 -0.141937 -0.223755 0.3581646 1.0
992.2213706201136 275.67238441574966 -0.121656 0.168639 0.20710038 1.0
1087.79704382328 374.51602003285274 0.16102 0.079279 0.35680994 1.0
1125.4716421870996 359.37185541551503 -0.129171 -0.164089 0.31533542 1.0
1240.9531095735822 386.4921253957764 0.249206 -0.189032 0.3457857 1.0
1171.7082719542052 355.3606163984463 0.387208 0.162099 0.29964092 1.0
1163.034527901698 348.9698994104879 -0.346971 0.012135 0.28827825 1.0
1162.5151556320236 347.1032903914529 0.076681 -0.297133 0.28738892 1.0
1139.5541300099117 338.94568830767076 0.002612 0.027875 0.2766956 1.0
923.1064579817182 271.93867026843924 -0.042551 0.048726 0.20431736 1.0
1209.3807254806984 354.1904146895303 -0.056717 -0.362164 0.292056 1.0
933.0146831533108 272.21973771944033 -0.044345 0.044965 0.20522189 1.0
1211.4610548598505 354.37399256993274 0.389662 -0.357284 0.29216942 1.0
1271.773423796477 369.1183994322434 -0.068961 -0.030563 0.30753675 1.0
967.4558799482713 276.9478396865762 0.039841 0.162833 0.20618193 1.0
904.5790766902106 256.59783994119783 -0.014658 0.071406 0.18756574 1.0
1352.8522936764978 384.07234011923885 -0.41476 -0.492867 0.32103968 1.0
1077.896949327483 305.30377913224896 -0.097583 0.086649 0.23374428 1.0
1385.2778689445875 390.00614603731304 -0.151988 0.074675 0.32741117 1.0
1238.5849676288483 388.51250009362946 -0.180941 -0.150228 0.34088638 1.0
1345.565204994502 389.23282803169474 -0.053675 0.149423 0.3252374 1.0
900.9251350587991 332.06561293397374 0.273255 0.294754 0.29821363 1.0
951.288743607831 339.1344084719911 0.094531 0.082971 0.30025184 1.0
1122.87527222844 388.780236695219 -0.003283 0.345477 0.3580758 1.0
974.3690920085786 303.9358803549234 -0.08523 -0.161503 0.23450044 1.0
1357.641939566947 413.8488347571521 -0.179496 -0.135039 0.35974377 1.0
1174.981313335707 354.7629673949827 0.109507 0.337685 0.28503552 1.0
1331.843626153926 392.9927126377804 0.052955 0.161254 0.32850912 1.0
1404.7223498368003 403.52333800309003 -0.080328 -0.092778 0.33620298 1.0
1014.7581013938147 369.3014097501894 -0.013291 -0.09611 0.33884436 1.0
1015.312912826622 346.83954830906606 0.157357 0.001436 0.2915185 1.0
940.8258444809253 307.97692547804115 0.157622 0.335634 0.24170771 1.0
1063.9408254414952 346.26919054801823 0.009663 0.04895 0.2817374 1.0
1064.4699790170287 345.80094470902117 0.103048 -0.086031 0.28072616 1.0
1076.7063760571739 347.53458024567567 -0.060118 -0.220073 0.2823945 1.0
1085.1838811154075 347.8978368315782 -0.191373 0.146061 0.28152618 1.0
1247.0408783387202 395.3650684211759 -0.063432 -0.070574 0.33812934 1.0
1239.6323943168895 390.07193711855496 -0.031361 0.471654 0.32837135 1.0
792.5665391852981 244.80826641237414 -0.225059 -0.147426 0.17488103 1.0
1378.2218915918709 408.98887395059603 0.196152 -0.012872 0.3394937 1.0
1013.0419862496766 371.2360564195504 -0.564889 0.189455 0.334165 1.0
820.2459912907741 269.03350391189326 0.061102 -0.116429 0.1989878 1.0
1056.4343450046322 348.334844142878 0.098234 0.156118 0.28079244 1.0
1216.9594155487578 384.70221508498093 0.079147 0.048297 0.31711045 1.0
1283.1330214812715 394.1845636405424 -0.106222 0.284904 0.3217158 1.0
1048.1880150115503 316.21996417989493 -0.209323 0.168077 0.23422788 1.0
671.6043980133554 238.05667109226496 0.0041 -0.308383 0.21202844 1.0
868.2926480561965 300.7066100089958 0.073492 0.007131 0.29426813 1.0
760.825751871617 264.80684462120325 -0.462248 -0.047644 0.24088848 1.0
740.5571726350307 258.1935016760784 -0.440541 0.116199 0.23268056 1.0
886.5205256982209 311.9716101803187 0.16811 0.232041 0.29463726 1.0
863.3765917497693 339.8601274393823 0.156105 0.366029 0.297749 1.0
747.9157901980338 256.5627155073565 -0.631676 0.207125 0.22511296 1.0
937.8539743567447 371.6059331559759 -0.303637 -0.384582 0.32923228 1.0
998.0677904105249 381.78637717227605 0.041135 -0.090396 0.3536023 1.0
1030.6049066091155 360.0631159416548 0.132167 -0.024468 0.34887263 1.0
1049.7532120113626 351.1534122078665 -0.107314 0.192574 0.34713995 1.0
779.9914403188357 258.6503458786764 0.067359 0.119775 0.22937962 1.0
734.0965732411446 239.6211060649465 0.079322 -0.420696 0.20921956 1.0
886.8009536148348 279.64419168103456 -0.033807 0.045092 0.26453394 1.0
776.0785628252005 295.0245582019462 -0.210076 -0.311993 0.23868933 1.0
772.8020861909747 288.7656978560453 -0.435464 0.623531 0.23539169 1.0
768.5324800968389 247.17744902898735 -0.180374 -0.229695 0.21538994 1.0
974.1722745972186 310.7826680699747 0.170514 -0.263359 0.29788196 1.0
1003.9084697068832 379.5719594257219 -0.131066 0.245857 0.33642074 1.0
935.5717821047097 350.0102682443773 0.22191 -0.15951 0.30090985 1.0
870.708653081466 322.8417701036766 0.223797 0.115383 0.2719067 1.0
877.1955096849031 272.8782550746934 0.173289 -0.150919 0.2516922 1.0
970.3136957096177 288.36489427103606 -0.182674 0.132288 0.28547877 1.0
963.0232883338876 286.19617104664235 0.502147 -0.169206 0.28399184 1.0
667.6141792899014 260.2239433835316 0.404893 -0.188232 0.1944413 1.0
1020.789107172651 385.3111213960742 0.078438 0.330192 0.3366393 1.0
1112.7103096097733 361.22784917602877 0.48664 -0.0538 0.3539058 1.0
968.8322146776638 292.4412546545441 -0.247257 0.030745 0.28214675 1.0
998.6412186845961 295.4681544634101 0.136031 0.037587 0.29330987 1.0
986.671510498045 292.0777045178961 -0.240424 -0.167392 0.2881236 1.0
928.9567683185311 339.07871348851734 -0.344823 -0.085337 0.28138787 1.0
1098.2540684636485 395.72930676999755 -0.197384 0.015495 0.3576794 1.0
1133.845264814474 367.4707202860393 -0.450539 -0.335847 0.35267416 1.0
776.5447989046633 235.66976021135363 0.141878 0.120046 0.2056668 1.0
939.4691987255898 283.1603475400193 -0.046601 -0.215438 0.26395184 1.0
1021.2951741618599 300.4852831432405 -0.0155 0.188502 0.29479855 1.0
943.4996426338307 276.00809271406473 -0.047835 -0.007759 0.26130468 1.0
1164.5869225049526 336.2009092594861 -0.149445 0.175558 0.35344097 1.0
1020.48848326069 392.58243323728624 -0.08772 -0.085713 0.32638374 1.0
815.7508815722928 312.1778504658818 -0.082418 -0.108218 0.23864144 1.0
1037.0552565513808 390.12047416502344 0.01006 -0.015731 0.33032054 1.0
1092.4627035102787 401.05312864659527 0.11993 0.480275 0.34786448 1.0
1070.9223982193464 390.81945090502666 0.382267 0.120613 0.33874294 1.0
1050.3243999852334 370.77888125988625 -0.043138 0.04771 0.3197086 1.0
1088.8635767595893 342.29051522000304 0.15983 0.18805 0.31917864 1.0
1134.3168314055047 349.32211512148734 -0.315706 -0.052039 0.3372547 1.0
1082.4434747272637 302.8843934372158 0.284752 -0.270279 0.30870366 1.0
1068.3379605596283 384.3879532736864 -0.276029 -0.00949 0.32632518 1.0
1046.5884701033756 323.18258183474927 -0.28697 -0.41781 0.29342002 1.0
1205.3905969548166 366.0223360538945 -0.249562 -0.245945 0.3593535 1.0
755.8293758680818 228.20570674608717 0.040584 -0.062719 0.18827589 1.0
1174.4573609003955 334.2253311264932 0.540795 0.05093 0.33936697 1.0
889.4572440188865 252.87544453988852 0.112286 -0.060625 0.23145269 1.0
1166.1914937830702 404.549449346541 0.251236 0.274174 0.35235456 1.0
1186.6170324906373 339.80642325726564 0.003648 -0.008007 0.34033766 1.0
942.6454464425221 352.88382677852877 0.036069 0.050718 0.30126762 1.0
940.3262009455343 351.378187663861 0.203566 0.143962 0.30201718 1.0
963.023255772131 354.9204718130494 -0.024122 -0.203481 0.30979317 1.0
782.9383782798116 252.68852704502302 -0.55782 0.47362 0.21761043 1.0
1083.0717409752785 344.0137366999363 -0.088447 -0.229434 0.33914924 1.0
1038.6855133309632 392.48905257046994 -0.060094 -0.161113 0.33562458 1.0
1012.2392529088039 366.0392808653884 0.09892 0.067046 0.31355757 1.0
1127.5720200618578 339.5333830097315 0.02007 0.08789 0.33925515 1.0
825.1893714793088 246.26995780088566 0.128741 -0.198641 0.21829191 1.0
1035.448201425832 298.1894930644303 -0.147263 -0.228933 0.2938184 1.0
1061.4917160761443 402.73067474512084 0.292499 -0.04653 0.33642387 1.0
943.7211802055593 350.2554344604255 -0.235989 0.009462 0.2797986 1.0
1057.7924632941156 392.6015903477734 0.147827 -0.004332 0.33159682 1.0
961.643385118633 344.7706953577978 -0.07172 0.21263 0.28231987 1.0
1157.0136950454273 325.50126819597824 0.127584 -0.222398 0.33847892 1.0
873.6829963733907 317.14959043365144 0.155126 -0.468491 0.24206384 1.0
1163.495603496962 403.52715195333735 -0.243128 0.020832 0.3570753 1.0
1182.3993967664164 372.83842225441265 -0.325603 0.148793 0.34959498 1.0
818.0099936331939 239.79010266495047 0.125944 0.101578 0.2055224 1.0
1224.5439850594526 342.8107837883838 -0.325186 -0.033677 0.35967138 1.0
698.6757952500263 250.24405767035435 -0.078611 -0.214299 0.22565678 1.0
853.2559422132446 301.06372636818696 -0.199118 -0.131947 0.29457724 1.0
739.7785386177821 263.8034112079919 0.178968 -0.322427 0.23782387 1.0
868.4458816345342 306.2403835125291 0.522253 0.327185 0.29557794 1.0
965.4925548748698 330.34184078680124 0.15814 0.090048 0.33813187 1.0
881.3274549259219 310.9126363684419 -0.427169 0.062323 0.294051 1.0
893.305424686561 311.298235157228 -0.125833 0.053217 0.29205513 1.0
962.4523596959791 325.6762061603328 -0.651871 0.337206 0.3106149 1.0
595.2017488571312 197.20980560161598 0.24715 0.013892 0.16432352 1.0
1127.76144668765 368.3545851229794 -0.549041 0.046432 0.3455049 1.0
1134.1105802771733 369.7069676540328 -0.049927 0.093276 0.34564334 1.0
1034.1297261289012 338.2180716143211 -0.294038 -0.54537 0.29890513 1.0
932.430539538831 298.0696936687691 0.292234 -0.115736 0.24666566 1.0
979.0306971303143 355.760077171426 0.315999 0.38937 0.3417683 1.0
692.4095982520498 239.63952397912993 0.112513 0.070335 0.19126171 1.0
1093.6062368526175 378.3191629767573 0.196337 -0.082113 0.3579367 1.0
1092.6971092600245 365.5292591405267 0.121442 -0.34851 0.3302096 1.0
737.840441419084 270.9688685644945 -0.080867 0.013739 0.22983076 1.0
1002.3805234535677 363.3795202657453 -0.084902 0.104478 0.3422183 1.0
860.4297502528362 321.1713386515988 -0.222409 0.32483 0.28555107 1.0
1083.5460111610232 379.3343193904013 -0.08267 0.246792 0.34590995 1.0
1094.4594027339672 381.3043044150523 -0.11301 0.0359 0.34576717 1.0
1069.5764809260577 370.8816210382971 -0.23994 0.253202 0.3308787 1.0
1075.863263558044 373.27282057949134 0.261176 -0.122987 0.33332267 1.0
1123.3460724541567 381.0028129942587 -0.494096 -0.044799 0.33840775 1.0
1115.0488762908112 376.0521268425539 0.339637 -0.151532 0.33081234 1.0
1156.6947668042171 391.28550194294957 0.187483 -0.099639 0.35159057 1.0
970.8714263896022 367.93808006211145 0.248181 -0.23966 0.34230712 1.0
918.0988148366253 338.460768600933 -0.03389 0.174985 0.29659763 1.0
990.5656768918512 363.2839010864245 0.02257 0.580581 0.32787332 1.0
932.1891920961893 340.26000917101885 0.083621 -0.067664 0.2940726 1.0
1121.5782562237066 381.3515756370347 0.476025 0.126396 0.3297276 1.0
881.644096834914 313.77556540648123 -0.041363 -0.019976 0.29313484 1.0
806.0118175122303 287.4894524474013 -0.18491 -0.113141 0.25871837 1.0
752.940724613596 265.8989804981387 0.401089 -0.03724 0.23206028 1.0
709.0859520448948 244.10801253546379 0.147964 -0.186668 0.20202395 1.0
1085.7219780547002 370.43913322673177 0.2789 -0.417046 0.35761663 1.0
1058.9741320949597 340.66777303444195 -0.005992 0.050627 0.30228162 1.0
900.4168426337783 327.06161463927435 0.018667 0.035605 0.3072669 1.0
964.3871144553635 350.52816815796433 -0.298918 0.118373 0.3382406 1.0
783.0320918044241 279.4790557695615 0.019849 -0.115249 0.2428624 1.0
921.2933431976915 329.8987933333359 0.623308 -0.42731 0.30370638 1.0
1064.4450800575578 369.0602430588912 0.007105 -0.092086 0.3482568 1.0
729.781323726753 254.58145669187277 0.140873 -0.059148 0.20596862 1.0
986.0207973887076 360.44317293560766 -0.049402 0.150829 0.33736262 1.0
987.1056607144267 361.3566192260732 0.019447 -0.105243 0.3369403 1.0
671.5594297164587 238.41604726337107 0.099006 0.002692 0.18772763 1.0
1065.0126269792454 379.5286823253354 0.076586 0.043893 0.35271087 1.0
1088.1499941746058 384.4588366810843 -0.098546 0.098384 0.3571077 1.0
734.9643860091197 257.95092898768746 -0.107721 0.019679 0.20507158 1.0
1098.5559188907523 385.18984121668205 0.093233 0.152669 0.35785037 1.0
1134.0872922777212 386.6753079132452 -0.030605 0.324722 0.35090604 1.0
1092.0649645583549 370.27461226290546 -0.233575 -0.249278 0.3259019 1.0
1111.743519311107 374.32687871260026 0.325986 -0.246322 0.3305795 1.0
1173.9396131046115 389.6567734049561 -0.040257 -0.029615 0.34802717 1.0
844.3542827619606 321.00518912098875 0.099403 -0.215776 0.28483096 1.0
961.7503242646751 336.94014413520745 -0.563448 -0.125866 0.28466225 1.0
1067.6197398222635 371.0288581667438 0.032871 0.13242 0.3260975 1.0
983.7317106107681 338.7841550523344 0.501112 -0.730404 0.28486875 1.0
988.1854663108129 338.5368945707664 0.010456 0.094986 0.28431308 1.0
1126.4751821127954 380.38622995358475 0.058281 0.01583 0.33110353 1.0
591.4853431136963 225.5846694248733 0.070714 -0.426776 0.17633817 1.0
678.0065707601266 259.8849239560985 -0.044225 -0.154391 0.20943566 1.0
925.553863373842 340.6665894753321 -0.518311 -0.123583 0.29486793 1.0
1050.260797271606 369.3436461188205 0.493794 0.034437 0.31916368 1.0
