X Y e1 e2 Z WEIGHT_SEEING
-555.5480532907235 -135.6736223970994 -0.299274 0.171352 0.1912652 1.0
-874.3477222736738 -211.20732724182088 0.011919 -0.235123 0.3573561 1.0
-726.7517803845416 -173.9632330855593 0.271894 0.062755 0.27671164 1.0
-564.4043774109849 -132.97848753968796 0.177977 -0.274686 0.19432247 1.0
-725.2086394744639 -171.20794940632308 0.030436 -0.068429 0.2716116 1.0
-696.3398796587838 -153.8385532519791 0.309391 -0.108621 0.27174577 1.0
-518.0468146751886 -113.71046846671358 -0.121563 0.072146 0.1865425 1.0
-820.0162711463481 -186.50549542759694 0.050377 -0.112741 0.33792874 1.0
-819.341247121525 -219.25404908535978 0.035681 0.343994 0.32726702 1.0
-755.3678392781322 -189.53200929984067 -0.159416 -0.064658 0.3261139 1.0
-744.4508016075458 -191.47876942655373 -0.065545 -0.236986 0.2922813 1.0
-784.163727595389 -197.50530007612346 -0.273295 -0.232581 0.31909326 1.0
-700.913214163646 -171.9522368888215 -0.195366 -0.299799 0.2830598 1.0
-842.4630927974163 -211.9389675394714 0.03974 -0.072253 0.34171513 1.0
-609.6593385671749 -152.87293430704312 -0.182686 0.399412 0.2188176 1.0
-683.5858378059199 -162.27190257652674 -0.254949 0.22504 0.27621764 1.0
-721.6356147940048 -171.60091452552666 -0.465183 0.081865 0.27086502 1.0
-869.9152077649019 -207.16306226239527 0.03192 0.214429 0.35584795 1.0
-582.4360090569074 -153.92210747744468 0.029958 -0.118423 0.20491259 1.0
-744.3684592112762 -192.7279200385486 0.014902 -0.041588 0.29274786 1.0
-755.1386023814066 -192.22784154903707 0.120366 0.028286 0.30574226 1.0
-725.3225563299295 -188.87182599327147 -0.345019 -0.294698 0.27105546 1.0
-721.8360414584412 -185.01843835458857 0.144915 0.137327 0.27106622 1.0
-722.3822226270545 -184.98163044443936 -0.307931 0.36457 0.27138412 1.0
-743.8459086679018 -188.4404353073385 -0.40496 0.08637 0.286414 1.0
-711.4161308687762 -177.115467304733 0.078786 -0.204634 0.27864775 1.0
-793.0699481463913 -193.18433699419302 0.292461 0.020199 0.33330867 1.0
-727.991758294812 -183.50598270756507 -0.133759 0.276888 0.271755 1.0
-711.2546779472352 -176.28450602095484 0.188799 -0.031138 0.2658845 1.0
-675.9030810626746 -165.4107016776679 -0.113047 -0.32932 0.25396103 1.0
-785.6834384146763 -191.43773875610177 -0.110216 -0.552251 0.3159575 1.0
-767.8480980032127 -187.11640501785254 -0.11667 0.311602 0.3082014 1.0
-695.3837999403595 -166.56472709389013 -0.569802 0.169688 0.269867 1.0
-708.1312858676523 -170.57559712268193 -0.08169 0.076921 0.2683922 1.0
-790.3120817600889 -178.90464396791714 -0.04393 -0.037735 0.33818644 1.0
-505.5380607984284 -144.2180234662099 -0.084716 0.255345 0.17393285 1.0
-822.9045311914397 -225.30226152688365 -0.151997 0.337876 0.32798883 1.0
-819.9961622074227 -222.99581148700608 -0.096695 -0.628301 0.32814005 1.0
-686.6453433082523 -186.27975723674263 0.007701 -0.09362 0.25725275 1.0
-702.5403500627864 -200.6745762291222 -0.186674 -0.046991 0.29773378 1.0
-576.9387254338488 -165.044927462881 0.103517 0.277507 0.20606308 1.0
-801.806326691083 -228.2467235282513 -0.13257 0.174616 0.32839963 1.0
-800.8082192381062 -224.84669574971443 0.005225 -0.079853 0.34075534 1.0
-789.7372341328021 -219.50591651237005 -0.177519 -0.072351 0.34451088 1.0
-693.8351544693372 -191.87059789086356 -0.013577 0.031332 0.27097 1.0
-784.2863266463058 -212.10266514166076 -0.011941 0.057113 0.35364857 1.0
-831.0655094862298 -225.87738993564832 -0.070762 -0.190191 0.3390695 1.0
-742.7276428368491 -195.56425000898682 -0.035897 -0.111414 0.31502977 1.0
-584.3619264669826 -170.16380908366554 0.465509 0.385484 0.22689007 1.0
-854.8046688846905 -245.3800211256576 0.177459 -0.267305 0.3540948 1.0
-703.1252487876634 -199.44580850586377 0.462617 -0.068238 0.28160068 1.0
-787.6694134586553 -224.31899705173814 0.214 -0.337061 0.33950344 1.0
-837.946912081728 -235.65518428894285 0.032738 -0.662391 0.34035283 1.0
-706.1821005728826 -197.48456842405795 0.104969 -0.223729 0.26897258 1.0
-693.5370944530715 -194.07471678743826 -0.140935 -0.169724 0.26555693 1.0
-679.50310023661 -190.38142035203123 -0.001837 -0.108984 0.25843126 1.0
-688.6639207570539 -191.85152268170683 -0.069085 0.027571 0.26940605 1.0
-814.3170938780477 -226.7376831307755 -0.202692 0.161999 0.3480956 1.0
-620.4020474151238 -170.72377587965553 -0.259961 0.112664 0.24814467 1.0
-809.4736698842264 -223.6710253828265 0.078595 0.477366 0.32265577 1.0
-845.7364941387052 -232.34672874172372 0.050962 -0.340828 0.34902617 1.0
-704.6885005112578 -192.08790658114432 -0.103369 0.255307 0.26937103 1.0
-736.6895995685351 -201.67736200419938 -0.106833 -0.148259 0.29178986 1.0
-732.2645642788073 -194.8673989535576 0.211562 0.162964 0.31230605 1.0
-785.3629502285778 -209.02924312002702 0.080585 -0.133899 0.3524567 1.0
-809.5271412908129 -216.20104534465608 -0.055982 -0.015773 0.326984 1.0
-829.5338347438881 -216.54213242355738 0.010688 0.007055 0.3539936 1.0
-674.5840602144149 -172.47323310006223 0.030292 0.109098 0.27683967 1.0
-785.0177241376088 -211.7630144174512 -0.05869 0.21413 0.35435703 1.0
-533.8911332439233 -122.42999963081577 0.363649 0.047626 0.18301468 1.0
-826.2668152708088 -199.54565137514132 -0.172878 -0.253883 0.3389103 1.0
-692.1532743475335 -160.77727753533108 0.291399 -0.141878 0.27438095 1.0
-710.9249410188854 -165.3374697832295 0.006616 -0.068621 0.2885071 1.0
-489.5240839047997 -113.10815539408225 0.048574 0.044629 0.17680906 1.0
-723.8551481507927 -167.55853631710974 -0.172566 -0.339252 0.28334665 1.0
-720.3438186519941 -167.10501312944112 -0.21226 0.182973 0.2824728 1.0
-795.7170190115698 -177.26184640925382 0.133243 0.078058 0.33910576 1.0
-779.976001477895 -172.33909204349234 0.010647 0.103242 0.331334 1.0
-608.8759288253001 -140.84400096265304 0.051555 0.258777 0.21621396 1.0
-565.1701830972755 -131.00235177867194 -0.178412 0.306073 0.19660835 1.0
-535.6189480089878 -123.97140708792784 -0.229987 0.156514 0.18552966 1.0
-821.8454850655578 -186.4819826537367 -0.167599 0.213513 0.33375028 1.0
-628.3384672498296 -143.6458993827601 -0.061987 0.049516 0.22995709 1.0
-816.8336075979771 -181.85425392580353 -0.002696 0.016133 0.33853891 1.0
-499.8363319235157 -111.42141460004319 -0.225728 0.115439 0.17610382 1.0
-614.584552060051 -135.4405494176025 0.180963 0.280007 0.23203117 1.0
-767.4453255349459 -177.8185207362551 0.143613 -0.192848 0.30258146 1.0
-827.8793913228446 -191.0360404861957 0.221468 0.433287 0.34210736 1.0
-831.171682814746 -187.3579893079054 0.147592 -0.39816 0.3536894 1.0
-593.3906767840404 -155.26973797720763 -0.247565 -0.257724 0.21826118 1.0
-589.3688053237832 -152.93724621988633 0.411503 -0.29301 0.21897705 1.0
-540.1145292833511 -134.6679422366797 0.383346 -0.188608 0.2052442 1.0
-541.2295263167462 -132.1177589199447 -0.340637 0.014206 0.20339905 1.0
-447.6631085217983 -108.30918223863084 0.090673 -0.423623 0.16109692 1.0
-722.9333306467212 -181.50216201503986 -0.040317 0.044556 0.27592617 1.0
-515.0152276960071 -123.66437766051948 0.41942 -0.208683 0.18877237 1.0
-508.4724231673151 -120.5710372495315 0.063971 0.0049 0.18804254 1.0
-508.9612169293101 -120.65735316555426 0.46066 -0.084799 0.18826208 1.0
-515.3036945481247 -121.12436835530188 0.731935 0.160154 0.19106913 1.0
-625.8093376777387 -148.58239022989503 -0.041461 0.036488 0.23265886 1.0
-509.05500573185503 -116.43565002668247 -0.219898 -0.379667 0.18748708 1.0
-534.4217405839102 -123.4641100139717 -0.028867 0.147693 0.18302403 1.0
-803.5840717225457 -208.60432109301613 0.012844 0.352875 0.32486776 1.0
-543.0039014035691 -135.2293833107622 -0.356738 -0.244975 0.20327264 1.0
-810.7573504741484 -201.85786287137879 -0.241479 0.215482 0.3585483 1.0
-493.8363973267559 -123.47395455252673 -0.320029 0.125976 0.17077452 1.0
-690.0653981886232 -170.986237773264 0.675491 -0.300429 0.26797575 1.0
-510.1019962026507 -123.26610338456116 0.364707 0.030148 0.1885616 1.0
-570.7218726742252 -141.05215397312688 0.199877 -0.165987 0.2015322 1.0
-711.2482739067392 -166.7368777650574 0.089389 -0.201525 0.28894797 1.0
-713.8603466404454 -165.88735929462396 0.165857 0.036186 0.28020933 1.0
-795.098768851776 -218.46809215150455 0.080392 0.090149 0.32606894 1.0
-497.3027364464117 -136.1518549486908 0.118228 0.286967 0.17703915 1.0
-801.0435696204521 -213.35684832505706 -0.256422 0.322048 0.3269171 1.0
-809.5238100522781 -214.69964688291626 -0.253777 0.066064 0.3375999 1.0
-640.5782638167635 -166.48215496704378 -0.055982 0.541835 0.25767156 1.0
-638.0954755651663 -165.50743360485114 -0.051356 -0.144902 0.25657013 1.0
-791.1672457590497 -232.53009586739014 0.069606 -0.165114 0.34009764 1.0
-791.705610489909 -232.9559883359549 0.03555 -0.60307 0.3406036 1.0
-778.9905338540443 -228.1130849815343 -0.233564 -0.172981 0.3386749 1.0
-638.859899479248 -186.00910191998423 -0.400329 -0.160034 0.2609672 1.0
-636.1119488590934 -184.67986583981636 0.262379 -0.68369 0.2614048 1.0
-783.9987117971854 -224.9298151988384 -0.077866 -0.046873 0.33779812 1.0
-677.6339782593129 -193.22867485448364 -0.015705 0.105415 0.2763812 1.0
-636.3273257435447 -180.45246881040578 0.103024 0.154959 0.25609666 1.0
-616.6235759160742 -175.2282973822017 -0.328776 -0.088113 0.24677709 1.0
-676.8640803693087 -191.63323029168203 0.075651 -0.2126 0.29200143 1.0
-817.7621824688877 -231.8279705262583 -0.161552 -0.072024 0.3399215 1.0
-542.4355798064865 -151.00702166519133 -0.070711 0.186263 0.2024075 1.0
-791.3854301094425 -222.39601993955398 -0.421037 -0.007308 0.34134808 1.0
-530.1565516065178 -146.34532508877058 -0.716128 -0.067284 0.20162202 1.0
-683.4930423375354 -188.99137081456848 -0.022799 0.246534 0.29192623 1.0
-809.5637876441695 -222.75724988508586 0.133143 0.193527 0.33900696 1.0
-671.5430912358773 -181.95784199527083 -0.02976 -0.185072 0.26814318 1.0
-464.28078637560145 -126.5097472917573 0.122805 0.22059 0.16750295 1.0
-728.0725134619576 -198.28974073682235 -0.257549 0.151177 0.30334055 1.0
-592.9388094492989 -159.6024941052267 0.251265 0.250862 0.21672808 1.0
-639.8082663697985 -168.93804521878178 0.027737 -0.376661 0.2549004 1.0
-568.7185126940616 -166.83758176183062 -0.404154 -0.066927 0.22824381 1.0
-790.0917198529306 -228.85229967543924 0.310734 -0.057142 0.34032953 1.0
-654.3839334573853 -188.95677356313593 0.292488 0.087098 0.2710209 1.0
-675.2232534129212 -192.98827338504148 0.139442 0.044021 0.28762498 1.0
-768.3228682962563 -218.83504152146568 0.136817 0.265751 0.35410073 1.0
-677.4558901759686 -192.09984768578622 -0.07378 0.247499 0.27569944 1.0
-630.919162494954 -178.59218060491054 0.139894 -0.231735 0.253162 1.0
-726.7620453284886 -200.9679933977828 -0.055084 -0.183011 0.2896794 1.0
-677.7445208917892 -185.64689643305522 -0.380315 0.092942 0.27359042 1.0
-529.2881107341551 -144.28719038346748 -0.046797 -0.004384 0.2001899 1.0
-652.6990255907751 -178.340691359063 0.270374 0.212896 0.26752058 1.0
-467.91344917381457 -126.862696264181 -0.05647 -0.08818 0.174136 1.0
-702.835914143816 -185.26818733140462 -0.124306 -0.024552 0.29771057 1.0
-683.691666081207 -176.75231852280606 0.14368 0.231582 0.28465766 1.0
-683.6320404604294 -178.11393619508348 -0.186717 -0.240077 0.26757994 1.0
-671.7909699463106 -172.0905777803966 -0.139602 0.363274 0.26858672 1.0
-528.529404234181 -134.2854794844894 0.166898 -0.092235 0.19965315 1.0
-670.9062541143023 -194.4564115856837 0.222022 -0.426211 0.28849235 1.0
-778.6558603316893 -208.73613973819403 -0.770889 0.005879 0.35406992 1.0
-652.5074546068287 -164.85927560397081 0.083805 -0.243392 0.26745155 1.0
-579.1070025628804 -174.91775348639382 -0.535018 0.157028 0.22984645 1.0
-774.1515123250915 -228.2447823781335 -0.579191 0.022373 0.33718002 1.0
-542.1653917222909 -160.70061194588183 -0.104052 -0.005798 0.20763993 1.0
-653.1529083444545 -193.90394946179524 -0.004048 0.04243 0.26924115 1.0
-673.466231193771 -200.45087365385845 0.359766 0.633624 0.28090882 1.0
-666.9451601849928 -197.7256637608992 0.085606 0.045756 0.2772374 1.0
-668.030198103256 -198.21031202729958 -0.136661 0.123337 0.28096908 1.0
-681.4865214462712 -196.83889632559266 -0.473883 -0.088562 0.2985426 1.0
-773.9360385816968 -277.6223992846735 -0.205021 -0.275574 0.3380524 1.0
-785.6493123444194 -272.5670012556809 0.6067 0.263662 0.3424165 1.0
-444.81548992781154 -154.56330497954335 -0.145734 -0.343504 0.1627547 1.0
-643.9486556025998 -220.9697684647509 0.183526 -0.21327 0.26300624 1.0
-710.6480909492748 -245.03197559097225 0.380012 -0.21389 0.3132163 1.0
-781.5514267629991 -271.0397787845587 0.027622 0.139702 0.32514682 1.0
-629.3077114722934 -218.3374376053437 -0.36117 0.205285 0.24096741 1.0
-722.1921274393551 -251.90222925153205 -0.085452 0.059746 0.29633826 1.0
-666.0478773211631 -232.67876601119957 0.043533 0.191449 0.26704305 1.0
-675.8980915688112 -230.5984161366079 -0.030001 0.041655 0.26278555 1.0
-766.9960869268424 -263.78365664079354 -0.119193 0.57038 0.32661402 1.0
-705.3015817725761 -243.45050375045912 -0.109839 0.165217 0.2890266 1.0
-779.6456544965721 -270.3962278363964 0.054634 0.011644 0.35060436 1.0
-733.3530595237211 -248.96709029757363 -0.313008 -0.218655 0.31090492 1.0
-782.1534726806452 -265.7719903670141 0.340165 -0.332153 0.3527888 1.0
-673.8280253876202 -238.3066673967665 -0.227015 0.410309 0.2674294 1.0
-629.5057523807335 -218.13135771894073 -0.754702 0.374202 0.2411122 1.0
-682.1284061850819 -236.92667394757788 0.12471 -0.04382 0.27577862 1.0
-730.2627460243414 -255.63179447377678 0.103888 0.067887 0.31051695 1.0
-656.498270898257 -221.84431512510957 -0.120671 -0.135712 0.24936105 1.0
-589.2601989273742 -199.99325961482498 0.078314 0.110909 0.22002064 1.0
-522.8557686422266 -172.5510170373651 -0.216683 0.214035 0.18544875 1.0
-843.8503934734435 -272.46578749107044 -0.386798 0.003728 0.35382938 1.0
-767.3944518435261 -247.68717809336468 0.046938 0.417117 0.30744848 1.0
-660.0104478700099 -212.34593907481093 0.192262 -0.046419 0.24901734 1.0
-485.6352134795102 -163.69293717430216 0.012058 -0.148151 0.17028348 1.0
-792.5575202355967 -266.84791500409585 -0.160796 -0.103341 0.32843795 1.0
-815.354464369577 -268.61822490211 0.526303 0.141154 0.34944105 1.0
-606.881262902731 -200.86272948918582 0.026357 -0.102577 0.24245244 1.0
-824.7188895385603 -265.4678367373433 0.150277 -0.25841 0.344504 1.0
-651.2068356475328 -211.1968049280423 0.069921 0.193763 0.24853495 1.0
-666.7626540442321 -223.13859728988834 -0.30942 -0.470604 0.2682145 1.0
-776.1985051444943 -259.5136498559896 -0.011256 -0.077941 0.33647087 1.0
-781.1923998397883 -261.8723328285339 -0.503319 0.258031 0.34977853 1.0
-768.4308435787459 -249.472241747193 -0.188395 -0.084222 0.30766326 1.0
-798.03835234718 -261.45622426673975 0.08071 0.176442 0.32900387 1.0
-732.974189896172 -259.83642728628803 -0.152506 -0.008904 0.30883694 1.0
-654.1654210139449 -231.6052867165302 0.318456 0.432991 0.26458153 1.0
-703.1387479503924 -249.47910386217967 -0.209181 -0.239838 0.29441693 1.0
-704.50886608191 -245.51120110363055 -0.469746 0.221914 0.2932596 1.0
-786.2946870527525 -273.62141115221743 0.129275 -0.116801 0.348218 1.0
-763.7308103190552 -268.606918425449 0.069904 0.07712 0.34492567 1.0
-654.3429295126316 -223.38471856822622 0.115372 0.089374 0.2645619 1.0
-779.524475742367 -267.9821065335266 -0.124574 0.168303 0.35120544 1.0
-707.0720917627885 -245.4570704703079 0.054949 0.381976 0.31238985 1.0
-500.0862302417478 -174.91617420341484 0.053641 0.264687 0.20348322 1.0
-735.7274785373528 -258.1062211266808 0.260266 -0.211931 0.31005263 1.0
-763.8602127765015 -272.2411280284684 -0.053046 -0.064779 0.34617352 1.0
-644.6842142525611 -223.62279012359122 -0.514123 -0.126905 0.26390162 1.0
-762.1023178422254 -264.0840727570669 -0.016741 0.630273 0.34392947 1.0
-627.1207362970001 -218.05734642960687 0.055251 0.053603 0.2601863 1.0
-505.6447436397973 -177.02738926468925 -0.161165 -0.202271 0.20104444 1.0
-748.0831030089535 -251.2590525978239 -0.132762 -0.222442 0.31504488 1.0
-477.59487452507346 -160.36091090632 -0.170117 0.121871 0.1738594 1.0
-623.8421165818684 -212.2207817438799 -0.21526 -0.232753 0.2517488 1.0
-588.5083813538095 -200.82226779956017 0.029617 0.14828 0.23657167 1.0
-715.0624444525654 -245.41291738485222 -0.142227 0.166365 0.315445 1.0
-555.7201281397031 -189.75946290441107 0.144671 -0.282011 0.22315115 1.0
-763.5990617866834 -261.27738091301427 0.003194 -0.296884 0.34875435 1.0
-559.3200398563948 -192.0887666407286 0.22864 0.314701 0.22596027 1.0
-745.7434675546306 -261.95408813697173 0.390065 0.251624 0.33906472 1.0
-653.5412126676754 -223.77308021159396 0.03433 0.067086 0.2639235 1.0
-799.0565877333643 -271.4454677544426 -0.067996 0.055342 0.35107344 1.0
-694.9982009703529 -239.83958452935843 -0.234027 0.421429 0.31792027 1.0
-478.55032531672725 -158.96188442948926 -0.441726 -0.090185 0.17268918 1.0
-815.8925916923594 -271.6457245104965 0.115407 0.002031 0.35801652 1.0
-670.0732475494998 -221.3149985758311 0.072199 -0.269403 0.2717275 1.0
-606.1292465958387 -200.74378763379931 0.104033 -0.015748 0.2416408 1.0
-609.2654176187358 -202.04793323785802 0.075101 0.451485 0.24341142 1.0
-686.0033301366235 -228.49833158947547 0.058487 0.089781 0.28726527 1.0
-639.9498130383721 -212.8368628169591 -0.107345 0.043364 0.26201683 1.0
-551.2991038507198 -184.43136427979576 -0.011222 0.18335 0.21841821 1.0
-574.6790254102244 -186.2371672639981 -0.458766 -0.162228 0.22162868 1.0
-686.0730719882437 -222.98155084701347 0.099271 0.373205 0.28388655 1.0
-596.39255599995 -200.0244559359487 -0.129127 -0.2863 0.2346615 1.0
-655.5830979515683 -214.48734276358115 0.318193 0.39538 0.2655656 1.0
-658.6563288637642 -216.8899892472163 0.187146 0.053579 0.2687837 1.0
-614.087936299443 -201.70487213569976 -0.330158 0.488962 0.24640884 1.0
-754.981107081288 -243.0848538305713 0.020677 0.867864 0.30950847 1.0
-644.6526085007113 -200.2076129356335 0.527751 -0.060288 0.24468108 1.0
-770.9516885818407 -237.62471573610532 -0.064572 0.428636 0.31383812 1.0
-663.9937806754289 -203.46376780040075 -0.157891 -0.172895 0.25515458 1.0
-600.7783976916776 -206.1307300811293 0.28652 0.342517 0.25723904 1.0
-635.9964951951744 -210.9611810303868 -0.083478 -0.3146 0.26772463 1.0
-760.8777942332521 -228.59986954960826 -0.097937 -0.329679 0.35248265 1.0
-749.0837437386793 -222.03882532324238 0.038562 0.02898 0.31321937 1.0
-822.5362285542462 -236.37873339908705 -0.05555 0.154425 0.34157926 1.0
-777.4530189688572 -221.04542993080958 0.120394 -0.415323 0.31794366 1.0
-681.0697391608727 -233.72435950254615 -0.174853 0.250425 0.30186102 1.0
-624.7580182106809 -209.54241566287712 0.084639 -0.355073 0.26305902 1.0
-834.5293687926863 -258.7534495014319 0.099875 0.100849 0.35255468 1.0
-770.1514422489174 -237.63509924655042 -0.385833 0.368281 0.31437078 1.0
-623.6418286153714 -195.6421379073664 0.562138 0.074528 0.23479207 1.0
-763.5224621398635 -238.02127396598078 -0.093722 -0.163588 0.31262335 1.0
-543.3958611525716 -169.35778295109847 -0.649788 -0.120692 0.19935943 1.0
-506.1571642949586 -169.7591211166417 0.121865 0.036172 0.19843978 1.0
-623.3794210346224 -208.02542248786807 -0.697121 0.522786 0.2605932 1.0
-667.7526983755783 -215.34183963593293 -0.223239 0.064568 0.26308998 1.0
-652.4111484860972 -221.4241828287967 0.082381 0.247349 0.284151 1.0
-694.6429630567216 -237.03841755895982 0.09763 0.127179 0.3169342 1.0
-501.7128190875707 -171.15748229726128 -0.07412 0.016046 0.20467433 1.0
-595.3106590966318 -201.9088199994557 0.214268 -0.233206 0.25803995 1.0
-671.7801967545305 -218.72320878748107 -0.028288 0.01906 0.26490107 1.0
-665.0629171931399 -213.18094627114002 0.168155 0.174488 0.26355183 1.0
-654.4497851861395 -204.88787651163574 -0.180458 0.347593 0.2529859 1.0
-539.0810988490296 -161.2669181965864 -0.123629 -0.121149 0.200096 1.0
-743.5428411311201 -219.6790393403879 -0.108383 0.054225 0.29497883 1.0
-693.9197716620442 -234.25649448560745 0.015628 -0.588643 0.31684172 1.0
-695.455093591921 -233.56871962296628 -0.030798 -0.165617 0.31852934 1.0
-687.3517116162959 -229.8631841648066 -0.009795 -0.02613 0.3158713 1.0
-521.0541465491217 -170.37978882749573 0.207467 0.108961 0.20453282 1.0
-574.5919902290408 -188.75309762152884 0.143656 0.034041 0.24519086 1.0
-559.5620486773931 -175.1417900497771 -0.278773 0.144683 0.22249544 1.0
-727.0895153971994 -226.45230180869615 -0.002382 -0.235614 0.32160088 1.0
-707.7767882143045 -214.1584851584764 0.065743 0.154152 0.27800044 1.0
-674.2572832182814 -203.7974560703267 0.10317 0.0571 0.26076576 1.0
-505.2899511180422 -171.29162969280006 -0.016846 0.399647 0.20415024 1.0
-493.9152852666678 -162.81475341096564 -0.503024 -0.575706 0.19697884 1.0
-696.0453670485788 -230.1134339635638 -0.385435 -0.070731 0.31267887 1.0
-601.9629477174112 -188.91831392310178 0.008886 0.229499 0.23160072 1.0
-560.8777168075313 -177.41906568458148 0.555709 0.197168 0.22293293 1.0
-669.8528504077516 -211.22300126443025 -0.14144 0.004232 0.29248542 1.0
-690.8778851344786 -219.2614341585453 0.386116 0.023393 0.30750728 1.0
-706.8689386097784 -224.6891887491683 -0.151655 0.454619 0.32234693 1.0
-625.2378846135333 -191.45197508987874 0.053042 -0.157778 0.23482643 1.0
-606.6777066830276 -185.34879935687349 -0.201208 0.901128 0.2312287 1.0
-635.9671823746316 -196.13203101609463 0.209168 -0.360089 0.27667215 1.0
-802.8325467849775 -239.45417361854078 -0.167839 -0.331254 0.3321127 1.0
-668.2441018954519 -200.58513872413934 -0.299481 -0.507241 0.25576785 1.0
-572.300454213082 -171.93046995899954 0.440787 0.100676 0.22865355 1.0
-734.5232846610077 -216.47534837927995 -0.086965 -0.104658 0.2946765 1.0
-805.5991896490509 -241.40209291239984 0.044077 -0.047992 0.34030333 1.0
-702.4799126122078 -209.9552946646442 -0.048279 0.063288 0.2858042 1.0
-792.7818472177224 -241.14656510823497 0.263424 0.070888 0.33928832 1.0
-773.4179842225933 -234.7429784987149 -0.225591 -0.106893 0.3274826 1.0
-645.4185467368967 -196.25880756762768 -0.389173 0.051373 0.26901922 1.0
-479.0960912032217 -160.7123351300252 0.249918 -0.276298 0.18942031 1.0
-469.88716437521254 -156.70906485082782 0.077246 0.158643 0.18499465 1.0
-627.3427607385486 -205.6118405808475 -0.284903 0.092836 0.26067418 1.0
-628.6576377684536 -205.94791922078656 -0.056841 -0.045574 0.262607 1.0
-506.1574392521593 -165.56390349583157 -0.107545 -0.211774 0.19717278 1.0
-625.2956373855734 -204.73765257086458 0.201944 0.007606 0.2634516 1.0
-625.4957412808345 -203.67636303466398 0.077415 0.033716 0.26338363 1.0
-536.2968495635893 -174.7876264875795 -0.279733 -0.292427 0.21690902 1.0
-698.6440076643439 -229.09456320103732 -0.289987 0.543051 0.3184369 1.0
-601.2970534151954 -196.56494541011924 -0.044381 -0.007628 0.2587944 1.0
-693.054183005141 -226.62442263490314 0.095087 -0.099338 0.3157177 1.0
-601.9879819860729 -196.66153440512895 0.143965 0.139225 0.25950086 1.0
-541.5550009102608 -172.28865339592855 0.185872 0.015211 0.21614827 1.0
-457.15991992105705 -146.21886138293357 0.102215 -0.267818 0.17555512 1.0
-608.6332444187047 -194.35203805223682 0.089088 -0.152713 0.2612239 1.0
-658.8354881448691 -205.27921907714276 -0.208279 -0.133558 0.2632575 1.0
-529.1684309225552 -165.3199315967729 -0.113213 0.244716 0.21320921 1.0
-731.5790597916227 -223.37373866309397 -0.068796 0.06092 0.32329383 1.0
-449.74182435523863 -151.96197345411693 0.067793 0.179957 0.17645274 1.0
-578.5757432790897 -191.23865988227456 -0.195445 0.027609 0.23816079 1.0
-685.5598634694654 -227.7342194639063 0.363784 0.068513 0.31467295 1.0
-456.1429712233405 -147.37535321921501 -0.135095 -0.607159 0.1765136 1.0
-694.0328277038518 -224.81349669595735 0.007702 -0.030669 0.3144712 1.0
-790.4345862925124 -246.55232988591584 -0.219372 -0.182687 0.33526304 1.0
-646.7197222919947 -202.32319993098122 -0.207663 -0.066724 0.25238293 1.0
-608.9016020076294 -191.10085004961732 -0.175621 0.215114 0.23254824 1.0
-605.6506193022248 -190.66950683430838 -0.375235 -0.572964 0.23210435 1.0
-709.9676173511607 -222.27279510972036 0.592928 0.065165 0.2911615 1.0
-740.4199498434571 -232.3080965094506 0.002967 -0.071026 0.3277586 1.0
-694.832772125028 -219.9903989135366 0.1006 -0.081478 0.30967602 1.0
-696.6415454686751 -219.69735212787725 0.421616 -0.073721 0.313771 1.0
-733.5585151867541 -231.68273472060523 0.118025 -0.404132 0.3426724 1.0
-818.7422060902644 -250.76553287418807 -0.068934 -0.22071 0.35476348 1.0
-791.9406168915748 -241.9017691511442 -0.003289 0.012992 0.3381038 1.0
-606.2972217474377 -184.94585097054693 -0.104432 -0.511417 0.23284818 1.0
-649.7956253330984 -198.6230802408058 0.088921 -0.024423 0.2707582 1.0
-719.7607050060903 -221.84959073355546 -0.097884 0.278845 0.32464108 1.0
-722.4938149359089 -222.03985539678987 0.05706 -0.048685 0.32649583 1.0
-726.3216209409222 -223.33942773515804 0.175988 -0.154385 0.3333695 1.0
-683.1406731192732 -205.1569486937787 -0.048195 0.372006 0.29284203 1.0
