X Y e1 e2 Z WEIGHT_SEEING
210.177051818967 -6.891026970956941 -0.268072 -0.285457 0.32315826 1.0
182.05895902384844 -7.006509824991451 0.566447 -0.086202 0.25405464 1.0
210.3616203189422 -8.321366470206131 -0.195531 -0.26715 0.31708696 1.0
180.49806212931037 -31.113581085999844 0.060194 0.289048 0.2845182 1.0
184.80993951697528 -27.410831866550904 -0.485949 -0.057868 0.30024362 1.0
192.31530309487948 -28.40610022228484 0.36903 -0.090628 0.29903656 1.0
225.14611296472646 -28.33942774378429 -0.058066 -0.003591 0.34047318 1.0
141.79704047204172 -33.361028210058095 0.28576 -0.72124 0.35549405 1.0
163.60473387383533 -34.34444082129397 0.14081 -0.380993 0.35871863 1.0
178.16633538583557 -36.9934017732884 0.08865 -0.289147 0.3570863 1.0
124.65927065144919 -25.472657890731718 -0.444511 0.085201 0.31289938 1.0
129.83026780202337 -27.567278571026616 -0.05192 0.103561 0.32207006 1.0
134.5696125837436 -25.173279363247726 -0.067741 -0.064194 0.29451132 1.0
125.75255464481381 -23.964481838661417 -0.225517 0.310217 0.25488365 1.0
159.43264609393333 -29.53354598778308 -0.003287 0.566681 0.3523847 1.0
135.0158741168415 -24.95082163620356 0.084899 0.033334 0.27174056 1.0
190.40356300559608 -30.975509121650653 0.074695 -0.620095 0.345595 1.0
181.97945980415335 -30.579938918754006 -0.356907 0.413969 0.28140485 1.0
212.73136096675597 -34.65683968889288 -0.453189 -0.002188 0.350284 1.0
185.8710410083148 -29.720112805401268 0.151524 -0.080135 0.28060332 1.0
226.72524355070055 -34.63098716561967 0.3682 0.017229 0.32904828 1.0
167.61773920677817 -24.576266358262036 0.226146 0.099295 0.2845614 1.0
189.99246152449155 -25.925677212602388 -0.076252 -0.141705 0.30370864 1.0
190.8273894319937 -26.569983962913607 -0.393719 0.321404 0.26194263 1.0
165.46639268350452 -20.009378282046356 -0.107689 -0.063274 0.3052768 1.0
181.94094455463124 -20.193281186106617 0.028102 0.094968 0.2596477 1.0
141.03840117620763 -12.796337674375888 0.047842 0.01302 0.26035613 1.0
185.72204515997183 -15.741948316424285 -0.216422 0.101843 0.25974327 1.0
184.43468589431345 -11.82335169237976 -0.123235 0.118614 0.25548354 1.0
117.73276707097111 -28.920254339485144 0.582938 -0.003852 0.3125638 1.0
100.237450114842 -23.463082570193414 -0.549641 -0.15599 0.23657152 1.0
106.52089628683207 -24.97182109334395 -0.284455 0.453122 0.25214806 1.0
172.4969506192441 -33.7272435381084 -0.242212 -0.07922 0.34967768 1.0
132.22154493109147 -23.463373921168525 -0.225456 0.412444 0.3095764 1.0
139.58319848572143 -25.682852361304967 -0.068941 0.384151 0.33114052 1.0
171.74343962006967 -26.863600552203977 0.040203 -0.00451 0.3221205 1.0
197.73114996943406 -25.868004261677584 -0.117514 0.034893 0.35264727 1.0
163.5762493935082 -12.255482137464014 -0.076945 0.13725 0.28077677 1.0
188.41507844763086 -12.900363417804332 0.317961 -0.390934 0.30766705 1.0
187.0754898056419 -13.910929406448206 -0.104392 -0.092837 0.3017948 1.0
228.1529194967665 -18.556572622279674 -0.101288 0.000442 0.34280062 1.0
165.6922732530394 -59.71521850771682 0.014781 -0.132572 0.35560068 1.0
150.22539335129656 -46.19193959727431 0.500184 -0.174354 0.22619875 1.0
179.02640711539027 -53.29030782850502 0.046147 0.152526 0.28019246 1.0
140.90791451294663 -49.586867973059825 0.297278 -0.003242 0.31306043 1.0
121.84287746427428 -39.53873056377939 0.067071 -0.210786 0.2851035 1.0
169.83126428418348 -39.969356112524636 -0.157562 0.024411 0.28440642 1.0
125.27989133916188 -30.975386960522222 0.200406 -0.568325 0.29835808 1.0
133.14824514923282 -33.632628393977065 -0.165868 0.286493 0.31249812 1.0
149.53077183101402 -35.11117645808183 0.117759 0.268333 0.35597488 1.0
156.0181911906545 -37.20082116856703 -0.209926 -0.003968 0.34459153 1.0
160.4007182658695 -35.85619327798406 0.29158 -0.033067 0.30532342 1.0
217.77468516725588 -42.584822411377075 -0.098678 -0.14543 0.3501904 1.0
148.4763697065056 -45.9337121442457 0.254261 0.036967 0.31355706 1.0
217.1750727846414 -55.94378840228993 -0.068378 0.166444 0.3502396 1.0
120.4106537674605 -37.67353805779871 0.173572 0.212628 0.27693743 1.0
175.25103312840517 -45.9681972172336 -0.091689 -0.210331 0.35586601 1.0
177.47967056429562 -42.97575672748898 0.215076 0.116795 0.30669382 1.0
117.70237744885706 -33.337786353755156 0.381147 0.192439 0.3044339 1.0
164.3781531930661 -39.56473369348497 0.1573 -0.027258 0.32592532 1.0
221.1891499341561 -43.78388158263325 0.20289 -0.046406 0.34673044 1.0
179.31071947514891 -5.7564399076380415 0.128566 -0.088677 0.25271237 1.0
181.74110927975704 -6.585044625181991 0.040049 0.169706 0.2547726 1.0
200.36339149481609 -7.364947843983487 -0.191612 -0.271448 0.2755055 1.0
225.2548177208438 -4.453564447886772 -0.052081 -0.132262 0.3190307 1.0
205.79160216470765 -4.9387626921665335 -0.120746 -0.22879 0.29876548 1.0
181.31990487239997 -32.915034163518825 0.190172 -0.010507 0.28271422 1.0
186.95920574776954 -31.849400266740425 0.062842 0.001197 0.28163433 1.0
168.2119536035594 -28.074302775537397 0.049882 0.031617 0.2327307 1.0
140.80082824215845 -24.35118443779141 -0.321144 0.218079 0.18015648 1.0
208.30493154945734 -35.58274533195234 -0.16728 0.221052 0.30304265 1.0
171.3362470601416 -25.62946038057558 -0.191257 -0.247839 0.27072304 1.0
184.54776878218084 -27.32550078298764 -0.075559 -0.221167 0.30019534 1.0
190.80101202014836 -29.129718913167252 0.258065 0.004791 0.3023373 1.0
192.85609529596033 -29.461594742383515 0.147249 0.11257 0.30328664 1.0
192.97935517162668 -28.6886457168044 0.087055 -0.417026 0.3003398 1.0
220.65697417460152 -32.03732487202242 0.236954 0.349772 0.35467327 1.0
198.3882352703421 -30.40116928839815 -0.077363 -0.075272 0.30148187 1.0
212.42714213375405 -32.014110711978454 -0.016152 -0.125592 0.32314074 1.0
138.02258980523422 -16.329093125544638 -0.076505 -0.034841 0.19166592 1.0
186.52933157614845 -23.32040366739294 0.018214 -0.28208 0.2792415 1.0
183.25144458863878 -21.92647895176777 0.009471 -0.01908 0.26173976 1.0
226.18761849846538 -28.27619332068403 0.130882 -0.303691 0.34280807 1.0
227.78577426919333 -27.462684745851227 -0.136444 0.081774 0.34121832 1.0
194.79718115358966 -19.06080274896344 0.367548 -0.267176 0.30089775 1.0
96.77184488109079 -23.7807305044525 -0.023982 -0.214335 0.23514089 1.0
145.1895200432064 -33.86518833667425 -0.119104 0.29602 0.35529983 1.0
131.4617869961148 -29.32536421447849 -0.124585 0.068665 0.2737793 1.0
143.5240015148945 -31.36330896787947 0.084575 -0.097259 0.30788323 1.0
119.79971355747662 -25.897678223438554 0.102766 -0.177183 0.22460812 1.0
164.07056749616123 -32.75065995857753 -0.022213 0.071113 0.30538478 1.0
164.72532954591617 -32.90817090702475 -0.136995 -0.059905 0.30735636 1.0
170.23930860364948 -32.980086137972116 0.242435 -0.656328 0.2800835 1.0
193.48776579867672 -36.68281244685789 0.190252 0.447042 0.3236492 1.0
202.64349422640237 -36.32609385077979 -0.131368 -0.073124 0.31070086 1.0
112.21078618929693 -24.53284352915574 -0.409166 0.09359 0.30154943 1.0
121.87219786300506 -26.89240770021537 -0.189945 -0.115663 0.31680632 1.0
135.27003017372417 -27.586615388801327 0.190343 -0.07099 0.35685396 1.0
135.4365970974174 -28.09640373992501 -0.009511 0.224195 0.35700616 1.0
135.29539135036626 -27.804890802208817 0.594391 -0.063713 0.3565783 1.0
104.15533496129869 -20.407082608235427 0.391368 0.239124 0.23597792 1.0
133.6989789450911 -26.732126383870543 -0.201697 -0.349582 0.30762976 1.0
138.87792302841032 -27.01947894950918 -0.024181 -0.299386 0.33082193 1.0
132.94411360804395 -25.461483067680746 0.172333 0.447465 0.29675356 1.0
124.2685976516432 -22.898188595545154 -0.303847 0.222107 0.256818 1.0
139.6189496209516 -27.60152529691064 0.145617 -0.136234 0.3064656 1.0
126.2126739650812 -24.470110410286814 0.06713 0.13471 0.2567761 1.0
156.25333632177333 -28.590294727742474 -0.044326 -0.23994 0.346311 1.0
129.92183063972422 -23.880569483241214 -0.006151 0.137756 0.25298214 1.0
162.38371432752155 -30.197993585088007 0.122765 0.029286 0.34872335 1.0
169.53421896932673 -28.659752858386902 -0.033189 0.265091 0.3195483 1.0
167.136951491727 -26.31561876498991 0.122042 -0.196753 0.24331641 1.0
154.46625173090473 -25.1309283017109 -0.100247 -0.178816 0.19990493 1.0
89.7843521753939 -15.20165776624195 -0.131074 0.257764 0.20302375 1.0
126.54235525999398 -20.532996968576267 -0.105981 0.035436 0.3229168 1.0
126.68728002236955 -20.063783101512627 -0.126554 0.29048 0.29764533 1.0
137.00685999063228 -22.540497986802656 -0.039415 -0.117215 0.32826197 1.0
136.5436175467804 -22.475371916656492 -0.018741 -0.130544 0.32574835 1.0
133.4843128773425 -20.221530363919353 0.232703 -0.056799 0.30781105 1.0
146.2605934835296 -22.568730777032275 -0.082009 -0.003078 0.33211982 1.0
145.0941135557449 -22.468771269687135 0.58811 0.574594 0.32766953 1.0
127.97288432271567 -19.857388298162775 0.199605 -0.198338 0.26608646 1.0
152.8948967086736 -23.97377470223607 -0.073523 -0.119331 0.30708483 1.0
140.55455000166168 -20.276297421295695 0.096403 -0.485423 0.25045598 1.0
175.23798669617258 -24.614150251727775 -0.053815 -0.080553 0.3231814 1.0
144.78221839297586 -20.09468765857148 0.060541 -0.057842 0.23429053 1.0
185.8852724935897 -24.89160264364058 0.048391 0.218941 0.32754076 1.0
214.74014482850197 -30.01452953092444 -0.073707 0.189163 0.30562973 1.0
211.95371672524604 -28.119910912723316 0.17903 -0.305704 0.30040693 1.0
158.42434831302742 -21.386613363587006 -0.093528 0.151845 0.20128287 1.0
178.30309775096148 -24.478591364887418 -0.139071 -0.046977 0.2346146 1.0
231.54850874501759 -32.14582450633095 0.07659 0.081126 0.3397721 1.0
103.87809998162817 -13.69799656887075 -0.106246 -0.146606 0.23346286 1.0
94.65201500946385 -12.351046474332035 0.408145 -0.205085 0.20443687 1.0
111.4975286373437 -13.547777337971908 0.032469 0.075241 0.2367327 1.0
96.17083075526827 -11.086295655710234 -0.020251 0.181761 0.1856585 1.0
130.658986035532 -16.25504712857254 0.410926 -0.102732 0.25791177 1.0
133.4485767939225 -16.018645515118216 -0.129078 0.124666 0.25769877 1.0
124.41163664939724 -13.500983100227135 -0.008216 -0.154829 0.20431979 1.0
122.32267795382855 -14.127185032019566 -0.098788 0.124575 0.1889881 1.0
137.93028316102854 -16.220879771537533 0.088301 0.003239 0.19115892 1.0
190.7347706080882 -21.660908240133477 0.21918 -0.050449 0.2872842 1.0
148.43661048600993 -16.829421123091098 -0.01368 -0.14381 0.19882385 1.0
214.39183361705128 -25.15763563963392 0.139341 0.228833 0.32395205 1.0
188.2409338844028 -20.692322524968777 -0.015971 0.285404 0.25085407 1.0
135.95499130742928 -12.057322046772374 -0.040852 0.027678 0.25923872 1.0
149.84459760934018 -12.802002179504187 -0.108951 -0.182727 0.24971913 1.0
150.09523889745722 -13.449638357955383 -0.13599 -0.060874 0.24926426 1.0
184.16938715440497 -16.938481459788992 -0.107013 0.12248 0.32588702 1.0
122.3048289440655 -10.801974961785529 -0.014869 -0.155574 0.1841319 1.0
125.89018269086093 -10.159382646115583 0.12068 0.265033 0.18828617 1.0
183.17998578160046 -16.172237190962786 0.166792 -0.157958 0.30097044 1.0
194.00651811378802 -16.378854949109666 -0.187885 -0.225283 0.25722703 1.0
195.56698520179714 -17.693606852897602 0.117185 0.049057 0.25777638 1.0
185.74610576624443 -12.028687255993548 0.153494 -0.279616 0.2859765 1.0
211.6929293362196 -14.539987903248237 -0.092938 0.135516 0.31395677 1.0
187.5011180188788 -13.031390144944089 0.023405 0.435679 0.25300092 1.0
116.30280404780004 -28.657517174632183 -0.204557 -0.017829 0.30723885 1.0
156.7978889953135 -33.59923593028279 0.289776 0.216885 0.35964343 1.0
163.95014555097993 -33.33222512583553 0.282476 0.12469 0.34850812 1.0
188.0536364194203 -35.908130266794224 -0.185014 -0.148474 0.34553373 1.0
106.78256854764466 -18.36979141580611 0.017789 0.019206 0.22968818 1.0
138.655113329378 -24.72639555442839 -0.131354 0.005999 0.3335325 1.0
135.56879669180546 -23.819547869200985 0.314356 -0.052293 0.3180601 1.0
137.29443269056566 -24.144979857434613 -0.026526 0.321072 0.30067396 1.0
140.4037755639858 -24.186887593295502 -0.482614 0.286798 0.30812028 1.0
151.23379297035774 -26.448604337954503 -0.249728 0.382181 0.34106293 1.0
132.79185811302938 -22.366899264149218 0.039363 -0.176977 0.25331527 1.0
133.0500485071846 -22.283033478848026 -0.261581 0.378095 0.25371397 1.0
113.52248613068637 -18.33862827142035 -0.450345 0.347198 0.18621884 1.0
167.75085372883063 -25.976926091432805 0.227711 0.543352 0.28971735 1.0
195.80615670122785 -31.498386261753865 -0.106183 -0.106169 0.35421836 1.0
97.22316826774765 -14.518361787371298 0.190597 0.112645 0.21226466 1.0
97.48991993286866 -14.349278441529767 -0.090986 -0.015764 0.20981774 1.0
98.97751408063289 -14.622693607550337 -0.202219 0.041818 0.21046191 1.0
93.63186105031446 -13.753536204974607 0.597413 -0.2018 0.19379391 1.0
138.45892211104837 -19.555956412958615 -0.026262 -0.38668 0.31359747 1.0
132.22501453787459 -17.473954400217764 -0.141142 0.247037 0.26043823 1.0
141.94537646871356 -18.919846042690715 -0.376933 0.230104 0.23413256 1.0
118.59674162679993 -11.73868284100498 -0.01676 0.208986 0.23802969 1.0
111.20119558264814 -7.714802593971064 -0.033027 0.006511 0.20435654 1.0
135.40350717682148 -8.964049216495022 -0.092264 0.276236 0.23451462 1.0
165.94415988714846 -11.343326888486766 0.378465 0.092046 0.27918053 1.0
126.38998893440362 -9.817716406986987 -0.054612 0.022974 0.1891165 1.0
212.30350628657354 -15.560126294955294 0.032859 0.104847 0.34742558 1.0
184.86212258654527 -14.68740173273457 0.147791 0.008318 0.25845513 1.0
172.11519553614266 -12.473343009656137 -0.188055 0.394976 0.22252975 1.0
203.05793459816556 -16.57146469602688 -0.190659 -0.02253 0.2769569 1.0
186.29434473670148 -13.497670046103364 -0.558959 0.093503 0.24232332 1.0
130.97394394691423 -6.390179117414416 -0.361832 -0.038994 0.19227725 1.0
192.09823334095944 -8.763511309664926 0.264195 0.006528 0.30831394 1.0
183.4534704806224 -9.930935576986384 0.207018 -0.305297 0.25513476 1.0
121.40493049420394 -40.87865503846288 -0.135287 -0.020351 0.24595478 1.0
112.24921366323034 -37.56447471272841 -0.20234 0.201719 0.22112548 1.0
143.23776312343023 -46.46524973872443 0.30089 -0.192783 0.2818899 1.0
134.37195138584917 -38.6753924382417 0.226009 -0.075298 0.21661848 1.0
159.8089122489861 -42.06597911409045 0.231312 -0.405672 0.22392596 1.0
80.6175178659032 -27.905033101009824 0.647164 -0.300965 0.18359132 1.0
97.46308035072703 -32.62464358919832 -0.106212 -0.293587 0.2242526 1.0
99.58015796140182 -32.56236405411884 -0.131254 0.081261 0.22454734 1.0
108.31278146487112 -36.352250872223266 0.052519 0.144687 0.2510129 1.0
130.23398579919723 -44.371733434434674 -0.03967 -0.165345 0.3265019 1.0
116.76188293592881 -37.293738809392494 0.027548 0.019251 0.2493246 1.0
139.7435596960003 -43.49656209493408 -0.156964 0.29915 0.31173965 1.0
154.88184734538325 -43.171691377848205 -0.458257 -0.115146 0.3100005 1.0
138.8367524931214 -35.496490506118505 -0.020794 -0.234845 0.2144979 1.0
211.7371947632904 -51.55005593929103 0.277869 -0.039319 0.34892887 1.0
218.30950981411772 -51.69859758152201 -0.256247 0.010805 0.34540915 1.0
105.29390727166133 -34.83629269581067 0.344703 -0.085963 0.2778779 1.0
128.9631895086843 -39.21594980462352 0.214545 0.005184 0.33253765 1.0
127.18722292776046 -38.10866423212335 0.052117 -0.075144 0.30883452 1.0
158.92312704292968 -43.23038819359717 -0.102678 0.10779 0.3493147 1.0
169.80992162708682 -42.75879008170874 0.174179 0.438989 0.35171637 1.0
139.15448576609683 -32.26792452445044 0.097868 0.03095 0.2321952 1.0
198.81880112476344 -44.773739741078586 0.025785 0.158913 0.35915372 1.0
204.0593266083815 -45.73374551578892 0.130428 -0.218174 0.35075518 1.0
103.897745989236 -30.756586740964764 -0.084028 0.709728 0.28375816 1.0
103.65791169716691 -30.36987387725879 -0.286194 0.334135 0.28162035 1.0
99.8192685338987 -25.506769773658522 0.018127 0.068107 0.23579043 1.0
127.06870688186648 -33.261454932856175 -0.149295 0.08678 0.31038317 1.0
135.48751886173454 -34.04297561616558 -0.246477 0.191953 0.31147623 1.0
148.99751189429207 -34.63937931925256 -0.181547 0.067517 0.3085842 1.0
179.53673291890726 -35.575944980725474 -0.083155 -0.007197 0.30549198 1.0
200.91836774275967 -40.27874861269908 -0.134863 -0.027038 0.35681978 1.0
205.7419620891245 -41.172396325734944 0.220657 -0.375965 0.35191137 1.0
184.19973920729214 -34.666879814551905 0.398907 0.30806 0.2788823 1.0
212.48619640459918 -38.51172748861092 0.080311 -0.184812 0.30433527 1.0
120.36086255117888 -43.408024080073545 -0.137241 0.413145 0.2218356 1.0
117.55480727761802 -42.57056779040708 -0.141242 -0.108832 0.24850275 1.0
168.7168252517253 -50.1192380953161 0.377439 -0.222977 0.27329504 1.0
148.69579430525306 -42.76969959709673 0.0153 -0.009297 0.22451338 1.0
144.0992098402257 -44.86416907422538 0.028032 -0.261129 0.3116259 1.0
146.41343871596135 -45.889627658840304 0.101689 -0.15985 0.31167892 1.0
170.793064551652 -51.260940467150036 -0.070015 0.001609 0.3446749 1.0
130.37964399777107 -36.667916482091684 0.11082 -0.094312 0.22386366 1.0
103.04578141436156 -29.070572282807223 -0.104246 -0.197059 0.1601151 1.0
115.01085803492218 -30.861210620531043 -0.035759 0.18851 0.16125843 1.0
107.40897684896049 -36.96447265224194 0.048376 0.201347 0.27719688 1.0
125.49015530832753 -40.54430581511866 0.014323 0.02868 0.33292145 1.0
104.20660503210347 -32.34297641934285 -0.062574 -0.074212 0.2236755 1.0
107.99563378909174 -31.7448731970271 0.022091 0.2562 0.22289033 1.0
211.6266027052753 -49.418331882466376 0.016425 -0.150302 0.33615732 1.0
222.44428669831947 -49.878706542622176 -0.230164 0.088791 0.34530914 1.0
131.0501917551889 -38.5319253035862 0.122669 0.084969 0.35952687 1.0
140.20205316145868 -34.154506382241955 -0.051593 -0.107541 0.2882376 1.0
170.03782277401967 -36.6638534350276 0.233946 0.111038 0.2987987 1.0
181.30198976555607 -38.16650603181849 0.18391 0.878613 0.30627897 1.0
183.882690577717 -39.16072461194478 0.038744 0.080871 0.30972767 1.0
187.43647354726158 -36.73394290048876 0.068482 0.060833 0.26477918 1.0
170.29076491291738 -6.437000231144928 0.42843 0.212906 0.33322597 1.0
201.11384273882408 -5.0872264536540115 0.495784 0.261832 0.31233597 1.0
178.56894945490967 -2.643152542795123 -0.283915 -0.017645 0.27903673 1.0
201.49271006386346 -4.704139751189462 0.292143 -0.625759 0.2996122 1.0
186.99799868955608 44.31744681942832 0.228097 0.008199 0.27337402 1.0
234.6678743637876 2.560677311845111 0.05181 0.427279 0.35865662 1.0
181.06336002153566 -6.301198109365139 0.029158 0.373443 0.30457494 1.0
122.91986336105765 -10.36362487343744 0.247233 0.046165 0.32521772 1.0
121.94718392831214 -12.864989256621323 -0.105497 -0.132491 0.2600482 1.0
196.41960192336484 -4.257432094230328 -0.119125 0.485363 0.35783523 1.0
179.35444071308166 -4.736246710167563 -0.184701 0.078696 0.27902028 1.0
176.10564749591637 -1.3569050338884032 -0.125217 0.044204 0.25175858 1.0
232.88926563430076 2.010958553557143 -0.048137 -0.293646 0.35906354 1.0
198.74696833790208 1.7169569371495135 0.054501 0.179827 0.28007212 1.0
205.54088471905322 1.2677172576687883 -0.000331 -0.319404 0.27681243 1.0
122.48623684638665 -4.2790431186949 -0.124118 -0.272356 0.18809706 1.0
191.39988126914827 -4.201791978842665 -0.131234 0.476873 0.2777154 1.0
180.1656722986466 0.159292977156446 -0.047166 -0.120556 0.25332513 1.0
193.27092243330137 -0.02822780249370106 -0.039923 0.056866 0.2756138 1.0
197.75902321350168 0.10763363078567076 0.10882 0.251838 0.28229368 1.0
232.63343685265812 0.5560031809837666 0.085206 -0.346407 0.35695747 1.0
208.68650349081443 -2.184536636492425 -0.204602 -0.41948 0.27590707 1.0
109.1990067484818 -14.979153024669516 0.065997 -0.324635 0.2864125 1.0
111.33716972097471 -10.333421086754463 -0.280394 -0.225368 0.28297815 1.0
158.02611854877892 -14.826055768493756 -0.026209 0.02542 0.3593355 1.0
114.92766956836353 -6.277065619887612 -0.066041 -0.050762 0.18708475 1.0
170.13017901653745 -10.125752053505499 -0.249312 0.23371 0.30223686 1.0
121.05084490287854 -6.210101117386665 -0.068529 -0.106592 0.1890219 1.0
111.97614499619428 -12.14675016053043 0.182193 0.068962 0.28480607 1.0
91.54492685861912 -9.67769152645619 -0.022139 0.02286 0.17982626 1.0
112.2650740949664 -5.351193125683186 -0.144747 0.031073 0.18691641 1.0
119.99618518397219 -5.981885642704566 0.049354 -0.08078 0.18842281 1.0
120.84650720840096 -5.345116526395005 -0.07942 -0.034697 0.18871814 1.0
190.42274903979913 41.32317604287136 0.079428 -0.29523 0.26233754 1.0
115.92123500835172 50.98235436206099 -0.125408 0.005809 0.24256922 1.0
115.47227850780052 48.53036452968407 -0.148376 0.040111 0.23914595 1.0
150.0789175233301 30.266288952549957 -0.370379 -0.35264 0.3352776 1.0
173.35161138831646 19.819520889915154 -0.026669 0.057262 0.25621307 1.0
209.94677775249878 22.94046298840967 -0.079964 -0.2299 0.3341599 1.0
231.82967602617728 21.487285654682935 0.179186 -0.131865 0.3440574 1.0
227.05678620972537 21.232693760724523 -0.326861 0.065536 0.31394988 1.0
106.28268099892489 28.127212151141684 0.311926 0.018938 0.24660857 1.0
194.3243053263788 33.28467060824303 -0.070155 0.106676 0.3455423 1.0
236.75548668892188 26.037322888521636 0.038897 -0.27673 0.32944474 1.0
228.8660031266294 22.926804674240888 0.286543 0.354724 0.29564157 1.0
143.28967450190316 36.05080572004698 -0.243867 0.478721 0.29194272 1.0
150.48254029617334 31.171099147337518 0.154155 0.184641 0.2639071 1.0
159.32688951813256 31.23116044046796 -0.199233 0.000102 0.27217358 1.0
197.185781364249 32.28344714067137 -0.206292 -0.309331 0.30709702 1.0
203.74105043936336 31.366902984205716 0.114967 0.629692 0.31085983 1.0
120.4692413605725 39.153806409245114 -0.028199 0.229491 0.26082134 1.0
203.04111112091508 41.74311996047867 -0.272526 -0.187703 0.34241304 1.0
211.73447284073455 37.725400631659035 0.00833 -0.116772 0.3131055 1.0
210.5586146036399 36.8340824306453 -0.145309 -0.121177 0.31022277 1.0
211.59326794115754 29.28537359026096 0.124611 -0.178057 0.25461474 1.0
263.18970060717385 34.596127514696214 -0.301271 -0.038314 0.3342852 1.0
165.56798171941278 52.12850894235905 -0.004068 -0.115911 0.3252068 1.0
136.75215252099687 28.49880458163692 0.045928 -0.163559 0.3389173 1.0
221.07126369885103 18.21300053021071 -0.331385 -0.019989 0.30256298 1.0
224.28194476489764 17.92597315803455 -0.263664 -0.023275 0.30386922 1.0
154.32407551101278 31.3017251881316 0.058723 -0.259908 0.33397937 1.0
134.88707882856198 35.45485498386608 0.186961 0.23358 0.31492496 1.0
134.55870203704055 23.018278043988975 0.50431 0.248696 0.20546618 1.0
238.88040098229862 30.258954588366166 0.032958 0.008748 0.33864132 1.0
122.59915694643428 39.80871534264716 -0.448459 -0.30481 0.29438156 1.0
152.39058227652674 43.2373703767251 0.014509 0.183672 0.3321367 1.0
181.7089642230306 29.10867432410876 0.185215 -0.030474 0.24412096 1.0
223.24630607685685 29.49444535602264 0.008311 -0.451317 0.29356706 1.0
138.90194140031224 44.76976248468939 0.389442 -0.035815 0.30057234 1.0
181.41238999748984 30.764242723587778 -0.0972 0.628626 0.23707296 1.0
183.8246123323449 30.94548502696471 -0.156011 -0.169256 0.23900934 1.0
174.6208071627688 24.506169507538857 0.132905 -0.100286 0.19615422 1.0
262.7608489082824 41.635057396802296 0.06328 -0.389157 0.33254224 1.0
125.62001142215058 5.881985384597276 0.191907 -0.143156 0.29119694 1.0
100.51438262748826 2.9682252495172334 -0.318851 -0.338358 0.18584009 1.0
172.23090249077939 2.515568894061485 -0.061508 -0.322093 0.30185184 1.0
180.8975049775613 0.8211337972723076 -0.383506 -0.204037 0.32050356 1.0
132.85603919040366 6.244510231205205 0.003723 0.211531 0.24668173 1.0
147.20956807348816 6.463134645940241 0.013835 0.203012 0.2729725 1.0
167.33165519247282 5.410750099602361 -0.095111 -0.032487 0.27318302 1.0
156.23555451709143 14.127877346303492 -0.243946 -0.220162 0.32559207 1.0
178.31327460435156 12.252633722775457 0.334926 -0.545523 0.3317949 1.0
183.02268334415962 9.896237533765365 -0.111506 0.065361 0.30663067 1.0
198.79472654122188 8.156942900053652 0.278413 -0.156647 0.30711642 1.0
158.3025155967213 18.903023038719738 -0.054202 0.307269 0.31265867 1.0
181.61465442037283 16.335549626537688 0.510001 0.122217 0.30849746 1.0
146.21505591389754 2.7597736712202936 -0.500724 0.092634 0.3224045 1.0
145.6271858691459 6.461962394666001 -0.293441 0.413255 0.30895585 1.0
127.01844097346313 8.690287464664372 0.477925 -0.214565 0.2530502 1.0
155.66127061462143 10.333610740468588 0.250186 0.535606 0.31861037 1.0
192.15985946032916 8.913715948216225 0.00366 -0.368252 0.34722316 1.0
144.84154601165872 18.585035327892058 -0.085618 0.035106 0.33129805 1.0
152.6712464060161 15.726761840268829 0.199926 -0.007123 0.3249005 1.0
200.45629044103438 10.605529202766093 0.224916 -0.399517 0.31299213 1.0
196.80024357467113 12.261043814448787 0.285436 -0.092062 0.30609426 1.0
133.73086874657437 22.963459433884314 -0.125622 0.047316 0.33705544 1.0
182.01772928646355 18.497784429406504 -0.274482 -0.162294 0.3113572 1.0
199.8737794463308 12.559246287797386 0.154947 0.273443 0.3058201 1.0
197.21413895466503 12.342459756846493 -0.191614 -0.206157 0.28239727 1.0
197.36147916478413 19.697919530452257 -0.049387 -0.027829 0.30678776 1.0
124.1425198133235 -7.055451935875704 -0.089458 -0.221488 0.3022372 1.0
97.17555206659003 39.6668174715016 -0.634132 0.443088 0.1891636 1.0
112.92149202835719 45.231111954104726 0.290701 0.126969 0.22801004 1.0
100.38040087979176 39.31773442666764 -0.261083 -0.006629 0.18734668 1.0
137.8027309049352 47.70556760973026 0.195748 -0.084154 0.25336918 1.0
95.9676818962392 42.70680635004474 0.386398 0.682075 0.18824525 1.0
104.60855808356305 45.909432959559396 0.282092 -0.127517 0.20368485 1.0
143.98777122690322 62.69455967525077 0.216084 0.524718 0.31269023 1.0
101.04737227513806 42.02530185387782 -0.061777 0.126052 0.18676533 1.0
93.82552149833069 37.86911104255561 0.013771 0.232312 0.18629368 1.0
192.31390840373163 32.011997025444835 -0.56173 -0.052409 0.21568283 1.0
117.39837304256241 51.59233724726791 0.099268 -0.101023 0.24612825 1.0
91.74998257720786 20.47239495141178 0.296907 0.01085 0.19067727 1.0
122.88344586892897 17.706725094543625 0.244535 0.186254 0.1915793 1.0
151.2873110569586 21.11336296056331 0.292033 0.033727 0.24430513 1.0
195.5037673796803 22.3703456550986 0.117401 -0.295637 0.306546 1.0
174.6618030846442 19.997398023631675 -0.051513 0.317983 0.25879598 1.0
175.97020026168664 18.7820670741777 -0.204849 -0.065611 0.2571355 1.0
218.12689272693945 22.312506047340545 -0.117367 0.226698 0.3383318 1.0
164.4604063757708 18.303442000834096 0.002109 -0.231752 0.23000166 1.0
218.60360129830497 23.222289877754314 0.059402 -0.088768 0.32785383 1.0
231.6492994579752 21.381295945846396 0.090066 -0.159551 0.3435773 1.0
202.02547126762832 15.201929995602075 -0.341014 0.101074 0.24644765 1.0
154.1234741550522 34.05086361408293 0.242351 0.335559 0.3335637 1.0
101.10174654874018 20.8508762151219 0.198559 0.01793 0.17562564 1.0
179.54505334438926 33.457884228495224 -0.059425 0.27067 0.3516293 1.0
124.6483722774859 21.162189296077944 -0.604663 -0.138894 0.19014373 1.0
154.7003666571901 25.079903254502746 -0.112064 0.133482 0.24911126 1.0
167.68149251237065 22.285503175530685 -0.01796 0.277625 0.22942708 1.0
223.76480119421709 25.634168541302166 -0.03245 0.313243 0.3187843 1.0
237.439475777727 26.15979895292678 0.133976 -0.079773 0.3304831 1.0
217.86150115863754 23.194886502615898 -0.119759 0.519581 0.29058906 1.0
238.39171838533423 24.401363814138087 0.148394 -0.186523 0.33007994 1.0
246.81469967228708 23.599153346656376 -0.209146 0.181682 0.3343084 1.0
244.20637758404524 22.452456292537512 0.147316 0.502916 0.31468624 1.0
95.66023721587369 26.022349195996377 0.592373 -0.541095 0.18186247 1.0
94.03896762002134 22.787627492769825 -0.363594 0.09678 0.16648924 1.0
143.55171590403268 24.56418949161307 -0.040447 0.373294 0.20863642 1.0
144.52905129605918 25.20759313172755 -0.205989 -0.01452 0.20900284 1.0
167.87529675292828 28.512955563729914 -0.101034 0.067692 0.25570965 1.0
199.54679801158133 32.90663218548117 -0.165372 -0.178289 0.3087761 1.0
215.4014319942409 35.90037432610211 0.000139 0.048922 0.34968242 1.0
201.97301965210977 32.72743131256606 -0.171815 -0.156309 0.31064227 1.0
238.38894619574856 31.79813523825864 0.025208 -0.173549 0.33415213 1.0
241.36156352522647 32.066656592175 -0.035914 0.026743 0.33790293 1.0
193.0098025122996 24.218353612141463 -0.083477 -0.052575 0.2425836 1.0
195.85671180170553 23.4420208103221 -0.021285 -0.045359 0.24240388 1.0
172.27504704460222 38.8453428897056 0.080731 0.033028 0.3041828 1.0
151.22425048185056 32.377110635829425 0.356881 0.464605 0.2420333 1.0
177.1623832708557 39.2756551874567 -0.169053 0.007756 0.30430707 1.0
166.59744966525273 32.16368900056098 0.116419 -0.203033 0.24857084 1.0
161.42354068484653 30.599773686707547 0.314469 -0.518243 0.22791764 1.0
218.18474125639244 40.001277330191 -0.308978 -0.258491 0.33380365 1.0
206.19931433590463 37.027874376069754 0.14663 -0.175283 0.30812627 1.0
212.43233456056694 37.25960896982329 -0.08033 -0.015869 0.31431618 1.0
197.22119186276723 31.68625567293809 0.276455 -0.211798 0.2673215 1.0
180.64278395402835 30.173846178458977 0.210478 0.055878 0.23660383 1.0
176.4393870586514 22.34130739430107 -0.069896 0.219559 0.19462565 1.0
142.97474881370005 50.57269010840987 0.107912 0.040642 0.33945966 1.0
112.81068376338274 39.75288592907961 0.28008 0.027475 0.23836806 1.0
101.2137419223725 34.63287745968346 0.066406 0.278491 0.19714336 1.0
144.22964098594082 45.207128568152335 0.171909 -0.233682 0.29623905 1.0
158.9701619871315 48.69099700607829 0.308059 0.081613 0.32991815 1.0
160.79071812945585 49.45954995496299 -0.284072 0.027448 0.3293482 1.0
139.3180207150023 37.065804056968474 0.000549 -0.382621 0.24009891 1.0
144.83899194341808 38.60051107341739 0.082169 0.333901 0.2485629 1.0
122.43668630727062 30.287936820151458 -0.61367 -0.079459 0.18691431 1.0
140.29980965218016 34.33791037014982 0.190808 -0.054796 0.21735026 1.0
189.86327262496334 45.23490530138438 -0.154934 0.136575 0.3259718 1.0
136.98982901409966 28.838600976167626 -0.180478 -0.158825 0.18806134 1.0
187.25336333300675 37.772146953932534 0.144532 0.077489 0.26556575 1.0
210.54281066873236 39.6053038746492 -0.042139 -0.354651 0.30492824 1.0
196.422007955711 37.25193388669396 0.133465 0.10992 0.26830724 1.0
181.29827407750105 33.7252751012181 0.175722 0.404702 0.23706533 1.0
214.41362012090568 37.29464605423201 0.001888 -0.026695 0.28103653 1.0
215.17761397802695 37.104142688493454 -0.060963 0.141653 0.28239557 1.0
153.7601645284027 25.769965901874222 0.021889 0.050118 0.17905182 1.0
190.51657670644173 29.862058459694566 -0.001707 -0.018518 0.21854126 1.0
248.96190055798428 36.993290785269025 0.180189 -0.157779 0.30687228 1.0
145.10531068432647 55.382539061203964 -0.199539 -0.210494 0.33741382 1.0
158.0553384961171 51.245362128858844 -0.1528 -0.043502 0.30631036 1.0
140.82536233642958 42.89735715811588 -0.001036 0.092378 0.2487182 1.0
94.42521395773538 19.209970232425054 -0.12914 0.213747 0.19954868 1.0
98.33253740864988 17.920500357414024 0.003159 0.123346 0.18330505 1.0
154.852632757825 24.46475488531441 -0.112132 0.391856 0.3114908 1.0
119.90729646537223 16.515364290049458 -0.114856 -0.203649 0.19007944 1.0
132.3619918520097 16.146334326850763 -0.033644 -0.130207 0.20352562 1.0
196.23269943818744 17.4575298930605 0.121946 -0.234369 0.26930857 1.0
188.50606153178973 15.821399778893987 0.242055 0.342054 0.24775887 1.0
239.91762723991255 19.255527907736756 -0.219874 0.093862 0.33549666 1.0
97.68821901540333 24.068795987549652 0.115038 0.289612 0.21073575 1.0
132.9795081825032 28.71925089065352 0.265602 -0.144062 0.29474753 1.0
152.96164415048017 31.305376317945704 -0.198581 -0.083612 0.33498526 1.0
154.00601784550105 33.03656020712029 0.075618 -0.139729 0.334427 1.0
154.68816816253576 31.39583839167854 0.081298 -0.160016 0.33519554 1.0
142.57977067301627 23.245178382626264 0.536862 -0.192786 0.23954709 1.0
176.50045212578925 25.25358238575709 0.027754 0.1438 0.29780465 1.0
227.58076343160118 24.565468477961844 0.233906 0.430818 0.33933946 1.0
242.80834388956282 19.03991822009217 -0.415276 -0.181728 0.3117451 1.0
133.04537253596447 37.281017351054444 0.044312 -0.21038 0.31639007 1.0
134.94118962323708 35.79285153690923 0.047371 -0.413459 0.31614646 1.0
193.52309142037925 29.399571608243697 0.031458 -0.120876 0.30745804 1.0
169.35299095742613 22.812413031699823 -0.017113 -0.186149 0.230246 1.0
182.0520606747764 25.077989675784373 -0.036078 0.062577 0.24797517 1.0
157.15076475811895 42.53935372927205 0.055556 0.056773 0.33114168 1.0
105.04677849983771 26.138521554220986 0.331183 0.500163 0.18189305 1.0
188.39882335261223 39.46927255346567 0.075764 0.281416 0.34165218 1.0
161.64010471158988 33.18568476600088 -0.165808 0.09521 0.26127854 1.0
141.00665299880595 27.012992985450065 -0.129506 -0.267578 0.20821787 1.0
162.30702420020987 29.94602238100377 -0.089741 -0.045991 0.24622498 1.0
207.40701625042232 36.016986360219654 -0.007091 0.033459 0.3132822 1.0
173.15582684393988 27.174627354257332 -0.393982 -0.130847 0.23377943 1.0
164.59753760517555 24.95827701979577 0.467504 0.18265 0.20819595 1.0
190.09392819216217 26.14591742334718 -0.329725 -0.049805 0.24209148 1.0
240.7070207714364 32.541420434177056 0.52097 -0.0751 0.33153415 1.0
145.17661156664494 45.19254432708374 0.129431 -0.135012 0.30436188 1.0
152.3126999643762 43.1586495051202 -0.212252 0.016043 0.29408556 1.0
111.44416893764402 30.02074783184593 0.286665 0.173565 0.1846926 1.0
156.7687280166979 41.60892330017463 -0.061319 -0.014779 0.29342133 1.0
154.06793101720066 39.128489532003364 -0.011761 0.082828 0.26526967 1.0
176.9825049833277 40.53131497041383 0.230541 -0.225781 0.30300528 1.0
162.51067693191297 36.6244676744415 -0.261535 -0.650445 0.2575662 1.0
226.53953260151275 40.10338269784666 -0.348344 -0.122165 0.33511508 1.0
185.5047310319652 31.199440664231098 0.007557 -0.222585 0.24164005 1.0
181.40208179240256 30.346269492418664 -0.198327 0.756904 0.23533095 1.0
199.80897294763594 32.395741709880056 0.128069 -0.070667 0.25489745 1.0
209.4905872813636 32.084149732831236 -0.17447 -0.048054 0.2694128 1.0
212.07136787422644 31.19883647750522 -0.019752 0.029346 0.25440413 1.0
172.34483743891326 24.131940368717267 0.031111 -0.041518 0.19481595 1.0
143.01279807188598 53.75793980352715 -0.394396 0.196585 0.33803806 1.0
151.70029573791905 46.86767875080557 -0.100605 0.183128 0.28796205 1.0
169.75201310529073 50.861893449849525 -0.176687 -0.114018 0.3247584 1.0
246.74315455951177 41.622279225902055 0.117507 0.483704 0.3225554 1.0
251.22639815580703 40.44333229342207 -0.202129 0.441211 0.3142265 1.0
225.93604516575456 35.789271434013884 0.08353 -0.013243 0.26713738 1.0
195.9834229631905 30.53591983867427 -0.376628 -0.085927 0.21951668 1.0
101.76520745464538 1.0627288545222802 -0.199784 0.02371 0.22173975 1.0
127.06199929754511 -0.34062585047898775 -0.07322 0.346369 0.27874488 1.0
114.17786136558082 -1.263254722244418 0.032373 -0.062238 0.18758975 1.0
90.4883638517187 3.6449469181810477 0.246829 0.459756 0.19199198 1.0
135.23111035364863 5.264319109229093 -0.55473 -0.002441 0.32756943 1.0
134.53531821340306 1.065302227998566 -0.162126 0.135524 0.23676845 1.0
149.22177340065676 1.7385539200539974 -0.037401 -0.158573 0.2599799 1.0
148.82894379710115 0.8997991670141088 -0.192176 0.123842 0.2552408 1.0
149.563536337236 0.9930303472297964 -0.29776 0.394421 0.2557941 1.0
152.10817360634385 1.1608766608310286 0.108882 0.427127 0.25614223 1.0
159.3250398021346 -0.6000429454629611 -0.471963 -0.020489 0.25325182 1.0
211.43928442039243 -0.5921477012221773 0.066135 0.025669 0.35844702 1.0
115.8178442387722 0.162531465118846 -0.381062 -0.051815 0.16014495 1.0
202.61587287579428 -1.4030466565388429 0.265226 0.322546 0.333002 1.0
173.04033377123017 -1.0983507601414213 -0.128016 -0.236724 0.25284603 1.0
199.310204968428 -1.608051008708557 0.035418 0.28009 0.30340174 1.0
99.73324951100903 5.589996220164575 0.064153 -0.153425 0.18406372 1.0
125.78656686483498 7.77715238851601 -0.101558 0.289174 0.24054173 1.0
162.2193504470435 8.866492110072912 0.033186 -0.031917 0.3332039 1.0
139.39530107071704 6.568258328014266 -0.299945 -0.10679 0.24047081 1.0
161.6719640362601 5.05157211102391 0.3264 0.127244 0.2645279 1.0
172.48087851352207 5.788331819990955 -0.040114 -0.282867 0.28148964 1.0
202.7251871758811 5.510841690573891 0.270848 -0.26972 0.35632697 1.0
197.90941431990967 3.8904437499987545 0.310952 -0.078923 0.3053547 1.0
183.1768826660938 2.594900977078109 -0.241399 -0.14409 0.2520996 1.0
249.56979504829172 1.766390957506536 0.105352 0.154172 0.35042265 1.0
232.95059592157486 0.06379002815227557 -0.126338 -0.101246 0.31185248 1.0
93.9417839326736 9.424509323227516 -0.002291 0.154556 0.18989329 1.0
115.81022967076537 11.599627893083666 -0.088036 -0.223184 0.22859158 1.0
104.17911030504507 9.749520052276576 0.425748 -0.49692 0.18570471 1.0
137.7677126917622 10.14819546242058 -0.044002 0.474087 0.24459597 1.0
120.39928889984192 5.72977676925336 -0.159174 0.011905 0.17260619 1.0
166.99916245606974 7.709350536038575 -0.081058 -0.41051 0.24764451 1.0
201.34191335780676 9.838673832386563 0.431692 -0.266589 0.31191662 1.0
203.44508215508293 8.248516230106507 0.070562 0.042272 0.316287 1.0
131.88782452084874 6.331582878499347 0.086478 0.084666 0.17614944 1.0
217.9155149936192 8.559641653706198 -0.109739 0.059114 0.34271985 1.0
203.55471894738474 5.335772280930413 0.122665 0.062678 0.27665985 1.0
234.80344840639026 5.201418715479044 -0.057748 0.024545 0.32017872 1.0
81.69963232244484 12.161372286083722 0.04607 0.006722 0.16698322 1.0
99.17211530846289 17.72712300026112 -0.03567 -0.218944 0.20824087 1.0
142.2238821947163 24.676005323393216 -0.328668 0.301923 0.33655727 1.0
99.81713611709627 16.59801327999563 0.015308 0.162157 0.18756647 1.0
144.62686800158676 23.403323383809784 -0.208957 -0.387588 0.3139224 1.0
119.26700893667912 15.021072171053289 0.222418 -0.150764 0.18392418 1.0
127.83465703076587 -1.72980642477164 0.092831 0.226306 0.32150108 1.0
139.5434108582968 3.507073628155378 -0.031541 -0.101107 0.32596946 1.0
133.03253940457736 -0.5576507215498615 -0.130957 -0.044399 0.23691753 1.0
146.38137492742624 0.24088760568046308 -0.226257 0.063175 0.24833013 1.0
164.36576093413865 -1.0645964429955106 0.332015 0.146506 0.25447017 1.0
82.71985051131563 4.648341139492469 -0.091216 -0.050192 0.18058762 1.0
163.15228121754438 4.398730671689171 -0.082092 0.097551 0.27541783 1.0
174.39693865593435 3.2164473074312916 -0.363506 0.63502 0.30240756 1.0
165.31258398002956 2.722130419400201 0.421907 -0.270465 0.27565464 1.0
175.92732818542282 2.70824998464791 -0.072192 -0.413059 0.28212225 1.0
197.82497338184064 1.1791603287668215 0.02601 -0.015803 0.303586 1.0
96.89728418211706 11.061723845669981 -0.171752 0.044876 0.23287733 1.0
133.3408069953326 13.740553563427115 -0.333111 0.202228 0.33080304 1.0
92.004255424864 8.728330834790002 -0.438829 -0.135725 0.19097601 1.0
138.0535850281249 10.696542186315611 -0.220871 -0.039865 0.2903632 1.0
157.1251711645883 10.922720573248062 -0.168275 0.384304 0.3167519 1.0
151.1099591345545 9.44254118467871 0.044267 0.093231 0.29005107 1.0
107.13922390621872 5.514227603306747 -0.090514 -0.197433 0.17364809 1.0
172.51517704636387 7.655854804391833 0.097147 -0.310264 0.28621617 1.0
171.16608830007368 7.600308695932502 -0.235711 -0.082786 0.28449777 1.0
146.85664647878383 6.546456647958133 0.406967 0.521464 0.21983287 1.0
149.2769055411904 5.375182720193905 -0.122544 0.005111 0.21749704 1.0
198.1359987493777 6.261819485790731 -0.308171 -0.440283 0.306117 1.0
237.0161493201132 5.674071882988301 -0.105388 -0.140084 0.34613857 1.0
194.36497506586892 3.8122566441650565 0.122783 -0.026296 0.25694343 1.0
93.76834377979647 10.733854750712469 0.034805 -0.276316 0.18501027 1.0
166.0293158977007 14.21056292266998 0.39824 -0.103004 0.31116796 1.0
197.8584979617048 11.394202791665926 -0.164524 -0.080581 0.3070254 1.0
204.84752123853653 10.526607583143793 -0.295018 -0.258744 0.32245913 1.0
182.89964003342072 8.981390446855755 0.108883 -0.318552 0.2658777 1.0
203.1108745881606 8.39469961407532 0.045534 0.251792 0.2747301 1.0
241.61365274669424 8.990395239499227 0.033063 0.125272 0.3361894 1.0
140.99284484971486 23.907924115846267 0.035253 -0.26036 0.33208817 1.0
149.38234446652336 21.97244768116255 0.058507 0.113315 0.33396792 1.0
150.6115767140277 22.158535597766267 -0.061071 -0.107786 0.33719212 1.0
152.1914063104683 22.132994523644484 0.186974 -0.067513 0.3401672 1.0
155.44092371075328 21.556245238750247 -0.21813 -0.132271 0.3376262 1.0
114.9817310400436 14.526849791329195 -0.153389 0.364894 0.19183135 1.0
119.07435539097006 13.39943945841027 -0.288252 0.523835 0.18372847 1.0
200.04985742933943 17.72028843517329 0.14929 0.633096 0.33916497 1.0
211.89726247457193 19.516381112424963 0.101746 0.119691 0.35491514 1.0
212.103801294085 16.33811092321768 -0.028185 -0.88133 0.3419367 1.0
203.04734821902926 14.62918997785074 0.237233 0.077415 0.28822014 1.0
217.94098565295204 13.146186305988008 0.500737 -0.01498 0.3038414 1.0
106.41348670466388 21.575311701747285 0.011578 -0.221539 0.2579498 1.0
130.21358381433004 27.625033691331318 -0.024193 -0.061177 0.34159774 1.0
209.8869090142755 13.293343052818571 0.248402 0.245811 0.3209611 1.0
209.51946986723496 11.136667016087895 -0.100773 -0.271082 0.2832866 1.0
203.28794270912869 20.40721569068136 0.137836 0.127223 0.34217378 1.0
211.92696815809737 18.31388618339617 0.061363 -0.052922 0.32012483 1.0
198.1912580100296 16.17300676064845 0.060617 -0.246793 0.28324288 1.0
230.06249002017321 19.113814045943833 -0.34282 -0.015498 0.34161705 1.0
101.115435299758 -4.098895060143224 -0.212262 -0.05044 0.2599745 1.0
114.91635063726665 -3.6835586989542177 -0.386628 -0.272643 0.2522933 1.0
105.99663090570465 -2.8214774008151324 0.051554 0.198657 0.22117093 1.0
