X Y e1 e2 Z WEIGHT_SEEING
326.8497147159219 -163.7773603144649 -0.050708 0.210876 0.23072775 1.0
403.47454938703305 -207.69789526621312 0.145775 -0.092118 0.31401157 1.0
333.3516364551533 -161.12496927740224 -0.009855 0.280407 0.23657337 1.0
423.9816591601985 -202.82159872331798 -0.021833 0.146298 0.3287734 1.0
388.5585899296537 -188.07390720699453 -0.245013 -0.123827 0.3129654 1.0
441.3021511320162 -196.48811171365324 -999.0 -999.0 0.3132763 1.0
428.0148671107584 -194.25809826248485 0.20396 -0.587108 0.3281112 1.0
334.1092354300377 -154.62449831567716 -0.255901 0.002885 0.25357804 1.0
332.6876009597435 -154.08262507898908 0.255943 0.236512 0.25210133 1.0
406.3957452451407 -179.33961543708696 -0.347393 0.488636 0.30627927 1.0
396.99159670291823 -167.03957681358492 0.377966 0.094529 0.26708826 1.0
415.02380513415176 -205.38706372648934 0.045483 0.011763 0.32637733 1.0
410.73486688507523 -203.61853305768815 -0.276788 0.13427 0.34081972 1.0
424.52065854308825 -204.71775357204695 0.034694 0.36241 0.33824393 1.0
405.12569624906797 -193.23159233838487 0.013084 0.208891 0.30958846 1.0
351.4569006509281 -170.01869988052204 -0.089917 -0.207235 0.27526024 1.0
330.7624366591211 -147.88773490644547 0.151156 -0.076581 0.21953014 1.0
394.3522343705167 -164.35917497961404 0.124178 0.194357 0.25296295 1.0
371.18764028551215 -169.151055613865 -0.07645 0.018925 0.29801142 1.0
374.24358568733123 -171.77868154869054 -0.06901 0.295784 0.29997292 1.0
396.684591588483 -180.2029302235709 -0.608918 0.150966 0.3248413 1.0
284.8174743557809 -127.58291059458351 -999.0 -999.0 0.19870242 1.0
360.97515040232986 -159.54523932447418 -0.10189 -0.016457 0.267512 1.0
323.1932075577026 -136.16647865955923 -0.032433 0.133173 0.20749761 1.0
466.4090155070165 -188.83216328985466 -0.016913 0.144544 0.31435537 1.0
459.9139364203942 -178.08399716099584 -0.107978 0.040505 0.29814047 1.0
489.0698315201189 -190.41386093314395 -0.180168 -0.64314 0.32556123 1.0
469.0631844460085 -139.0179801405044 -0.661552 0.126428 0.35319844 1.0
444.03114078433543 -132.74762881899267 0.366642 0.244127 0.3173491 1.0
372.6407810481909 -107.00907503756498 -999.0 -999.0 0.26128277 1.0
345.780002705934 -98.75067939359036 0.262058 -0.08323 0.22941342 1.0
418.1466404658472 -118.91089777134913 -0.39502 -0.528108 0.2793838 1.0
544.9189848976449 -152.98985003795744 -0.007208 0.011667 0.35536882 1.0
405.2608471450481 -109.70627980491864 -0.254167 -0.466724 0.26047167 1.0
414.05748163106784 -111.58425297151922 0.148674 -0.15853 0.2545841 1.0
482.3909995537569 -130.88885126789864 0.075161 -0.332807 0.31655896 1.0
407.49615925591957 -106.1138334682107 -0.103285 0.225363 0.2647546 1.0
439.68017841493474 -130.57926784205162 -0.269582 0.046029 0.2898706 1.0
421.38433767973333 -126.11736371665918 0.316636 -0.021563 0.3458336 1.0
374.5888637174497 -108.94832641903339 -0.19665 0.327908 0.26493877 1.0
371.0872921035098 -107.56645984457552 -0.153874 0.079091 0.25929534 1.0
482.7167646995577 -133.01133790501046 -0.006887 0.101131 0.3316652 1.0
473.21607826166746 -129.15076293141556 -999.0 -999.0 0.30547637 1.0
492.3753059044247 -130.684297325036 0.160419 -0.484546 0.32336754 1.0
478.2062985515904 -126.32948718927727 0.093855 0.204235 0.28461534 1.0
360.16607624397426 -134.29885072707611 -0.103813 0.130565 0.27066675 1.0
421.7666727363872 -155.65990927738196 -0.067598 0.255342 0.33432788 1.0
430.3672894735118 -151.7245620097948 -0.153299 0.056572 0.30076244 1.0
473.9974674225071 -164.41939180062923 0.160817 0.027063 0.32124567 1.0
478.3489187584475 -163.47827847055416 0.374971 0.281688 0.30115038 1.0
382.46393577271954 -137.37894785301557 -0.005615 -0.176602 0.2975033 1.0
446.7965483143694 -147.55291412133877 -0.379723 0.089007 0.2803779 1.0
521.0822301518796 -172.06187315200256 0.128446 0.033011 0.34501016 1.0
523.1281572347687 -172.45570932797654 0.202711 0.261577 0.34533426 1.0
348.4167140994161 -118.13289184998887 0.047309 0.028402 0.24957216 1.0
396.27350396930615 -131.137624711372 -0.071927 -0.129769 0.2686675 1.0
462.1424555036291 -152.07202075988053 0.338042 0.031164 0.32534143 1.0
441.76700908517387 -142.49627422404978 0.457763 0.313174 0.2928936 1.0
432.93442809081216 -137.52620056038603 -0.179391 -0.055247 0.27112845 1.0
392.33635453136753 -125.50948736317207 0.461894 0.470676 0.2700056 1.0
427.4027671165663 -135.96764494524555 0.802598 0.119875 0.35368744 1.0
435.8421129591093 -131.55207275982764 -0.171076 0.033834 0.2922232 1.0
444.11457059703565 -130.9941475972535 -0.236034 -0.11095 0.2698842 1.0
431.2663799128932 -154.9207826742755 -999.0 -999.0 0.3399783 1.0
379.22666861367935 -133.1686355973043 -0.131816 -0.259224 0.26796538 1.0
471.93107279748546 -161.83984021462356 0.044775 0.085396 0.34036967 1.0
439.8566184575051 -150.69307466556282 -999.0 -999.0 0.29932928 1.0
373.8254063597708 -128.89485186998402 -0.156717 -0.066813 0.2658622 1.0
420.0336335733944 -142.31523279993363 -999.0 -999.0 0.30775416 1.0
409.319950738912 -137.45703521269857 0.100323 0.077778 0.289732 1.0
417.06743968409785 -141.7318546323222 0.343808 -0.11875 0.33242455 1.0
365.35807024456744 -120.75260754100742 -999.0 -999.0 0.25328013 1.0
458.39416887330486 -147.8760114227179 0.033707 0.185434 0.3245982 1.0
435.0033865101625 -138.66090971642026 0.153298 -0.401999 0.29227525 1.0
442.488720803314 -139.04650939496844 0.024961 -0.30918 0.28549042 1.0
459.4598732351686 -145.0319357347315 0.022016 0.057962 0.29935843 1.0
428.6662530930737 -134.95347643742184 0.350897 -0.047624 0.27041826 1.0
364.26290430696747 -115.98985402386697 0.57903 0.001349 0.26389354 1.0
432.2078604555076 -139.86122208766392 0.10706 -0.454805 0.33911675 1.0
433.9364929287438 -138.6396438386432 -0.221033 -0.108128 0.33753306 1.0
429.4695572509383 -130.90582117569022 -0.045665 -0.076909 0.27934775 1.0
442.7684027165949 -143.04749822333255 -0.143471 -0.117482 0.26463854 1.0
483.4625894774601 -145.82149955096938 -0.085302 -0.341885 0.30072144 1.0
449.12506045010537 -131.3020114897766 0.103345 0.01829 0.26938418 1.0
389.7479835502148 -159.21742531290136 0.176745 -0.415663 0.2575433 1.0
484.2472260309006 -192.8038569665793 -0.169661 0.291082 0.32917982 1.0
440.0937001792173 -177.70731905696977 0.014019 0.089392 0.35648283 1.0
425.23122796313527 -170.40371368259184 -0.24664 0.242573 0.32495084 1.0
335.90458458165455 -130.43319637170546 -0.572304 0.274538 0.23729569 1.0
430.9300856738198 -163.44316630747855 0.49401 0.305356 0.3077447 1.0
428.84202535621466 -162.68237050632754 -0.051172 0.24389 0.30555344 1.0
393.35971061361954 -143.43140698648833 -0.279011 0.409791 0.24285467 1.0
318.1572201791759 -113.98776643264836 0.373346 -0.315973 0.17649241 1.0
515.8938744845686 -184.3372604440067 -0.004981 0.197032 0.33829966 1.0
405.13161121875527 -152.59020150149482 0.090807 0.093739 0.30520087 1.0
494.7491387212156 -178.03509038515824 0.057706 0.265022 0.35479543 1.0
390.07036939892845 -138.09052454498385 0.431916 0.204676 0.25042358 1.0
496.2839371584216 -173.94883398296062 0.252285 -0.292398 0.33444 1.0
369.0038639884392 -170.01715637741282 -0.025584 -0.329263 0.3083111 1.0
381.736943325398 -172.2769843247341 -0.759591 -0.332716 0.31492582 1.0
398.09966917201046 -179.48240125281123 -0.523095 -0.078028 0.3256917 1.0
363.33477339575063 -151.68835766359734 -0.201075 -0.037793 0.24447408 1.0
359.3506553759968 -155.46494557572134 0.328118 -0.277757 0.27260196 1.0
373.83263598330234 -154.26781662569186 -0.124446 0.30504 0.26185948 1.0
321.93893962989284 -125.76413757967315 -0.069055 0.178885 0.19206065 1.0
364.2258144726732 -147.52708023384977 0.215245 -0.354799 0.2569649 1.0
361.83343720697184 -144.89169276521298 0.409907 -0.113957 0.27000567 1.0
380.73015462548983 -152.94499242111596 0.164035 -0.039611 0.28949726 1.0
480.20257402796784 -179.74049408733828 0.046969 -0.226833 0.33233958 1.0
488.8250973119918 -181.34939358327347 0.171302 0.146271 0.33244264 1.0
424.86052520824023 -155.1610550462401 -0.106942 -0.306327 0.26037434 1.0
367.33421188250526 -140.93653736063033 0.062684 -0.346068 0.26927224 1.0
481.2863057836442 -175.8730810617587 0.314242 -0.236784 0.34245738 1.0
517.061332504925 -181.07346443393595 -0.141742 -0.402808 0.342819 1.0
455.78161333141344 -159.33825290168753 -0.014667 0.149739 0.30118617 1.0
326.3626375778484 -164.27769397425848 -999.0 -999.0 0.23053694 1.0
311.156214068725 -159.50987520605244 -0.119685 0.436998 0.22253159 1.0
412.30842502685744 -208.834518411781 0.134143 0.075785 0.3190301 1.0
312.5738928371916 -156.46115013982237 0.062961 0.495384 0.21993968 1.0
414.04563703610904 -204.56842266143113 -0.489526 -0.437927 0.3400964 1.0
242.84280214438115 -118.89450547902707 0.415329 0.218312 0.16209944 1.0
424.46050163634874 -200.1016520132441 0.008199 0.05809 0.31531763 1.0
234.60444691157636 -114.70911364430704 -0.05284 0.000369 0.16171871 1.0
420.67889978926075 -202.18941225470476 -0.524802 0.01319 0.33968052 1.0
256.0715991374113 -118.84948130732718 -0.165056 -0.099692 0.1656333 1.0
234.5603736615122 -111.56781433797728 -0.18557 0.042668 0.16064695 1.0
418.29493116250023 -197.17257319365183 -0.149819 0.203384 0.34052122 1.0
461.2541856256111 -201.9934909027252 0.024977 0.312289 0.3435326 1.0
438.6717340082019 -192.99474623899087 -0.237442 -0.056914 0.3144095 1.0
428.47589723899165 -180.8885287184688 0.27002 0.411483 0.28343824 1.0
343.9094055856428 -157.66008252887903 -0.056291 -0.015617 0.25705248 1.0
245.62231285145734 -109.47448141510685 -999.0 -999.0 0.16071518 1.0
403.5842247854362 -174.4516519779517 0.269336 0.110704 0.28912842 1.0
388.7177026453052 -163.4116030740284 0.004507 0.191748 0.26053485 1.0
293.5147625059299 -121.09953278855079 0.11246 -0.052958 0.17087068 1.0
322.05926030751544 -161.0429091566273 -0.115479 -0.759294 0.23646387 1.0
420.011226619664 -207.6327339792148 -0.122577 0.036371 0.33209807 1.0
410.6330629519661 -202.13257722962598 0.04956 0.06332 0.3203163 1.0
406.98114490064273 -198.69855425779542 0.257463 0.238176 0.31092882 1.0
331.10927677513575 -160.26134966096444 -0.127881 -0.183199 0.2290926 1.0
288.2670206364981 -139.56318385492364 -0.224484 0.368027 0.19039115 1.0
402.78738063024673 -197.57596735400875 -0.0084 0.042315 0.33012748 1.0
413.3432387375725 -202.55368258398374 -0.259183 0.043415 0.33895364 1.0
274.6884593187214 -126.39544203949899 0.173946 -0.264889 0.1720375 1.0
336.31235991831494 -152.50593689717297 -0.07669 -0.076993 0.21939372 1.0
400.9056859891819 -193.43096103905853 0.404267 -0.234187 0.3292418 1.0
318.66989478324905 -153.48128136989644 0.097602 -0.178172 0.2370248 1.0
319.8694740213344 -153.39923609894316 0.024344 0.061596 0.23766668 1.0
336.24411870639426 -149.6339921658636 -999.0 -999.0 0.2214401 1.0
436.4644838499529 -194.39063751022084 -0.205527 0.036503 0.31231585 1.0
443.81024049935314 -195.28858107957606 -0.22276 -0.21396 0.3126882 1.0
339.4126721148761 -158.92372900885272 -999.0 -999.0 0.25634748 1.0
356.39896111365255 -165.89708643682167 0.120461 0.129186 0.27321106 1.0
442.25251622887356 -190.96143935268853 0.236138 -0.131353 0.31457067 1.0
398.9888594966564 -169.78840035663148 0.165237 0.159648 0.26518068 1.0
476.9238933977034 -200.68580177785486 -0.686943 -0.083147 0.3319137 1.0
476.90991001563646 -200.12270204457027 0.033285 0.307098 0.331563 1.0
426.7741557649188 -179.53866608279648 0.063988 -0.250784 0.28214613 1.0
393.93433657987504 -165.26169395500978 0.358531 -0.000742 0.25125208 1.0
285.10826064124893 -127.73816862900144 -999.0 -999.0 0.19896254 1.0
287.6375348436496 -126.62831372977024 -0.167085 -0.321705 0.19323628 1.0
287.36454330401995 -126.27209577885444 -0.224091 0.271928 0.19266509 1.0
290.7301057134159 -127.43175301020497 0.441166 -0.03777 0.19535765 1.0
284.05821624784437 -124.25778710503658 0.016966 0.193195 0.18963689 1.0
285.55687948673096 -123.92685750416193 0.075011 -0.092582 0.19027324 1.0
309.85350599289353 -132.36809878941898 -0.279739 -0.045632 0.20113209 1.0
421.35971197519194 -175.2028972583851 -0.118443 -0.111236 0.28965488 1.0
421.4492611101273 -174.9703443931384 0.017702 0.149545 0.28978777 1.0
347.7666172410384 -143.6504081760373 0.064091 0.012292 0.22262263 1.0
348.5182292850654 -143.17525374748493 0.053636 0.186197 0.21635701 1.0
320.055886472285 -131.53638042686683 -0.299814 -0.29535 0.19338736 1.0
364.5657910083768 -149.64566613920894 -0.216444 0.028205 0.22927617 1.0
402.69431867158806 -169.06410306217057 0.250239 0.431439 0.2977862 1.0
377.89598896048193 -159.48332776136112 0.294503 0.259098 0.27177638 1.0
385.5781572220877 -158.124588711466 0.04 0.079606 0.26582754 1.0
380.92115214016195 -155.84039426829864 0.374133 0.03411 0.25423855 1.0
396.7420801137665 -159.54800768138853 -0.467596 0.588344 0.260859 1.0
354.07371418683437 -141.09214723128022 -0.043068 -0.098894 0.22277915 1.0
483.7819793098182 -189.50345223088746 0.355509 -0.051373 0.33210263 1.0
487.5686920241783 -190.92201696601492 0.081439 0.16626 0.3285325 1.0
487.493553760423 -191.7129944090615 -0.034607 0.228153 0.3285084 1.0
461.7109268999555 -179.8201781386175 0.082394 -0.04118 0.29909053 1.0
379.4564858325721 -145.70074879586878 0.137894 -0.048572 0.22339489 1.0
425.2454458251382 -130.56987090089152 0.072216 -0.27482 0.3544589 1.0
254.26993075252156 -76.80463044678973 0.050645 -0.563941 0.16462101 1.0
443.10763438807595 -132.07479675892128 -0.082155 -0.046624 0.33800024 1.0
417.22534225391496 -124.60132542118886 -0.018048 -0.224029 0.30508414 1.0
372.5965463046863 -109.61723954094712 0.60691 -0.096911 0.25141558 1.0
347.2401085532681 -101.79169639668437 0.152873 -0.310778 0.22309653 1.0
347.92248168928563 -102.6127483801793 -0.135144 0.227286 0.22350256 1.0
440.63478698460375 -127.84940534065541 0.024368 0.25663 0.2885974 1.0
368.77344180069133 -107.2706614191063 0.066252 -0.374234 0.22119102 1.0
372.3199321077226 -108.89134286471263 0.043103 0.159103 0.22398733 1.0
531.0674022859337 -154.1533939206576 -0.064197 0.071019 0.3588074 1.0
418.3914032974271 -122.2815527253307 0.079229 -0.03162 0.25214672 1.0
345.118172616317 -100.26122992937384 0.338075 -0.422228 0.18737264 1.0
492.3985928542221 -141.89768187289735 0.404676 0.28458 0.30018932 1.0
284.1178186669179 -81.43795678623695 -999.0 -999.0 0.18417372 1.0
332.4061467239809 -94.838841525837 -0.327998 0.260435 0.21398078 1.0
317.73706642066134 -90.66786584194075 -0.034891 -0.02454 0.200661 1.0
453.892784921704 -129.84887115951764 0.218321 -0.063996 0.32419175 1.0
470.183366434087 -132.85001790557808 -0.135898 -0.028912 0.34058088 1.0
392.5832699014093 -110.14941683185066 -0.001947 0.265961 0.25209814 1.0
483.10204941982465 -136.88816504290813 0.08298 -0.090436 0.32701483 1.0
337.08912505997637 -93.69739772591764 0.01261 -0.086322 0.19131476 1.0
363.5983597326657 -98.16600376254927 0.360487 -0.456828 0.22934671 1.0
491.28710696009836 -132.04533770969047 -0.054509 0.015954 0.32895306 1.0
497.7213708709317 -133.81907231645434 -0.271047 -0.202687 0.33467802 1.0
368.47917518882605 -99.67211045382935 -999.0 -999.0 0.21937728 1.0
483.67560384711817 -130.13537240634733 -0.36646 -0.470979 0.31694448 1.0
333.22173915775767 -88.98244910628578 -999.0 -999.0 0.19019295 1.0
494.8513033920635 -126.87321310509355 0.249893 0.019909 0.32502955 1.0
497.23046538655154 -127.82653854064576 -0.449852 -0.188624 0.32644564 1.0
276.31866237756367 -84.27158877191358 0.055487 0.056454 0.18359813 1.0
426.2382480180418 -130.0245298997177 0.320495 -0.328795 0.32113934 1.0
441.79819118415156 -133.58328400090429 -0.302208 0.085306 0.32110465 1.0
364.1998579836257 -110.62715696297826 0.096922 0.015012 0.24313422 1.0
360.1653877416631 -107.30491649414421 0.197113 -0.090814 0.22986059 1.0
432.98513564616667 -129.06359869240316 -0.191214 -0.574931 0.29183456 1.0
378.7539874671083 -111.14187166660452 0.015817 -0.242992 0.22011253 1.0
416.2158311401349 -125.91268250029985 -0.124741 -0.012365 0.34102008 1.0
285.9687602871896 -83.28559169826737 0.024635 -0.04673 0.1839331 1.0
368.45192760368195 -108.1060466286482 -999.0 -999.0 0.2540721 1.0
290.3500857331929 -85.26514107714941 0.009377 -0.120923 0.1842209 1.0
375.1345300692312 -110.07666209901967 0.040664 -0.376224 0.253452 1.0
317.58613969851945 -91.3652956877766 0.301333 0.215938 0.19997686 1.0
320.9684922314187 -92.94020757625535 -0.163011 0.023995 0.20175542 1.0
380.1578361690466 -110.51645014202809 -0.002104 -0.020944 0.25191304 1.0
324.7493947105509 -93.21356757192159 -0.160111 -0.463546 0.2036814 1.0
393.8626111510705 -114.35618360738593 -0.447292 0.168299 0.26101157 1.0
470.83896057582706 -134.48818962281808 0.077079 -0.081806 0.32521567 1.0
439.96560125018186 -125.55622332594339 0.070993 0.182124 0.28743106 1.0
487.68770920046023 -139.6041133296191 -0.273852 -0.036472 0.33317885 1.0
435.3279639769231 -123.8721006442385 0.270017 -0.181772 0.2829683 1.0
437.64045141964624 -125.87614557845482 0.255941 -0.008684 0.28545427 1.0
369.28758183971723 -105.03587193198513 0.271051 -0.102222 0.22127391 1.0
313.3856555779142 -89.66317182753832 -0.105062 -0.391629 0.17534976 1.0
415.2837964795744 -117.71743685312808 0.251928 0.267421 0.30448383 1.0
353.464917769907 -98.90707367590058 0.205832 -0.142256 0.22517994 1.0
479.85763935619104 -133.33471624476664 -999.0 -999.0 0.3306277 1.0
479.6546708583705 -130.90683965814335 0.087334 0.083881 0.32651427 1.0
373.6420379838311 -101.61739630140274 -0.315974 -0.059013 0.2176495 1.0
380.9937203170089 -101.54427624631052 0.007631 0.10358 0.24388507 1.0
360.48631990791995 -95.82151795669313 -999.0 -999.0 0.22027884 1.0
409.39548601483955 -108.73960536062441 -0.279285 0.037147 0.25893584 1.0
367.138804212061 -96.61670705399361 -0.257184 0.033222 0.22005057 1.0
503.9783687523855 -131.41217363190677 -0.108151 -0.019014 0.33330005 1.0
458.7110147185666 -115.32905134046487 -0.148071 -0.229151 0.29021698 1.0
498.15933296253286 -124.94044034701926 0.22027 -0.105757 0.32654336 1.0
497.53643709574857 -124.46640843626004 0.064092 0.106375 0.32555038 1.0
359.1919949512391 -132.9896913321784 -0.192745 0.065757 0.27362496 1.0
373.194552853356 -136.62990129901246 -0.681351 0.65319 0.2792976 1.0
389.4633312327227 -135.77172931468442 0.090941 0.159976 0.25277847 1.0
312.51130309785026 -108.17172778987285 0.051088 0.30436 0.18452746 1.0
356.12645752062537 -126.63137433577377 0.030082 -0.141735 0.2620597 1.0
363.21379216310044 -129.01595454446945 -999.0 -999.0 0.2674719 1.0
363.4262553994104 -127.61806107927214 -0.033671 0.126713 0.2654931 1.0
373.4473117839108 -132.30899585249452 -0.101827 -0.504203 0.27524275 1.0
437.7541105610172 -154.25981019889764 -0.168998 0.10526 0.34059033 1.0
422.3129395851555 -147.74655753883627 -999.0 -999.0 0.31658795 1.0
275.4830907013134 -95.65650557366558 -0.522967 0.029408 0.1756501 1.0
297.7590042516442 -101.02993212814098 -0.197281 -0.179305 0.18137866 1.0
434.98374443898007 -146.91520507749354 0.267489 -0.206658 0.29795286 1.0
472.61219911341834 -160.62210759964412 0.269248 -0.097779 0.33086696 1.0
468.15940824366874 -156.99348656774066 0.231767 -0.096074 0.3235993 1.0
481.5077851686507 -158.81736146146622 -0.12626 -0.067819 0.3205814 1.0
441.59693595947454 -145.15470017078252 -0.055473 -0.038479 0.27887508 1.0
442.10016697315615 -147.12005416968526 -0.005683 0.119051 0.2792443 1.0
382.9935874899245 -124.74436480560027 -0.156433 0.177459 0.22162181 1.0
369.6096463781843 -125.47625914430036 -999.0 -999.0 0.2701605 1.0
364.29719291763007 -123.65823412054576 -0.132465 0.102789 0.26497242 1.0
326.33720014951155 -110.49262104127304 -0.174947 0.586094 0.22505021 1.0
369.10284759497034 -124.07746611059873 -0.282588 0.205997 0.26415494 1.0
394.0119682768949 -133.2067146236799 -0.146513 -0.062079 0.28423923 1.0
381.3344647659823 -127.16529921673215 0.523547 0.007962 0.2652406 1.0
336.89120722736305 -111.75639788705992 0.272105 0.140749 0.22352068 1.0
339.5998618722924 -113.57297130090127 -0.07877 -0.057063 0.22477175 1.0
327.6810168443961 -108.94315137264788 -0.180229 -0.422393 0.21151671 1.0
399.6829373334965 -130.98891945182365 0.332223 -0.135938 0.26662216 1.0
438.1966394171351 -142.3248020847348 -0.27103 0.456043 0.29689476 1.0
447.55888979966716 -143.76696153904504 -999.0 -999.0 0.2926268 1.0
438.73104631330926 -140.1185574503744 0.289737 0.166334 0.27443826 1.0
385.3534702301135 -122.78300424995513 -0.362006 0.297798 0.22374246 1.0
484.2516345354799 -154.14035732276656 0.011341 -0.01968 0.30474365 1.0
388.1854123516936 -123.77489926077493 -0.009636 -0.107485 0.22392881 1.0
313.6809979185043 -105.0075035459629 -0.181643 0.052968 0.234178 1.0
416.0521386764582 -136.95860097408462 0.236814 0.275538 0.33272967 1.0
438.0525062131448 -143.96758295981664 0.071173 -0.143064 0.34499693 1.0
421.3348175213517 -135.2559166084885 -0.397821 -0.128284 0.30758584 1.0
379.35772642109237 -121.60652498079348 -0.141796 0.223955 0.26370922 1.0
377.8164630608092 -121.17279820379939 0.013225 -0.245638 0.26196337 1.0
340.46459501049804 -109.41310030967598 0.280393 -0.072696 0.22498451 1.0
472.28265163674575 -147.74818377323382 -0.139154 0.17599 0.33006278 1.0
489.484572715739 -150.91004472628464 0.15119 -0.070792 0.3237489 1.0
340.1309141249891 -105.44125011367856 -0.11094 0.255638 0.19679847 1.0
522.7978735263288 -162.13251750496718 0.172867 -0.138553 0.3568903 1.0
412.54861395036244 -126.28701393303817 0.280835 -0.367738 0.2390972 1.0
275.4688498707776 -87.61881230825757 0.046644 0.249624 0.19352856 1.0
317.38357814823615 -98.23552680506828 -0.113214 0.100513 0.21109636 1.0
365.90439219032993 -111.55676739206285 0.106379 0.00021 0.24462254 1.0
343.2146895240712 -104.50859455176094 0.009256 0.039862 0.22427902 1.0
413.8961135385066 -127.03332378283169 0.094598 -0.264161 0.2869943 1.0
386.7656493592612 -118.16833637005551 -999.0 -999.0 0.26144087 1.0
271.5730161700199 -82.49696864126389 -0.166475 0.404494 0.16013181 1.0
436.19917285444853 -131.58198597755458 -0.038594 -0.449839 0.28783798 1.0
435.92495323995433 -131.269461749392 0.079753 0.066985 0.2874079 1.0
437.9176189525541 -131.24647679289205 0.436778 -0.475724 0.28844634 1.0
441.5568184196588 -132.28135099136293 0.062411 0.206917 0.28874248 1.0
331.13909092798025 -97.70850268449942 -0.464121 0.025733 0.18690583 1.0
348.60065767320725 -103.59459554418225 -0.279613 0.115809 0.19698842 1.0
442.2978947651654 -131.6909734955342 0.133749 -0.279247 0.270638 1.0
354.55402589352127 -104.87032575874784 0.125966 0.202768 0.19878164 1.0
424.92941663269767 -125.14308592117834 0.104561 -0.547879 0.25101438 1.0
353.4776514221732 -129.79305738499008 -0.035068 -0.402022 0.26929456 1.0
378.29959778294403 -138.84223523378992 0.098625 0.367216 0.29451802 1.0
417.2057538012631 -150.64373417737073 0.233229 0.134029 0.33277017 1.0
247.0257415424233 -88.79832580611505 0.144243 -0.092158 0.16352403 1.0
429.9217124841621 -156.02614723806593 0.304041 0.079623 0.34057435 1.0
433.19129907951407 -154.78361019331643 -0.001787 0.045888 0.34067822 1.0
435.30875622634863 -156.47956369422403 -999.0 -999.0 0.3405282 1.0
411.70997284750126 -140.62427617304482 0.230272 0.20485 0.27101487 1.0
270.312876646515 -95.9094166531217 0.125462 -0.056555 0.19182254 1.0
381.5867290324918 -136.04304402489146 0.321284 0.110025 0.3059489 1.0
379.56461381900687 -130.86098725505707 0.069965 0.018548 0.27646884 1.0
396.4654082507727 -131.5784938631527 0.077427 -0.052218 0.26221886 1.0
353.78072957638904 -118.1077426008251 -0.463124 -0.092385 0.22459637 1.0
475.2779557355701 -157.3747107664048 -0.299928 0.2622 0.3352233 1.0
468.5613469823356 -156.32195209699023 -0.070124 -0.253774 0.3239813 1.0
423.7642534032594 -137.84659217901972 -0.128716 -0.372601 0.26976186 1.0
372.5470440568036 -122.1508465338953 0.07447 -0.089965 0.2236985 1.0
524.9463103567422 -168.93085227904166 0.240331 0.105674 0.3482255 1.0
258.3666036853383 -88.99382269544793 0.530721 0.335706 0.18194616 1.0
244.51392418902745 -81.99354247816753 0.074781 -0.238384 0.16395612 1.0
342.2040619871277 -113.56880764570973 -0.190195 0.098779 0.23834339 1.0
422.3026697088424 -139.95531809260928 0.030121 0.138503 0.31645682 1.0
333.11988686592014 -109.63988000266325 -0.116704 -0.028783 0.22462274 1.0
359.53780574638 -116.75222881233358 0.009359 -0.19848 0.23448893 1.0
324.04067389943526 -104.58733378458395 -0.118189 -0.272732 0.20142114 1.0
433.1280460864423 -138.5453709992434 -0.057562 0.032644 0.29067227 1.0
439.8350554304682 -141.79144131880435 -0.264814 0.136589 0.296768 1.0
445.85708708113805 -143.01510273529973 -0.218923 -0.328326 0.30059502 1.0
437.06826979759273 -136.66014972819227 0.060515 -0.123523 0.27074558 1.0
439.35874241690027 -137.35401164072744 -0.128842 -0.188504 0.27216482 1.0
407.8715145895956 -133.60617279447652 0.096805 0.248377 0.33297694 1.0
410.42873466782424 -135.50429193316188 0.068462 -0.36286 0.33334756 1.0
438.87089963389576 -140.48414103239375 -0.060083 -0.239784 0.34077847 1.0
412.154209634116 -130.4628290138786 0.089701 0.188242 0.30464873 1.0
332.4963311707998 -105.9831569255343 -0.002047 -0.145266 0.2233548 1.0
353.4672967237133 -110.49229674676695 -0.093503 0.476474 0.22822382 1.0
365.00368907035926 -111.37197070444202 0.003201 0.249242 0.22605489 1.0
338.25509387323547 -102.24321809772938 0.14135 0.032454 0.1950258 1.0
505.4289519229312 -169.6003024967705 -0.164326 -0.107248 0.3288575 1.0
491.1201141973644 -157.55618697844858 0.333352 -0.268879 0.3062987 1.0
531.37479531007 -164.73656513463268 -0.089658 -0.529889 0.34951684 1.0
447.6771457372168 -139.1160369629153 0.436005 0.526489 0.26638517 1.0
359.6909061472738 -108.53921223557349 -0.242217 -0.021357 0.2001845 1.0
516.6043302148356 -154.45396326991792 -0.010535 0.27909 0.32707947 1.0
365.64848515383613 -149.75991697848357 0.591709 -0.279665 0.2975274 1.0
318.8659996876439 -145.66046067415317 -0.017035 0.322004 0.2523963 1.0
380.9733436903277 -171.90068432711723 0.050572 0.069077 0.32177982 1.0
404.5746522409502 -180.64581923713675 0.401011 0.054162 0.34409446 1.0
396.46244252634943 -177.86682598504188 -0.125962 0.022114 0.32976732 1.0
301.07213795122016 -129.28929986124945 -0.097812 0.016478 0.2084565 1.0
373.0260562017834 -146.9620719841581 -0.297579 -0.029139 0.22422078 1.0
463.62363851379735 -181.1719033770363 -0.011102 -0.108618 0.29886866 1.0
417.19465902023927 -176.04801693734677 0.239523 0.230202 0.33230615 1.0
440.6031750375116 -185.9138973080383 -0.100574 0.311212 0.35933748 1.0
342.5663512949129 -138.37394438335394 0.009641 -0.148438 0.22703964 1.0
343.89726648573577 -137.26579155516953 0.119368 -0.107173 0.2256061 1.0
423.5994899997062 -167.17582708297053 0.270847 -0.018785 0.2861782 1.0
375.97205153961573 -142.78084284849666 0.016432 -0.384373 0.22619845 1.0
353.3127042558779 -134.90480758570123 -0.220971 0.085816 0.20650575 1.0
356.61079934423213 -147.01941110795656 0.154896 0.396078 0.27187657 1.0
425.5232746119983 -171.69909839723084 0.003828 0.166129 0.3342219 1.0
371.593897642804 -149.67321605008593 -0.078806 -0.051347 0.2742043 1.0
431.649862208086 -170.12938209539047 -0.08587 0.089841 0.32249758 1.0
432.5002746054883 -170.16499480774587 -0.207598 0.258652 0.32292983 1.0
433.6451644585727 -168.80167804423155 0.114991 0.01482 0.3087251 1.0
440.2231139386416 -165.9447370141676 0.187106 -0.021589 0.28858396 1.0
471.2768965827407 -173.18370388022635 0.049571 0.075939 0.3015583 1.0
521.7248588994482 -191.69896082367538 0.382563 0.147259 0.34350732 1.0
410.6154823354661 -166.31497414608305 0.155981 -0.124359 0.34122828 1.0
335.7989596802992 -130.47487774924485 -0.055333 0.033602 0.23729646 1.0
362.05062194329275 -139.44942377765997 -0.347264 -0.033033 0.25909835 1.0
450.8108787982205 -171.82462675599493 -0.155284 0.223787 0.34515783 1.0
420.110431545995 -162.22916879001232 -0.092228 0.156115 0.31053618 1.0
340.30998327419695 -129.32733514753176 0.140265 -0.167274 0.22976714 1.0
421.59442069296057 -160.37761629068422 -0.176375 -0.185089 0.30686095 1.0
342.02101179534765 -128.6089496436542 -0.101876 -0.066707 0.22409685 1.0
432.3619225814691 -163.21802696386126 0.106384 -0.142295 0.30794147 1.0
455.42154292805475 -170.76582946245975 -0.460042 0.404615 0.32804292 1.0
388.14581464598245 -144.98856844418586 0.01709 -0.389182 0.2572193 1.0
459.29505627137814 -170.15143341745892 0.104089 0.017674 0.3183546 1.0
433.8235113792064 -159.63163940056933 0.287105 -0.094114 0.28857782 1.0
394.24455937982265 -142.85921457503062 0.0076 0.098609 0.24283876 1.0
320.9401557952858 -114.95021253580786 -0.041744 -0.08348 0.17850773 1.0
371.0849320630999 -145.23629869014871 0.379702 -0.106779 0.29307947 1.0
315.31213099100063 -120.8343228427556 -0.302234 -0.446674 0.22851141 1.0
341.82637025515635 -130.76575435842236 -0.12063 0.016112 0.2533779 1.0
250.40042767697452 -94.23157314413777 -0.050424 -0.098857 0.16213001 1.0
448.1340880124655 -166.66759259681479 0.204957 0.222794 0.34265694 1.0
447.15396395778197 -167.46477523484788 0.21829 -0.090009 0.34170038 1.0
328.1653746380246 -120.41839078540984 -999.0 -999.0 0.21363188 1.0
333.98233686166435 -122.26866642634621 -0.248067 -0.046499 0.21618953 1.0
338.9864866764161 -124.52217482272398 -0.005929 -0.033056 0.22069325 1.0
325.21702244812604 -119.36019112502068 0.063925 -0.165758 0.20885973 1.0
335.59781259536396 -122.16658635340639 0.633377 -0.284887 0.21592544 1.0
345.6721172619729 -125.5817030450751 0.247731 0.13541 0.22384296 1.0
430.28747614387487 -155.61802830995222 0.042351 -0.007709 0.29955348 1.0
471.59279424017166 -169.379211685966 0.003146 0.332361 0.33476833 1.0
386.8754493455121 -137.75843980924722 -0.056557 0.029341 0.24929616 1.0
457.51354380916564 -162.04821758659682 -0.070171 0.186234 0.31356108 1.0
472.766979992303 -168.63920578180452 -0.293234 -0.1697 0.32318756 1.0
342.88487484888014 -120.57479414929888 0.192542 0.500779 0.22662127 1.0
430.2493605209353 -149.505119852142 0.064063 0.108828 0.29930475 1.0
431.2927108556351 -146.52616375622796 0.316141 -0.170309 0.27834454 1.0
396.78206633741394 -182.48002921147878 -999.0 -999.0 0.34412807 1.0
380.20421570482057 -173.4627264177977 0.090661 -0.285818 0.31409797 1.0
441.6459349682321 -183.6560192280542 -0.012927 0.166835 0.3171411 1.0
480.9870620885593 -193.18726287956642 0.078756 -0.012896 0.33175367 1.0
303.49819206845916 -134.55961574604873 0.172845 0.028878 0.23346847 1.0
312.1699811035898 -135.74961268504862 -0.13372 -0.037768 0.23340523 1.0
397.92773666221024 -171.822067618171 -0.112524 0.144437 0.32210878 1.0
297.6347594574162 -121.0043085994032 0.027666 0.126037 0.1903194 1.0
302.575883998484 -122.70986931781252 0.098318 -0.161681 0.19274665 1.0
302.92674286336137 -123.15470789618192 0.155907 -0.155955 0.19303447 1.0
343.50027662189484 -139.06064624139572 0.108206 0.030602 0.2260135 1.0
382.30637174872294 -153.36874064398543 -0.351248 -0.163779 0.25477588 1.0
348.43731609078066 -144.27892237609876 0.09117 0.369105 0.25871745 1.0
342.6634789689123 -135.98248410098037 0.449663 -0.23438 0.22416256 1.0
434.4766328953305 -170.8761910068762 0.228676 -0.053868 0.31048816 1.0
439.22405670421546 -171.41128236125772 0.32667 0.356534 0.31058383 1.0
386.8794500212526 -150.33692306543972 0.121023 -0.321094 0.25486284 1.0
484.31929088076595 -185.04190532503694 -0.250288 -0.075814 0.33515835 1.0
373.9850369261462 -141.55686577947387 -0.172409 0.059431 0.22530964 1.0
353.82422979823826 -133.75856950803254 -999.0 -999.0 0.20754293 1.0
491.1492540773876 -185.11348550863278 0.035949 0.174383 0.3224382 1.0
470.49296714139393 -175.59821804054798 0.03793 0.032077 0.30041042 1.0
357.2259835865525 -133.10092687977928 0.0945 0.480129 0.20557061 1.0
531.4310675989364 -197.71284244027194 0.236406 -0.400464 0.35709515 1.0
404.43605103000084 -163.77412824902527 -0.301345 -0.042169 0.3211499 1.0
417.94405313942264 -163.18828794197478 -0.076944 -0.04889 0.3090749 1.0
339.50114027881773 -132.43552610183514 0.231487 -0.02471 0.2294573 1.0
438.9429863103777 -167.43957544030206 -999.0 -999.0 0.3098934 1.0
344.583285615527 -130.749512611415 0.156128 0.126718 0.22227494 1.0
433.58274093957965 -165.973486280835 -0.00907 0.187498 0.30494806 1.0
440.9447525284656 -169.07279364042088 0.04529 -0.287611 0.31374037 1.0
439.87918837524217 -168.3148809692127 -999.0 -999.0 0.31205887 1.0
450.2252220169264 -171.38505996499097 -999.0 -999.0 0.32226467 1.0
439.0216755970893 -167.08183180694525 0.249784 0.327882 0.30958298 1.0
440.58181699033486 -165.89169537296948 -0.023401 0.262903 0.31011048 1.0
389.8579248431494 -146.78434182322354 0.094366 0.231152 0.25408605 1.0
515.82318374939 -187.25979635478592 -0.191696 0.237927 0.34037104 1.0
321.7174097588759 -116.08600498936939 -0.004323 -0.122401 0.17871523 1.0
482.0061421774808 -172.98166685066857 0.147232 0.222708 0.30468324 1.0
339.0980449526565 -136.50796757546982 0.001631 -0.255786 0.2676083 1.0
450.4207406933131 -168.21468673455252 0.407915 -0.048013 0.3381154 1.0
341.2585597436808 -127.01210520217963 0.259125 -0.152751 0.22556274 1.0
331.9057744662313 -122.09924807155842 0.207844 0.147427 0.21462625 1.0
322.65445009396154 -119.05630958502738 -999.0 -999.0 0.20699334 1.0
329.1176839049739 -121.40321700660769 -0.171682 0.169612 0.21187301 1.0
267.0935244197912 -97.77586971509095 -0.15078 -0.147749 0.16116671 1.0
429.7436549851486 -158.28354615996616 -0.176281 0.039699 0.29987776 1.0
271.6673353568211 -99.83412130735263 -0.052158 -0.018177 0.16340749 1.0
449.73058729595306 -162.90120814888633 -0.05739 0.019707 0.3103881 1.0
303.1371537815175 -110.1510243012432 -0.382678 -0.166078 0.18278427 1.0
452.39108662663773 -158.70385754844145 0.584905 -0.084321 0.28586388 1.0
337.3951444729539 -118.01821521292707 0.080267 -0.185557 0.19031502 1.0
521.8839601008247 -183.91007823034187 -0.145695 0.040168 0.34218976 1.0
502.5683577806554 -175.5970117378961 0.035358 -0.245607 0.32075047 1.0
374.7730139205829 -144.73133923845077 0.300055 -0.227737 0.30329147 1.0
409.5657666095828 -155.03289293661592 0.175133 0.172486 0.33505163 1.0
354.87896661590065 -131.00291516985504 0.449208 0.405933 0.2518135 1.0
470.7470756971301 -168.6024301799628 -0.126564 0.181635 0.34850687 1.0
274.7214830717586 -97.10776406688258 -0.433207 0.140139 0.1606947 1.0
455.0346787472584 -158.60219444817122 0.151021 -0.103226 0.30005294 1.0
400.03827507069724 -110.49168326726377 -0.094034 -0.370034 0.2785244 1.0
387.73023985000117 -117.32042374251516 0.117219 -0.313526 0.2912127 1.0
416.17108180579004 -118.51414891029049 0.202419 -0.214731 0.3067066 1.0
479.80215228372884 -136.3859514253532 -0.471588 -0.074872 0.35781485 1.0
312.3394739922028 -85.82855033991275 -0.09857 0.298041 0.20202582 1.0
391.40817394445764 -107.29546381951941 0.135009 0.069637 0.26684302 1.0
335.43284173857495 -88.10756819564152 -0.587667 -0.199964 0.21171564 1.0
415.916098245144 -109.14887905046214 0.088901 0.093172 0.28025922 1.0
325.2339846945506 -84.11359903052684 0.364645 0.115166 0.18854988 1.0
491.6434494463946 -125.63183127048715 -0.146816 0.180821 0.32802364 1.0
493.94950061433894 -122.63864657050785 0.098352 0.107072 0.32742476 1.0
498.86170335598086 -122.05656653203765 -0.02081 -0.032715 0.3295189 1.0
314.93411811234176 -96.84787819682072 -0.065675 -0.042859 0.22333263 1.0
423.05976920868625 -126.24000757068802 0.344341 0.488165 0.34576154 1.0
434.11795861496626 -129.52281435718342 -0.201212 -0.122345 0.34527186 1.0
383.52294568110983 -106.09679916938627 -0.523378 0.231861 0.26490748 1.0
333.67260544371095 -92.43482164852857 -0.448931 0.247439 0.2162367 1.0
362.87514716376234 -94.82806433640934 0.09097 -0.19521 0.21929994 1.0
299.57098782982195 -76.50465604026763 0.293009 -0.065409 0.1732941 1.0
478.1346160666836 -121.96485338806927 -0.149198 -0.403091 0.32102016 1.0
512.0915475264125 -124.40272295543092 -0.115278 -0.254729 0.34828034 1.0
503.1572334321457 -122.28873004471531 0.14986 0.167685 0.33004493 1.0
328.16140715975575 -95.61529328622949 -0.457118 -0.512194 0.24362482 1.0
384.4071204831431 -108.07442111169324 0.335323 0.057011 0.2928161 1.0
400.2726293668191 -99.95538726025372 0.028374 0.023351 0.27518502 1.0
402.0160270840402 -99.44220676340733 -999.0 -999.0 0.25086823 1.0
387.17167680126033 -103.92039195428225 0.006215 -0.282944 0.29065832 1.0
363.02414900658806 -85.85868364006001 -0.153828 0.05214 0.21931225 1.0
458.7791188982352 -108.17593282835558 0.165094 0.051202 0.29404935 1.0
518.3708001717334 -122.5352332766226 -0.067463 0.090153 0.35185403 1.0
399.0961297048733 -115.19938750948322 0.065389 -0.223761 0.3130521 1.0
408.03953507947244 -112.34662013986934 0.002724 0.235642 0.3142757 1.0
355.9661378096393 -98.73263672071536 0.006237 -0.105826 0.25490916 1.0
343.38224436837055 -92.7358069948531 0.406149 0.50674 0.22351293 1.0
301.4787106618087 -81.06813523503507 -0.163197 -0.184839 0.21361107 1.0
416.71012364588296 -108.93025248701822 -0.232901 -0.303259 0.3217732 1.0
416.99443826846255 -109.5823771658227 -0.082229 -0.143813 0.32090053 1.0
309.51868472646726 -82.2682302452529 -0.061425 -0.107005 0.2102534 1.0
408.78132242758124 -106.17125924895862 0.154954 0.012062 0.30150634 1.0
335.996665078493 -87.16707448775003 0.24338 -0.051114 0.2243538 1.0
423.03224296896235 -110.22029452316414 0.090583 0.018933 0.29879257 1.0
413.99136495422664 -106.76389182049672 -0.113656 -0.122737 0.2806528 1.0
329.5455278136534 -82.5529257027308 -999.0 -999.0 0.21452352 1.0
420.4118616581788 -104.81069962337257 -0.072742 -0.189199 0.29819506 1.0
293.83443361485337 -73.87550442628942 0.130695 -0.063364 0.1835962 1.0
298.74568774352394 -74.9681351837871 0.198156 -0.053783 0.1873906 1.0
420.84802170919266 -103.78797031959817 -0.122196 -0.264504 0.28038785 1.0
422.94868738854603 -105.39350439594651 0.134443 0.559556 0.2809824 1.0
473.69626638484317 -118.29596023340282 -0.147967 -0.223538 0.3295048 1.0
472.99683303426633 -118.16879998810545 0.09432 0.257576 0.32866246 1.0
411.5008573973698 -116.1248429151785 0.230911 -0.426986 0.32153502 1.0
402.74664697569204 -114.92303242208774 -0.292305 0.177978 0.31269595 1.0
300.90706699399533 -81.12422513954796 0.133924 0.193349 0.21358757 1.0
301.9223235077463 -81.70239546351533 -0.076516 -0.112227 0.21107894 1.0
417.0760316773032 -112.32092025244904 0.437183 0.043378 0.32455447 1.0
412.19654589174803 -111.23366612482835 0.46413 -0.467697 0.31993276 1.0
362.74394345816376 -98.11243696427569 0.014806 -0.121437 0.2580805 1.0
395.4028333263598 -102.06042069413492 0.012279 -0.406189 0.29113892 1.0
392.0617174888661 -100.63594922653718 0.083775 -0.084838 0.2838775 1.0
352.63943297063605 -89.63129462580092 0.070216 -0.469878 0.24183387 1.0
336.2808259373807 -85.61075163938 0.131156 0.137188 0.22468728 1.0
436.9393053193699 -110.33303759096933 -2.9e-05 0.037414 0.31900266 1.0
348.78867710732237 -88.45808336628268 0.217967 -0.249847 0.22506511 1.0
471.47520856586414 -118.74519789885925 -0.236602 0.005828 0.32737717 1.0
472.88451275772127 -119.27166617066922 0.026782 0.012753 0.32811105 1.0
369.2191572814405 -90.0025317954423 0.065448 -0.18337 0.22707702 1.0
439.89073859084175 -106.35694097445898 0.14324 -0.095486 0.28646898 1.0
