X Y e1 e2 Z WEIGHT_SEEING
-314.8396359989629 73.14091273396471 -0.069125 -0.360587 0.34176016 1.0
-284.21966564118424 63.998272747660366 -0.215148 -0.061089 0.2675191 1.0
-318.034861718266 75.58393111877963 0.00515 -0.190914 0.33316112 1.0
-360.86749511688015 82.58505779357624 0.048394 -0.249432 0.32174578 1.0
-281.5149364793488 64.98342457173598 -0.047331 -0.03331 0.26658806 1.0
-323.97009499409796 77.34501845264163 0.010167 -0.042579 0.33471233 1.0
-324.60236162378914 68.98879701859231 0.079855 -0.234065 0.28462443 1.0
-323.9211673032246 69.78334395365515 -0.064291 -0.146834 0.2895271 1.0
-312.46650061516675 77.69330922055856 0.241964 0.077825 0.3064134 1.0
-247.5026987871719 62.98922805626245 -0.195352 -0.222027 0.23001643 1.0
-318.2582779782671 73.31129405312514 -0.158323 -0.08783 0.28002185 1.0
-336.03783172794255 74.18567447639542 0.263176 0.291891 0.2767462 1.0
-221.44118225654867 49.45969571624645 -0.249271 -0.123645 0.20754856 1.0
-314.118760560282 70.75470154929444 -0.217972 0.283271 0.3333476 1.0
-311.7468232325995 75.97907873902003 -0.415816 -0.738843 0.3323478 1.0
-306.18328654530734 63.94857002387009 -0.0445 -0.044012 0.26425508 1.0
-331.9818810242158 75.66995108515623 -0.007576 0.086129 0.32092124 1.0
-310.4632187821896 71.35724283242642 -0.351599 -0.004879 0.2946104 1.0
-254.34977957185365 60.84725666908152 -0.252086 0.063807 0.23192729 1.0
-306.33793467855054 72.06324214611217 -0.116182 0.081007 0.27849418 1.0
-244.72236042461293 60.142131896501844 0.038206 0.261285 0.21514094 1.0
-349.9907798006988 67.3963099169295 0.126072 -0.161427 0.271238 1.0
-324.276296568274 63.1832591530238 0.002409 0.043506 0.2500165 1.0
-391.20354462083367 78.47767549485411 0.437821 0.135044 0.33011606 1.0
-387.80961787671345 79.46480160512118 -0.313336 0.139283 0.32810315 1.0
-289.1819514751396 61.171465211393595 0.04845 0.073743 0.22450866 1.0
-376.93172219875584 80.62748817438964 -0.385874 -0.487859 0.32861832 1.0
-220.7122987173947 49.61577264503451 -0.473325 0.662354 0.16660301 1.0
-232.3762060840339 51.82601287516594 -0.223283 -0.207086 0.17891005 1.0
-321.44026699561164 75.49344022946669 0.14143 -0.133071 0.2833502 1.0
-322.7312276590647 76.1207010985927 -0.085058 -0.040206 0.285188 1.0
-268.691790405945 58.123198663293515 0.054119 0.370829 0.19962522 1.0
-390.2419412559141 87.09347179371922 -0.197601 0.204751 0.34230697 1.0
-335.93513662747625 77.16969522191381 0.008495 0.128178 0.33811355 1.0
-326.03730355259415 78.59313953332844 0.300396 -0.070368 0.3354115 1.0
-250.62638875374438 64.0312774387158 -0.334963 0.105274 0.2431683 1.0
-352.3122238713151 71.72076833487003 0.181688 -0.203245 0.3141364 1.0
-328.53092361143194 77.37638642999622 0.27104 -0.327068 0.31928048 1.0
-325.56637140921316 78.9675286037688 -0.130308 0.2983 0.31658122 1.0
-320.25450994301667 77.28734861252696 -0.348449 0.068766 0.31010097 1.0
-327.59179964733954 78.6248748981383 -0.096668 0.03737 0.31942347 1.0
-312.7261573070139 77.6076860240111 -0.153928 0.03162 0.30578443 1.0
-275.6942653219295 70.95178396185347 0.105704 0.156688 0.26647222 1.0
-273.68113793017227 71.02883317817133 0.602045 0.311331 0.2664485 1.0
-405.36363611719605 76.70711156126222 -0.004885 -0.002783 0.3397679 1.0
-345.52647376927246 65.48838718955676 0.35344 0.011863 0.27039066 1.0
-342.0759324816921 69.03209159734214 -0.231431 -0.153643 0.28131938 1.0
-251.16085765973887 54.11836999574551 0.14104 -0.193737 0.19428308 1.0
-344.5403180287205 68.84504612715583 -0.116347 -0.224421 0.26940778 1.0
-267.4256697453561 56.43808599977068 0.063657 -0.272413 0.26216617 1.0
-267.9561137003361 61.270086172181315 0.244137 0.291041 0.27812353 1.0
-261.7660173388305 55.39914696289289 0.101668 0.175447 0.27056816 1.0
-339.85267546785707 75.89485849249523 0.292296 0.037997 0.3431778 1.0
-268.6004332999922 56.52710532954112 -0.281093 0.259483 0.27611348 1.0
-343.80466882641804 58.25810793347211 -0.310686 0.376776 0.30529627 1.0
-344.57929867702364 58.70922331974881 -0.107131 -0.275575 0.30668145 1.0
-306.0697704439854 54.38689746293547 -0.094676 0.386571 0.26441053 1.0
-344.94052134710563 61.33712017508523 -0.221925 0.142402 0.31803125 1.0
-396.9142305625583 57.385589973518364 0.089142 0.424217 0.32259807 1.0
-225.10529834723607 41.05536494725015 0.261569 0.070313 0.1652727 1.0
-342.857006382056 63.16018871271606 -0.079921 -0.411453 0.31702104 1.0
-355.6614663726252 59.8669777802254 0.546257 0.19083 0.2769689 1.0
-343.447678755251 59.753938882718096 -0.360607 -0.315974 0.27220494 1.0
-336.13313602301946 52.6359794716551 -0.107665 -0.182665 0.27600276 1.0
-319.95485091905056 20.783253735889808 -0.090265 -0.231068 0.24212416 1.0
-408.17500116611365 28.870184105950162 -0.196605 0.367981 0.35399824 1.0
-403.72520524511765 30.468164980013746 0.066373 0.077659 0.35270977 1.0
-402.23943794515804 29.632794173625445 -0.131538 0.017632 0.35686117 1.0
-386.1314407804967 32.58435512155023 0.146792 -0.089574 0.34505624 1.0
-330.3599265547641 29.03754690457122 -0.085613 -0.022554 0.27854052 1.0
-278.1750724222049 27.03130050198416 -0.055838 -0.126128 0.23659985 1.0
-278.9528273652867 32.27920453025776 -0.128213 0.287519 0.25465366 1.0
-301.744310427612 35.70270971888789 0.144501 0.145048 0.29286826 1.0
-326.4857063201698 43.36578029982758 0.092827 -0.023376 0.34441724 1.0
-220.69652423655987 33.65718326587407 -0.030285 0.599006 0.21691985 1.0
-234.166000876969 39.593512715695596 0.334927 0.803725 0.25939077 1.0
-393.7629906074773 35.298045584621526 -0.000953 0.107018 0.33782533 1.0
-382.15883106904715 38.51443853631548 0.375539 -0.452669 0.33972675 1.0
-345.5697666914738 40.38934125705928 -0.130682 0.376411 0.3240598 1.0
-345.87779503511285 40.78580717184602 -0.497564 0.34108 0.33095008 1.0
-243.1875177542597 38.607973199519805 0.156574 0.275084 0.24087046 1.0
-399.83340309992684 39.852202547961035 0.24933 0.020517 0.33769143 1.0
-386.44540502711925 38.28685392247973 0.228956 -0.334505 0.32334545 1.0
-398.02864480614807 39.96428142950217 -0.210642 -0.022445 0.3411486 1.0
-397.1156326598325 40.14043672336642 -0.019817 0.06226 0.3402939 1.0
-377.0796690911338 40.37901780454585 -0.038128 0.115261 0.32311895 1.0
-397.163701825883 39.026649869284434 0.67818 0.46201 0.31528702 1.0
-388.36594187954984 45.51404584732018 -0.062013 -0.2547 0.33563873 1.0
-388.28918128394895 47.972039343169975 -0.462869 0.440547 0.34163505 1.0
-347.88405738296916 54.07910285491455 0.312499 -0.171792 0.33544672 1.0
-412.6677284169237 48.56418960747935 -0.050042 -0.451201 0.34272596 1.0
-340.15203092099335 46.0407534040061 -0.112457 0.215042 0.2757707 1.0
-386.8164372021105 54.768223261684135 -0.318443 -0.205526 0.34828997 1.0
-385.93465834422307 55.92894085418366 -0.021746 0.135441 0.3505549 1.0
-340.224174169318 57.13583661250565 -0.048035 -0.337167 0.32375076 1.0
-281.8258468565167 49.398713515075066 0.540025 -0.283119 0.25639275 1.0
-335.5707329816696 30.422276802327396 -0.055406 -0.387383 0.23831175 1.0
-432.3529283652462 45.12577852706591 0.183136 -0.127257 0.3465838 1.0
-303.2472138048631 23.3569830791925 0.006384 -0.105495 0.24438253 1.0
-241.13064975756464 38.451855312865895 -0.293267 0.164853 0.26919186 1.0
-379.07545248891495 29.889921289027246 0.110224 -0.192668 0.32033098 1.0
-300.0257656342941 36.55198824645032 0.393483 0.301192 0.27509746 1.0
-295.1591580025821 41.024830653537606 0.339243 0.056162 0.29258066 1.0
-304.9260718114619 48.093289266651254 0.37011 0.175787 0.34237617 1.0
-312.82580259951595 30.317407625418607 0.208973 0.225995 0.2435717 1.0
-377.1490000528717 40.30942857461029 -0.405064 -0.189405 0.3343046 1.0
-302.49480008348354 43.02978793966733 0.381846 -0.187314 0.28616828 1.0
-310.3707304158801 44.38860911336533 -0.476169 -0.09404 0.30639783 1.0
-241.2231714748704 45.65352686457624 -0.045972 0.762194 0.2549162 1.0
-399.86276598504054 40.579012097911125 -0.470723 -0.479372 0.33790547 1.0
-369.0665411283336 41.596956369731906 -0.409172 0.441372 0.31750455 1.0
-356.8042322378572 47.12401962099419 0.291534 0.039764 0.3303712 1.0
-278.7880856434675 47.91314309546183 -0.312844 0.006333 0.2709238 1.0
-328.61473035822274 45.44101441712668 0.509135 -0.109352 0.27479333 1.0
-340.4976740029292 50.778250925675216 -0.303873 -0.145925 0.3030933 1.0
-331.7397187952268 54.232727227266786 -0.046586 0.293248 0.31292278 1.0
-343.2153455505496 60.66857536485937 -0.072598 0.182269 0.3524317 1.0
-280.2637797402919 51.73390964379883 0.249682 0.062576 0.27239048 1.0
-383.9721574055293 61.46504995647658 0.126697 0.278139 0.35955697 1.0
-304.1989110847976 12.567393434691901 -0.58592 -0.027043 0.3390383 1.0
-291.78515975367486 19.905966741311214 -0.665594 -0.004151 0.27577406 1.0
-280.8275364053999 30.218643774789022 -0.465229 0.044178 0.30043977 1.0
-275.17878865191807 28.422709132547286 -0.241099 0.473843 0.26053953 1.0
-321.16646471494687 38.18300258832229 0.151826 -0.222991 0.35432714 1.0
-226.11406201604726 32.46757486114854 -0.297628 0.037468 0.24611786 1.0
-348.24955794844635 2.2777513622397296 -0.106804 0.161579 0.3071924 1.0
-283.5073752384974 7.752159287024494 -0.088776 0.28762 0.26838183 1.0
-291.62475873163373 15.070822230207577 0.003842 -0.311045 0.33725163 1.0
-264.11291974133536 17.216520131604057 -0.098531 -0.187909 0.32356444 1.0
-283.1101491570006 14.585537049648398 -0.523946 -0.07728 0.27525413 1.0
-322.1657458488344 12.005300814695943 -0.126792 -0.025066 0.27787936 1.0
-290.6181232966538 18.714680852810204 -0.112534 -0.248659 0.27743578 1.0
-267.12424734678086 17.660646812161982 -0.329948 0.096956 0.25544542 1.0
-276.7247966488916 22.112281415304924 0.050958 -0.204561 0.28752527 1.0
-263.3188026712098 27.312272797826584 0.033896 -0.115843 0.32142356 1.0
-272.0824607808565 30.807735206734446 -0.355134 -0.449955 0.3397075 1.0
-346.7784387764092 14.116899776460674 -0.197848 -0.240683 0.2824642 1.0
-348.00979347968604 14.76706377665804 0.094383 -0.206888 0.29728463 1.0
-245.09278236751385 22.65003883267599 0.015884 0.350897 0.24366726 1.0
-272.0767425102843 30.669268283627584 0.056518 0.199934 0.3177358 1.0
-348.2608945253289 25.673335664327382 0.006792 -0.363287 0.32015207 1.0
-270.817294770123 19.97293189347506 0.055623 0.062238 0.23097487 1.0
-344.79768000058397 31.975827261500378 -0.00917 0.221933 0.34542224 1.0
-319.0475344084317 -15.841033879746028 0.186869 -0.389497 0.3374134 1.0
-353.9110050073211 -17.71435939412799 0.102623 0.022792 0.31438842 1.0
-319.28819400130124 -16.06141826364824 -0.096247 -0.239765 0.2898485 1.0
-316.1532496816919 -9.951401925877756 -0.105147 0.007366 0.3418136 1.0
-382.33523193581004 -14.346392201582884 -0.502765 -0.735236 0.35726836 1.0
-380.77425479428894 -14.872417543806403 -0.485158 0.141975 0.3570992 1.0
-310.9624422239737 -9.903329768529451 0.079709 0.069263 0.27649945 1.0
-314.33394503559873 -8.44165870453889 0.000313 -0.06207 0.30624822 1.0
-258.1729190496223 -5.937380622915374 -0.341802 0.077513 0.24428852 1.0
-326.687453611457 -4.810251482429472 0.186208 -0.04428 0.3051439 1.0
-337.09628889160456 -4.994834807237317 -0.346713 -0.277284 0.3197254 1.0
-363.937005568849 -5.1469341423690835 0.189203 0.128819 0.3583252 1.0
-349.26730141401254 -5.18942614501195 0.219962 0.161796 0.3450505 1.0
-348.0703124695249 -2.629552554132372 -0.307532 0.406352 0.3598254 1.0
-364.7389196048009 -5.70401956671604 0.041105 -0.256307 0.31245217 1.0
-330.43387578949677 -4.068351887771344 -0.130144 0.044911 0.27468726 1.0
-316.4785405987225 -1.6786769102252295 -0.052539 -0.090913 0.2750019 1.0
-331.13331326037377 -2.596482407884527 0.252536 -0.169636 0.2967593 1.0
-331.5708582098325 -2.577603222953797 0.346946 -0.153846 0.297306 1.0
-332.0760780212455 -1.681171920574728 0.143883 0.546786 0.2977915 1.0
-309.54334678447145 -21.76690459269787 -0.037701 0.485801 0.2815109 1.0
-345.0889929546944 -21.46581302979412 -0.14664 -0.205502 0.3087702 1.0
-291.12348114912777 -14.54385651683367 -0.286203 0.014641 0.26124358 1.0
-268.404274206226 -12.702530200382455 -0.281803 -0.060822 0.25998083 1.0
-339.5904725824358 -13.739072304458702 -0.002943 -0.150673 0.31820527 1.0
-362.40306151937875 -14.588179541377666 0.065163 0.262828 0.35092816 1.0
-302.96293720867783 -11.183580333529644 0.047646 -0.527434 0.27646706 1.0
-262.84184280300536 -6.188464491373564 -0.285958 0.50888 0.24999872 1.0
-257.7659888225006 -6.3722049862781445 0.340481 0.402624 0.24482206 1.0
-315.6895223672699 -10.818826721820223 -0.194053 0.836335 0.26149964 1.0
-311.4545322820602 -7.963484227652299 -0.143465 -0.44647 0.27803186 1.0
-266.48844895462184 0.3911379334212797 0.353743 -0.184036 0.27773488 1.0
-321.94610747027247 -4.412289247564676 -0.29153 0.211986 0.2728335 1.0
-292.7322236732707 5.542642857366236 0.300891 0.284006 0.3389386 1.0
-283.52545009360557 6.653881281083271 -0.004001 -0.251927 0.334302 1.0
-275.89925856741655 7.859594061128237 -0.075783 0.214729 0.33448306 1.0
-361.8394497177888 0.5947005100980773 0.0393 0.025384 0.34032398 1.0
-309.6182138740009 1.7439128646633635 0.031668 -0.120238 0.27324975 1.0
-335.99921427686576 5.38695079581948 -0.025836 0.117285 0.29593575 1.0
-395.1039033366411 9.180467706489507 0.391111 -0.05841 0.35379127 1.0
-296.08359293114034 12.069686945384035 0.099881 -0.223355 0.263243 1.0
-350.24350066614414 11.577073337896095 0.669467 0.38591 0.2946085 1.0
-298.51795534002434 12.627312147547501 -0.082163 0.19315 0.24448466 1.0
-323.3911834375598 14.984374367952645 -0.079184 0.268099 0.2540857 1.0
-388.6137714629779 29.001693679887264 -0.184265 -0.201175 0.35951728 1.0
-233.0901063512044 -16.843450131903204 0.101455 -0.20177 0.24685495 1.0
-263.13657309432097 39.34793343170697 0.127822 -0.290242 0.19564539 1.0
-231.03944213394038 34.49389461295225 -0.129473 -0.31392 0.16684036 1.0
-256.94533213219665 38.322280028183975 -0.097486 0.011068 0.19225451 1.0
-388.3075034121543 58.34463413518786 0.431412 -0.231889 0.34132788 1.0
-388.2873963048243 62.18944809786991 -0.121582 0.063179 0.35318673 1.0
-247.3252890306478 40.03339726105432 -0.049764 0.187374 0.1906656 1.0
-319.98887846019664 54.759337497285394 -0.03066 0.159192 0.27460858 1.0
-296.7618913606461 53.03372125092806 -0.046118 -0.092825 0.25392026 1.0
-343.7479171927019 60.88755161136982 -0.110991 0.029285 0.31656834 1.0
-326.3788918511762 48.783556014422736 -0.140029 -0.138678 0.2462034 1.0
-260.55124167780997 39.58417463575785 -0.637752 -0.053326 0.18698965 1.0
-364.8513936131867 56.25505899135911 0.125214 0.10143 0.2921008 1.0
-303.36589638832254 46.77468737258364 0.102679 -0.261648 0.21704513 1.0
-345.69697903037513 54.95418799576809 0.010743 0.40596 0.26718894 1.0
-346.0849510845376 56.089807619202055 -0.303887 -0.144446 0.26816875 1.0
-311.494465385705 57.02611101095525 0.124992 0.032061 0.24849325 1.0
-357.55678156861177 58.54427018229574 -0.079031 -0.061973 0.27557218 1.0
-359.5086230790385 58.59731356556327 0.2035 0.141106 0.27888754 1.0
-406.12720611704117 31.698126505255352 -0.004089 0.344469 0.31485772 1.0
-334.78731318209475 42.5545388955695 0.150724 -0.508787 0.24239697 1.0
-323.2638949730137 47.16899084899132 -0.398025 -0.087709 0.24602997 1.0
-389.2647507893203 61.73287435926825 0.081636 0.074745 0.34235746 1.0
-386.0880549038898 56.98767437605388 -0.008822 -0.05616 0.30356082 1.0
-418.29814357026356 64.60696785514027 0.23043 0.091794 0.34640622 1.0
-350.4171000513642 55.452353660785505 -0.848227 0.048285 0.27402666 1.0
-339.4288808385088 53.96482833180148 0.056243 0.066025 0.2655548 1.0
-396.7319433612905 69.03306544875295 0.129329 0.060518 0.34969077 1.0
-325.91124954185005 59.1765814217844 0.163056 0.139938 0.273674 1.0
-320.0749893755711 21.15280071355336 -0.246494 -0.171008 0.2420312 1.0
-312.5703009748358 20.578048028943027 0.049025 0.062665 0.23476945 1.0
-250.4246376749487 16.473157436054816 0.077317 0.223469 0.17905492 1.0
-371.48506228151285 28.478167259432276 0.273564 0.318205 0.3126367 1.0
-371.82807662163594 28.749607302816084 -0.179392 0.136818 0.32008836 1.0
-361.2154220699493 27.847773584956915 0.08208 -0.017966 0.30869797 1.0
-382.323865964757 32.484140827053565 -0.176906 -0.133872 0.33989948 1.0
-210.36821001222228 32.32870918708263 -0.000275 0.092733 0.20591576 1.0
-168.1412552458816 27.684827280164253 -0.447818 -0.216802 0.16268449 1.0
-273.70747693587356 45.145131877173085 0.352064 -0.294046 0.3094381 1.0
-202.1081835018159 33.34454736047472 0.267319 -0.429431 0.20756634 1.0
-267.84872706605853 23.218943719079345 -0.111227 -0.00091 0.19769262 1.0
-351.6310135610046 36.50148483175134 0.162383 0.336744 0.30754167 1.0
-291.9430806680949 30.073180435255214 0.182036 0.077413 0.2428616 1.0
-340.14245380895795 43.178809131974056 -0.52676 -0.042327 0.33120745 1.0
-328.9216451318507 45.02560947439112 -0.068658 0.16249 0.33107907 1.0
-218.51377005607776 33.654325018600396 -0.070707 -0.030069 0.20533405 1.0
-273.80476582069286 45.1853814796272 0.528011 0.12986 0.28732726 1.0
-392.54097612308544 39.49148228298704 0.120469 0.142529 0.33416876 1.0
-395.1850587921728 39.873604253063526 0.106386 0.041827 0.3379645 1.0
-393.54619328923053 41.04625456320077 -0.070641 0.306655 0.3383354 1.0
-232.87159249940788 26.0188882249636 0.023173 -0.184633 0.17397551 1.0
-216.65819752073673 28.576401483549265 0.004543 0.031603 0.17492667 1.0
-297.98995720347216 41.87425746736414 -0.038455 0.227673 0.27257615 1.0
-262.59638340820726 37.16092545491313 0.04475 0.011777 0.23166017 1.0
-246.5827585342448 46.441623484428895 0.087313 -0.041752 0.25466093 1.0
-286.9845982098509 55.9680178604912 -0.343819 -0.168573 0.32263684 1.0
-203.38272871292665 39.42212361148546 -0.004905 -0.037744 0.20327511 1.0
-326.9746194592496 31.83063574727825 0.108147 0.299759 0.23911822 1.0
-391.2032049758657 46.19911390162135 0.602496 -0.466096 0.33640084 1.0
-399.4988165166457 46.91914151458405 0.25282 0.208415 0.35041875 1.0
-386.2346074800088 46.74102349375158 0.181107 0.191915 0.33903956 1.0
-258.33033828069455 42.32552182947729 0.013727 0.205143 0.2322739 1.0
-310.1541804815176 58.2227819460785 -0.315398 -0.377783 0.32245815 1.0
-247.6595589831021 31.3794733726352 0.389221 0.138988 0.17586143 1.0
-328.2328540632604 44.1506785601583 -0.031868 -0.0976 0.26391414 1.0
-380.46266398359296 57.15314470031078 -0.019479 0.038139 0.35029072 1.0
-348.7902424770152 53.53869930788198 0.084074 -0.378201 0.31732506 1.0
-327.01218360134646 59.592846954939425 -0.471464 0.173162 0.32285357 1.0
-322.91920243033 60.17413996379294 -0.056802 -0.053221 0.32263097 1.0
-286.5318441274564 55.23216106216266 0.357391 -0.276949 0.2790431 1.0
-261.1784433134101 16.25971643344486 -0.015531 0.135493 0.18174198 1.0
-257.3749762243129 14.928641003317706 -0.170699 -0.089083 0.18027152 1.0
-420.15359066615383 30.308206809195074 -0.377401 -0.126293 0.34033713 1.0
-263.5896437387635 23.626295332002304 -0.01961 -0.302521 0.17680791 1.0
-402.27967833073535 42.382550519058015 0.114362 0.027598 0.30859807 1.0
-402.0683170811685 41.36867421403329 -0.050879 0.359219 0.3100367 1.0
-428.14299236164146 21.294239902942007 -0.060122 0.097593 0.35777175 1.0
-298.61197483319364 18.077560049783113 -0.267672 -0.139153 0.22196512 1.0
-398.59357954920364 29.94093824562794 -0.099643 -0.197837 0.35627455 1.0
-388.4803510146027 30.80876705512323 0.135504 -0.199879 0.35883874 1.0
-290.61007711406 28.914611627632194 0.072789 0.04306 0.26300493 1.0
-187.83101853044514 21.811257419598526 0.086997 -0.07615 0.1631162 1.0
-252.01398588003798 34.40180506744769 0.035601 -0.243557 0.25167912 1.0
-211.23239855951545 30.332569755456124 -0.097317 0.205564 0.21308494 1.0
-209.73509486395685 30.36934083706926 0.760293 -0.265862 0.2115672 1.0
-284.5283975133232 44.52992271091111 -0.200164 0.24257 0.33957392 1.0
-261.792450165677 16.82585123956682 0.198063 0.171406 0.18067677 1.0
-381.28884673393947 28.732032190067397 0.07432 -0.1809 0.31863496 1.0
-381.9919260942481 29.905438549596457 0.39902 0.432836 0.3202228 1.0
-378.15854455784205 29.398146910230384 -0.126413 0.148845 0.31884384 1.0
-375.93947395133256 29.69410347855626 0.036308 -0.207224 0.31803808 1.0
-263.0934993912746 22.27642086838964 0.004008 -0.045782 0.19795513 1.0
-384.6182328917177 34.5543195703112 0.02869 0.041901 0.3383497 1.0
-382.904422157908 34.013694666349856 -0.181408 0.079473 0.3368024 1.0
-371.3671858365601 37.048724709320865 -0.08199 -0.237487 0.34196857 1.0
-286.94614178406005 29.227536405074236 -0.071351 -0.45975 0.24331988 1.0
-310.1915653524042 33.35486049643469 -0.058692 0.213359 0.27527857 1.0
-298.3405153138656 32.76828859480551 -0.209851 0.106235 0.26225513 1.0
-307.0936028484306 34.40845731689909 0.021317 0.15577 0.27596143 1.0
-301.9437849071754 37.97200808008705 -0.388522 0.286718 0.284953 1.0
-296.9694411026428 43.446889195648176 -0.565106 0.049137 0.30930802 1.0
-273.05541558045735 41.54780618078806 0.012855 0.207642 0.2873072 1.0
-189.48577256592668 31.226324967410935 -0.040721 0.018731 0.182151 1.0
-170.00183653717028 30.125455535019462 0.36566 -0.324347 0.1695483 1.0
-423.9187587624721 32.844326442375035 -0.547885 -0.220924 0.34942016 1.0
-352.6551961609868 30.868970487909934 -0.492196 0.019323 0.27969092 1.0
-343.44462882169597 37.321455640243904 0.017278 0.151974 0.29441336 1.0
-339.19451315153486 43.8968197013027 -0.21058 -0.101328 0.32087025 1.0
-331.361342764004 47.407999633108645 0.207799 0.028558 0.33099067 1.0
-288.67078899601825 51.30821184761049 0.270365 -0.161033 0.31358632 1.0
-289.48342451798396 52.00168010526747 -0.250902 -0.142744 0.32301888 1.0
-233.53577340548958 45.20581633248809 -0.047813 -0.020323 0.2485825 1.0
-326.502367798081 29.579703473661777 -0.110735 -0.073129 0.23999843 1.0
-324.74963794114063 29.403333508004923 -0.160649 -0.307396 0.23858212 1.0
-394.35661428467904 38.40252463922646 -0.220235 0.037619 0.3191771 1.0
-388.9766768395175 44.60059254463162 -0.004432 0.072916 0.33811757 1.0
-388.97390972023334 43.71591565588936 0.060451 -0.006138 0.33974743 1.0
-359.92102620662774 48.3708826872348 -0.110212 -0.053617 0.33148775 1.0
-346.4769291636014 50.39228410227102 -0.018569 0.1028 0.32640183 1.0
-268.4158005620818 47.60624458037212 0.011435 0.084294 0.2634251 1.0
-292.7867757686752 56.750809968000155 0.10982 -0.030505 0.32075292 1.0
-333.6837826144467 32.47080767071812 -0.144149 -0.198358 0.24066071 1.0
-422.97614565701355 42.655291409115755 -0.055088 -0.019515 0.33492646 1.0
-260.5099137671679 33.79717413062777 -0.06873 0.177227 0.1973147 1.0
-224.59059107449693 36.970368701766596 0.258721 -0.520722 0.18711574 1.0
-290.08459008840873 51.22031236817319 0.244006 -0.026563 0.2722059 1.0
-195.23773553252647 35.978710509314 0.071908 0.03966 0.16635728 1.0
-341.279661063739 60.70606376069439 -0.074209 -0.019255 0.35187685 1.0
-341.82831783768404 61.4736793774063 -0.217354 -0.105755 0.35382888 1.0
-330.20998683842646 38.68679878755266 0.06368 -0.022421 0.23983498 1.0
-312.97167795121686 37.55178235403248 -0.05509 -0.571826 0.22804981 1.0
-351.1393195011945 43.07600040673891 0.058856 0.069026 0.26940584 1.0
-252.29512775974266 32.30478683620801 -0.252712 0.187703 0.18016182 1.0
-263.466809582543 36.93061611278155 -0.153323 -0.154688 0.19787416 1.0
-403.8273223167119 57.030381961571955 0.049701 0.012667 0.3575961 1.0
-237.97094903684308 39.72465138819332 -0.165094 0.647136 0.19008888 1.0
-343.8804273791101 61.15827244197167 0.025146 0.443463 0.3309027 1.0
-336.03676228950116 60.97542987684149 -0.097217 -0.029972 0.31824067 1.0
-272.79506999714175 4.6371398154704 0.179678 -0.079211 0.24348761 1.0
-297.8270490391341 15.304493156753393 -0.142903 -0.12658 0.3553116 1.0
-257.10534878143574 12.791823507105285 -0.170491 -0.354158 0.25451192 1.0
-290.2439275985353 17.057876591571777 0.380072 0.237392 0.31986257 1.0
-239.08090884981686 13.82592541885984 -0.193451 0.151225 0.24445164 1.0
-293.8228424988979 17.917259258169533 -0.024711 0.076061 0.33730027 1.0
-226.22721918823865 16.499868985591263 0.136421 -0.012283 0.25445718 1.0
-345.28488972256304 15.857820105592058 0.187636 0.148186 0.34265795 1.0
-267.72044523627216 13.888230799908385 -0.169893 -0.020784 0.24329467 1.0
-267.2845737167142 13.296294146356768 0.122226 -0.115696 0.24365859 1.0
-262.4217942609609 16.014402945513464 0.052343 -0.202728 0.24960509 1.0
-238.41384429077866 14.03513909297259 -0.258382 0.084334 0.22442973 1.0
-252.116343021298 17.22949083544389 0.007622 -0.020967 0.24926922 1.0
-224.85688616526483 15.820542826883655 0.155781 -0.018242 0.22110327 1.0
-239.32462012260126 17.550364999242415 -0.200085 0.049853 0.24523304 1.0
-191.03477988087528 19.303025654648206 -0.007447 -0.396585 0.21093881 1.0
-366.7733363322211 17.16101459865195 0.24625 -0.08379 0.34485576 1.0
-292.734817105819 19.93217767099003 -0.032027 -0.154383 0.27684343 1.0
-268.5959236917987 20.65685525815654 0.029269 0.007453 0.2550644 1.0
-267.1196399960081 19.75528702410565 -0.055054 -0.257033 0.25608206 1.0
-257.04852649700183 21.663392345281387 0.202601 0.099042 0.25193742 1.0
-304.5148456090754 28.465357214161696 -0.098738 -0.088426 0.33856678 1.0
-298.3985797646477 29.066492429540805 -0.036934 -0.07889 0.34281036 1.0
-225.42285593863852 23.394708836478163 -0.045116 0.274706 0.24191122 1.0
-193.9654273231623 22.63311799815748 -0.017322 -0.332032 0.21085091 1.0
-258.9864021864715 31.25155533953553 0.310398 0.173094 0.3149621 1.0
-380.01265959386376 21.484004704437794 -0.1552 0.240691 0.34770492 1.0
-289.52323907072866 17.239421286805825 -0.058255 0.048594 0.24090129 1.0
-255.13850565529552 25.2564230550855 0.150414 -0.072801 0.2523073 1.0
-211.82545787398504 23.128604138565997 -0.05617 0.155583 0.20877351 1.0
-232.75369735367002 27.535070712452853 -0.040176 -0.063608 0.24639547 1.0
-208.03561230417762 28.21258544116814 -0.232399 -0.260394 0.23114581 1.0
-286.5027305246748 27.110517656115505 0.023719 -0.076985 0.26130223 1.0
-274.8355033828762 29.383077653103264 -0.039985 0.01308 0.26022577 1.0
-166.0399083804512 24.062538695269765 0.165081 -0.0009 0.16655813 1.0
-388.7283838183358 -1.1507419320615615 -0.217502 0.213107 0.34086493 1.0
-368.68392851511766 -0.996731692521132 0.046119 0.470508 0.31668532 1.0
-379.3720703513428 0.3136082548891882 0.202267 -0.019488 0.33942464 1.0
-217.5251023323555 3.208191598924422 0.157427 -0.388775 0.17091498 1.0
-311.2487591034777 4.583301760910898 0.034196 0.268784 0.27266645 1.0
-269.2617232561101 6.126710067062479 -0.160626 0.208228 0.24349931 1.0
-253.67422460174237 8.00857070137108 -0.081687 -0.03853 0.24013628 1.0
-281.83961461619344 11.118594514556749 -0.523783 0.363516 0.2813395 1.0
-240.46941877066845 8.864575902347088 -0.18897 -0.012735 0.23303333 1.0
-241.99141445995895 8.962569240746145 0.072566 0.375899 0.235345 1.0
-246.8788519378366 10.841851320213161 0.26574 0.190899 0.24682261 1.0
-247.14715235976087 10.682173251953799 0.248094 0.108 0.2483376 1.0
-245.13863830077204 10.789629310250456 -0.044677 0.138186 0.24641415 1.0
-243.5203116103743 11.462059824646053 0.019873 0.200678 0.24671371 1.0
-290.8969885089608 15.029632165204285 0.155304 0.207621 0.33586735 1.0
-293.937239408112 18.600439015708375 0.049103 0.104387 0.35607266 1.0
-157.80871422421114 9.655546574456915 -0.486806 -0.051059 0.16030878 1.0
-225.81697979019884 15.760780580992225 0.074252 0.226462 0.2564982 1.0
-309.44574414582235 3.463161932127452 0.27148 0.321672 0.24175623 1.0
-324.4348342581054 4.143494698516745 0.065681 -0.002475 0.25788778 1.0
-345.5839175951617 4.23183690231079 0.152112 0.429204 0.29144698 1.0
-277.9509987677947 14.417580870868669 -0.139388 -0.185086 0.27708253 1.0
-274.29975533139515 16.723912460721987 -0.236111 0.155107 0.28270996 1.0
-239.28979675371872 15.478426304168154 0.037758 0.102178 0.24528915 1.0
-214.2788663317507 19.792712072287955 0.090417 0.228854 0.24098052 1.0
-367.83523255075255 10.95391245094265 -0.045064 0.19105 0.3135129 1.0
-321.24489103946576 12.637161744436792 0.083449 0.246492 0.2769102 1.0
-303.0866607729573 14.269751419909323 -0.214613 0.177701 0.26497072 1.0
-319.28114661795934 24.015687642144055 -0.128086 -0.031868 0.3399051 1.0
-248.60990319047013 19.458155309921338 0.252635 0.241013 0.24508792 1.0
-308.01923056886284 23.39999397506235 -0.185936 0.240263 0.33825058 1.0
-239.0426866866139 19.627143802844365 0.476732 0.268753 0.24272662 1.0
-237.38352045069215 19.132315219667767 -0.159977 -0.572 0.24172227 1.0
-294.4632070211698 29.617688841685442 0.08834 -0.246693 0.3542044 1.0
-251.64258401028036 25.03347129325019 0.368801 -0.118324 0.29100296 1.0
-280.46705895353955 11.842527516733524 0.004849 0.249345 0.2163605 1.0
-387.6627289739714 19.440706052798777 0.16891 0.18183 0.35231924 1.0
-386.0912365777838 19.552177124282967 0.307102 0.271436 0.3502251 1.0
-268.4345685700264 20.935315838440236 -0.041501 0.096191 0.25414333 1.0
-239.77179222922533 20.254725767893742 -0.270697 0.146319 0.22677556 1.0
-238.45155490861643 22.215703535571013 0.273374 0.023859 0.2266388 1.0
-275.97028950647405 32.2821597616241 -0.149288 0.147167 0.3168741 1.0
-285.2237920654207 32.69057518594823 -0.013035 0.030035 0.33998227 1.0
-276.5937590743975 33.46160193864559 -0.250531 0.037274 0.34042126 1.0
-290.1625377097646 12.416681710981086 0.136559 -0.028403 0.2125874 1.0
-305.21402200114284 17.013692565948702 0.001561 -0.477811 0.24356866 1.0
-303.5823547096896 18.18244518934056 -0.536813 0.112343 0.24077722 1.0
-380.6311650332177 26.131930471357652 0.302222 0.304541 0.34866488 1.0
-296.6216660074506 28.36571380979537 0.069031 0.048619 0.2921949 1.0
-216.90672014813768 27.958139976462817 -0.209039 0.106627 0.22819535 1.0
-214.76152733304565 28.561182718539158 -0.095049 0.259145 0.22780004 1.0
-225.54529684004524 29.329041437294453 0.069249 -0.461879 0.2421716 1.0
-188.54876712713988 21.336608235693443 -0.144951 -0.163457 0.16344498 1.0
-223.83399335229862 35.148178051571705 0.152263 -0.459849 0.24667983 1.0
-301.97557260988714 -22.06922013036048 -0.001406 -0.065268 0.2820021 1.0
-287.13077116334165 -19.17863435619118 -0.247175 0.024076 0.29936796 1.0
-295.83246414646686 -13.793109311348832 0.048649 0.079245 0.31117716 1.0
-309.4077469078699 -15.287890549617781 0.275716 0.102453 0.34741598 1.0
-303.36001857285015 -13.058388525022886 0.299 0.196136 0.35115355 1.0
-382.87197394564095 -19.795073269943547 -0.10379 -0.458558 0.35848072 1.0
-231.8759772378091 -9.084566899807312 -0.049729 -0.20488 0.20119607 1.0
-300.59434794830855 -9.864836153038144 0.045224 -0.078475 0.32438305 1.0
-298.3133538905095 -8.928825792526439 0.013733 -0.420776 0.3221684 1.0
-248.45058119001857 -6.749636971618572 0.001759 0.080709 0.25968468 1.0
-195.50197085006747 -3.6507639565407195 0.068984 -0.276336 0.19576605 1.0
-309.9042667230817 -13.026278391380153 -0.526432 0.256778 0.2598237 1.0
-383.96087961614586 -14.249692360391133 0.129728 -0.072057 0.35968587 1.0
-316.1630893183358 -11.031647509576274 -0.532237 0.002293 0.2716637 1.0
-306.96656402719896 -8.726402775923738 0.056386 -0.202269 0.2745928 1.0
-303.76254421464756 -8.30554019791264 -0.166857 -0.07144 0.27422065 1.0
-258.8677980308225 -4.6523015587857826 0.075905 0.157779 0.24632792 1.0
-254.1762523365713 -2.5920870573000174 -0.262697 0.092909 0.25369936 1.0
-259.83274875090194 -2.50556741168046 -0.273467 -0.180829 0.2817771 1.0
-246.91660654847993 1.3448142659339821 0.029221 -0.232717 0.24083532 1.0
-349.0107498992673 -4.406919605831379 0.304018 -0.196935 0.29507294 1.0
-275.2291472581335 -3.2207313127686508 -0.012502 -0.473416 0.2135027 1.0
-314.78073823206324 -1.5587884069987026 -0.1275 0.022067 0.2730051 1.0
-331.42293479967145 0.5567559348582118 -0.275219 -0.29665 0.3033179 1.0
-219.4166083780142 -0.4066108111912561 -0.096042 -0.01767 0.17951271 1.0
-239.25449005689813 5.130569753147817 0.211039 0.002617 0.22806142 1.0
-305.6479315677776 7.511033283469936 -0.024202 0.213272 0.34001857 1.0
-237.01593446990057 7.334621538152401 -0.3131 -0.070959 0.24940287 1.0
-259.88897856608594 7.798796473149414 0.052691 0.207954 0.28957665 1.0
-281.45638816772356 9.601701857359457 0.267226 0.267193 0.33664718 1.0
-306.5614461950004 -23.019296118384823 -0.306781 -0.548262 0.26999766 1.0
-213.4510247587745 -14.970495432643931 0.02337 0.236285 0.17274196 1.0
-308.1178106019011 -21.630269401983643 0.089135 0.084823 0.2796909 1.0
-227.3922545479252 -15.42321328148486 -0.318457 -0.342876 0.18811567 1.0
-321.7351438231143 -20.95142523765056 -0.041524 0.746319 0.30237612 1.0
-297.135880486799 -19.779540890615806 -0.102537 -0.101136 0.27850547 1.0
-273.2099982085418 -17.61701211127123 -0.24472 0.137739 0.24914189 1.0
-264.9211937853577 -16.149063163217335 0.020985 0.247003 0.2640939 1.0
-240.32553888563788 -13.732742946485484 0.391473 -0.003374 0.24366638 1.0
-285.38028380928296 -15.627433339930784 -0.064398 0.098128 0.32532132 1.0
-338.43306165035267 -20.60948967976013 0.076568 -0.203097 0.29895213 1.0
-303.0259873168514 -18.215616616400087 -0.673512 -0.244387 0.2571505 1.0
-354.19589227097094 -17.835589921163045 0.056572 0.058421 0.3448863 1.0
-343.26882887965365 -16.20810151161321 -0.036634 0.083709 0.34267107 1.0
-314.93169268796305 -16.01054412045002 -0.098649 -0.11245 0.30474487 1.0
-234.2968065721429 -10.512491137553209 0.233409 0.44828 0.20666735 1.0
-268.5028424226898 -10.874377748182942 -0.115565 -0.057874 0.2569306 1.0
-265.4549555607551 -11.73228193534651 -0.024094 0.381781 0.2604867 1.0
-288.2506145203047 -9.92276753551808 0.093687 -0.143908 0.3210042 1.0
-286.1138252626878 -9.541100892702865 -0.270204 0.292948 0.31991425 1.0
-247.29322287012107 -10.495852667632933 0.195866 -0.395865 0.1992038 1.0
-304.2190570867685 -12.480292044649802 -0.030158 -0.236708 0.27498358 1.0
-269.6226440610592 -9.352238367129587 0.126694 0.464685 0.24531704 1.0
-241.9623281199205 -8.096985862962955 0.088699 -0.282625 0.21409158 1.0
-313.373735143399 -9.194743013307527 -0.022008 0.355624 0.3076059 1.0
-257.4775353184449 -6.128804256948034 0.166899 0.06374 0.24381062 1.0
-250.9134104857423 -5.497838352282225 0.222016 0.163005 0.25969407 1.0
-239.54464173297754 -3.8339711725311374 1.8e-05 0.066753 0.24602965 1.0
-229.10397941632553 -7.065173190699173 -0.432334 -0.374455 0.17963083 1.0
-307.48457982998843 -7.7495981749643486 -0.179889 0.25513 0.27609566 1.0
-323.38047443409675 -6.895264209481417 -0.015836 -0.253699 0.30521262 1.0
-273.60229355942346 -5.424320015835571 0.050243 -0.026082 0.245812 1.0
-273.06998233174403 -5.6384937717754955 -0.134926 0.13275 0.24552952 1.0
-272.32045971855433 -5.232404918478487 -0.173145 0.477864 0.24544728 1.0
-246.7143867393432 -3.8041092669538656 -0.188979 -0.602005 0.2150201 1.0
-251.1919953551718 -1.7846942371210093 0.273041 0.448776 0.24501763 1.0
-252.09908580160314 -1.274516429389001 -0.033061 -0.12191 0.24795997 1.0
-207.83961223847635 -1.0124104349608556 -0.06622 -0.383142 0.19767886 1.0
-239.1517893836044 -0.4948371507464648 0.040925 0.158965 0.24585778 1.0
-235.11876719964903 0.007040924025135122 -0.039822 0.03475 0.24635811 1.0
-235.95496373863662 1.65331881750527 0.148944 0.046469 0.257803 1.0
-378.9082981706049 -7.2328094490762265 0.204501 0.186055 0.33882114 1.0
-311.15951409728865 -2.6563609397345256 0.279604 -0.226055 0.27519435 1.0
-271.11152110752465 -1.2721528110482785 -0.314176 -0.601661 0.24569388 1.0
-334.5084716393716 1.3732320596770704 0.092698 0.105885 0.34567967 1.0
-256.42351435522636 3.1847959332687767 0.066174 -0.036252 0.24694069 1.0
-250.472618951811 2.100762433821705 -0.284666 -0.065943 0.24132302 1.0
-244.55772766180698 5.068420421295008 0.234304 -0.120127 0.24811351 1.0
-294.65500623832986 6.02106172803819 0.0983 -0.327128 0.3395534 1.0
-286.17973783201114 7.0984297406461 0.025331 0.068889 0.3332483 1.0
-280.365884466216 8.52834579892429 -0.134581 -0.147425 0.33488056 1.0
-216.1115573985272 7.160812157553517 -0.045019 0.187641 0.23729984 1.0
-244.9769221719743 7.180795141685169 0.296776 0.035453 0.2830313 1.0
-318.48854720433474 -0.22389749588290042 0.357832 0.151803 0.2740378 1.0
-237.18034557593592 0.9751492745476917 0.056051 0.284285 0.19130543 1.0
-197.71092249965733 4.478282180533756 0.176478 0.811109 0.17571464 1.0
-242.9928853052965 7.01975282138997 -0.248157 -0.102103 0.2396005 1.0
-357.95956234182734 1.7277389101116232 -0.272483 -0.005882 0.2976975 1.0
-327.40538668880475 1.854290325652862 -0.072153 -0.328425 0.26837578 1.0
-396.4090991887489 6.999963491291215 0.199271 0.269677 0.34180105 1.0
-314.51192271731594 8.775342245371103 -0.008077 -0.161316 0.25971648 1.0
-291.8182467159921 9.097996393728286 -0.139236 -0.217409 0.24539061 1.0
-353.73746963877005 11.349891186625442 0.155818 -0.096859 0.3228359 1.0
-350.97851109250246 11.253410059762391 -0.010281 0.106131 0.29335698 1.0
-348.962180640231 11.154739124658143 -0.075986 -0.141936 0.29184288 1.0
-348.0540642712612 11.864585065842348 0.047068 0.348201 0.29124987 1.0
-256.66149412996856 10.080791018534734 -0.553641 0.013006 0.19590369 1.0
-368.4963486262788 17.34580219553093 0.090248 -0.260859 0.31708255 1.0
-391.3258232410749 20.515916287279317 -0.059655 -0.035038 0.35380584 1.0
-348.28467912027463 19.66426189312662 0.187869 0.193896 0.2969049 1.0
-272.7058259740884 15.420526181255266 -0.139827 0.061386 0.21613911 1.0
-319.76212918484254 14.66057591081194 0.181557 -0.073266 0.23903863 1.0
-315.34139791112125 17.86348174997011 -0.101348 0.245038 0.24763384 1.0
-409.7788995554918 24.650947871552145 0.325963 0.42849 0.35943758 1.0
-289.13914938464757 17.780857189749078 0.342819 0.114228 0.22061108 1.0
-285.84505001724557 18.092422777709796 -0.175187 -0.217963 0.22294527 1.0
-302.81194001733365 19.882426390545128 0.280229 -0.000286 0.2426552 1.0
-386.2948052540473 28.164360452589072 -0.045546 0.01029 0.3537071 1.0
-276.1371124552773 20.905278257389995 -0.3664 0.155545 0.22405069 1.0
-374.5822481956165 28.38438553390672 -0.174569 -0.089173 0.34901163 1.0
-371.52066255001495 28.959552993442465 -0.147075 -0.023479 0.3489398 1.0
