X Y e1 e2 Z WEIGHT_SEEING
-870.0783275551504 236.2395443529126 0.064559 0.091103 0.26701486 1.0
-968.3904515299888 261.14904962343735 -0.190405 0.108255 0.30515262 1.0
-863.8781936612577 241.6741782804722 0.682134 -0.446246 0.26010078 1.0
-1074.1842286175192 304.45398067455545 0.736001 -0.152065 0.3598544 1.0
-1049.410482801825 304.45082637118804 -0.040761 0.077342 0.35021585 1.0
-981.6622405867436 266.7750841066021 -0.401019 -0.210957 0.3034883 1.0
-1015.5763427185339 281.7730728154764 -0.007681 -0.246872 0.31937322 1.0
-838.8640348187367 235.61439925822842 0.240545 -0.109295 0.24666096 1.0
-1087.6267463964234 287.0853982995083 -0.253616 -0.148214 0.33529848 1.0
-1121.515713518329 307.5904841769132 -0.11037 0.064395 0.35465136 1.0
-894.9875148611019 255.86049944046553 0.022883 0.067561 0.25926694 1.0
-1022.36365679521 283.06329308491263 -0.042304 0.124016 0.3009586 1.0
-1132.0076964494776 314.1648979243357 0.137177 -0.38752 0.3512527 1.0
-1125.5383528225884 313.9233709660081 0.781306 0.027062 0.34915096 1.0
-1139.5280986232228 318.6035216559179 0.014828 -0.002905 0.35401168 1.0
-978.2247295708778 281.5130779004721 -0.347458 0.241462 0.28608206 1.0
-984.6475468059768 283.07596510027054 -0.030299 0.235873 0.32002407 1.0
-1045.924241548951 288.33116377415837 0.064482 0.233946 0.33783135 1.0
-873.2914293104003 247.59337118326394 -0.357412 -0.32838 0.26422107 1.0
-962.1147984188611 273.7463961445648 0.031671 0.039619 0.30196926 1.0
-863.8954034929567 233.2232166790416 -0.123955 0.158722 0.25051332 1.0
-1049.0864147874952 290.34746946082527 0.753492 -0.285162 0.33137277 1.0
-1069.2406414130257 305.7585621085284 -0.191064 -0.461717 0.3465743 1.0
-915.3222917296739 245.87249982436728 0.283826 0.050152 0.26728272 1.0
-1012.1518176445131 263.88421868148316 0.218067 -0.141902 0.29908016 1.0
-1057.6631939754047 288.7678533132233 0.53806 0.601764 0.3212084 1.0
-1147.2393310354967 299.09674321352065 -0.172339 -0.021342 0.35136697 1.0
-896.1165809253304 236.1618437242918 0.286524 -0.34225 0.24727874 1.0
-1039.8180294989536 278.5061147732202 -0.175587 -0.070138 0.30518928 1.0
-1081.6966541039355 293.4215537469139 -0.142149 -0.154573 0.3232465 1.0
-1099.3165763278448 299.90927960510555 -0.479069 -0.068653 0.32969713 1.0
-957.0668358517208 270.89944428083317 -0.324995 -0.401053 0.27486622 1.0
-898.0420533581346 263.3711998127785 -0.485833 0.292201 0.24815266 1.0
-1076.5392670304284 328.8227671427383 0.012079 -0.112938 0.32438955 1.0
-1124.0644767911883 302.97680644202285 0.053578 0.20473 0.32726318 1.0
-833.9873729553221 228.39564839829325 -0.021033 -0.025416 0.21759397 1.0
-901.5870868597095 249.6035931599249 -0.275014 0.03744 0.24081671 1.0
-978.9093691597939 277.0047321854133 -0.26921 0.084967 0.27120078 1.0
-1055.4235026636802 283.56816643330404 0.107769 -0.033538 0.29302493 1.0
-1070.945472684246 293.2704599852733 -0.089188 0.390162 0.29867518 1.0
-1232.6038050611376 329.02912532232835 0.384845 -0.07879 0.35879597 1.0
-1070.0699050495582 288.8617873120725 -0.077135 0.089538 0.29208887 1.0
-1028.8266318109738 279.4807758455642 -0.179727 -0.319188 0.27580166 1.0
-1099.8512034639255 316.23213965185903 -0.014231 -0.173552 0.30748245 1.0
-897.402807475267 262.12614645185704 -0.150718 -0.008864 0.23284093 1.0
-927.7007670696129 270.2631605712173 0.121915 -0.363444 0.24293174 1.0
-1083.0863549292783 318.8915756945052 0.155087 0.840845 0.29879823 1.0
-1198.8458638133354 356.2375123033098 -0.201407 0.258263 0.34791788 1.0
-1103.535075394047 307.58649159197813 0.426667 0.331242 0.29814032 1.0
-1087.6452030175187 313.4484970057631 0.467659 0.503626 0.29414493 1.0
-1104.290046807867 321.63096885831504 -0.385018 -0.140662 0.29931265 1.0
-1085.1186773744498 320.3651652603301 0.08434 0.001209 0.29550317 1.0
-1091.8418034895149 322.3041672166203 0.514649 0.134747 0.2975846 1.0
-987.8196037340658 268.61656569158345 0.174408 0.02267 0.27614078 1.0
-1007.6480335684064 281.3827347582011 -0.115159 0.106284 0.28526863 1.0
-1091.062303147844 306.9777877942776 -0.013009 0.066546 0.32323012 1.0
-886.2716363238441 259.3477249673939 -0.162474 -0.098374 0.24334815 1.0
-1138.7678692932589 301.0255375873105 -0.106672 0.109805 0.33330533 1.0
-901.9068828462335 249.73317837663046 0.022848 0.341033 0.2401522 1.0
-1194.647121125807 309.89691020881963 0.39408 0.036718 0.34652397 1.0
-1185.8491818822733 308.306843172687 0.208389 -0.167261 0.34403574 1.0
-1216.0955738617718 310.58069640828677 -0.529393 0.136255 0.34785014 1.0
-1060.880213241782 276.9139690797991 0.171077 0.01582 0.28476042 1.0
-1121.0399593898474 298.6643935127669 -0.006952 -0.022897 0.33005723 1.0
-753.1192112330175 194.26737693854446 -0.023617 0.381026 0.18778735 1.0
-1008.970028509931 269.0622659908783 -0.315722 -0.040326 0.27734837 1.0
-1037.8843153261873 274.00388118807575 0.107062 -0.507658 0.34503785 1.0
-872.1213861971008 236.05751341329628 0.372466 -0.582992 0.26899117 1.0
-886.8381732444893 259.488840810492 0.299213 0.010474 0.24649854 1.0
-889.4985611887674 269.4465845157708 0.531604 0.115035 0.24516572 1.0
-1055.6510741913983 301.1403996900502 -0.32799 0.300519 0.29975227 1.0
-948.8776460424822 287.2828584795812 -0.287548 0.010983 0.261451 1.0
-1202.9654815372153 345.1710756868803 0.322714 -0.178587 0.35340634 1.0
-1112.1989990061393 322.03452154293615 0.095822 0.222661 0.31636605 1.0
-1179.8270990575077 353.43766161189507 0.04983 0.119326 0.3383347 1.0
-1157.4107632498753 327.08382571564704 -0.288557 0.594339 0.3178649 1.0
-1249.1537639470152 353.3455366846132 0.355932 -0.151762 0.35676116 1.0
-1144.2762253825883 334.0406481658002 0.471653 -0.08165 0.31217855 1.0
-1049.1421521501868 308.42012867983635 0.254212 0.116301 0.27702525 1.0
-1069.4642334287562 283.4493914690127 0.579333 -0.266049 0.27811575 1.0
-966.0538042270716 259.06272057445716 0.027453 0.47972 0.2407327 1.0
-1212.2435884309614 340.3015711948944 -0.050618 0.264239 0.3245052 1.0
-903.1567157396477 253.6395688334722 0.0011 -0.190973 0.2154844 1.0
-1018.4160505372473 260.36860385939195 -0.22242 -0.108532 0.24684156 1.0
-1092.907806535755 288.37672197747366 -0.492489 0.421034 0.27234435 1.0
-1112.1824150993975 287.63100500102576 0.268556 0.429567 0.27181306 1.0
-1115.8058857765504 296.15867581313876 0.058126 -0.350423 0.27299696 1.0
-1259.2076465651583 348.83659592820186 0.022693 -0.292805 0.32208827 1.0
-798.9174159724348 208.20078228531048 -0.116358 -0.176472 0.17377062 1.0
-1233.4101448735078 314.3805919148358 -0.059454 0.212943 0.3468806 1.0
-809.5181107794398 227.43084828766754 -0.23164 -0.303735 0.19303747 1.0
-1135.9357108056502 318.3881740009939 0.075483 0.073735 0.30379882 1.0
-1049.179989545196 304.6694360248142 -0.089546 0.330064 0.27515918 1.0
-1256.5104352986866 335.99763096118954 0.004683 -0.116058 0.34710017 1.0
-1070.5106738713107 271.87106357300917 0.346749 -0.029523 0.26950082 1.0
-1248.1681055018937 325.0046526001797 -0.035203 -0.05038 0.33300453 1.0
-1273.9735346336129 338.90733678077754 0.09186 0.104609 0.34337726 1.0
-1253.1906385283244 331.7247747987749 0.143664 0.183611 0.32528183 1.0
-1350.0469738169052 352.3253106755108 -0.103632 0.824558 0.35847762 1.0
-1367.7652896431887 378.75252679419714 0.044387 0.299554 0.35914204 1.0
-862.5360325012432 213.20296158304077 -0.107268 0.280052 0.18986447 1.0
-1303.2333111628927 318.4506673154196 -0.127176 -0.342719 0.32353574 1.0
-1153.926283392963 285.0643819283525 -0.611348 -0.050946 0.2645833 1.0
-1362.5562657335834 346.3431014774984 -0.262848 0.157139 0.32453504 1.0
-1347.554137248013 336.5805699091596 -0.032093 -0.307751 0.3121593 1.0
-837.8219635740234 211.40114073897587 0.242235 -0.05889 0.18459539 1.0
-805.0048826024466 208.76333582199157 0.149654 0.018261 0.17385778 1.0
-1173.178818122355 291.5788241135856 0.115928 -0.165216 0.28054023 1.0
-1344.7945386429947 333.7091651119509 0.155598 -0.070102 0.33171415 1.0
-1190.5683280206351 293.69526026778027 0.094879 -0.193512 0.27392778 1.0
-1288.0569851792757 313.65819086108013 -0.158292 0.067831 0.29128206 1.0
-1049.3001400355447 286.39989568377104 -0.644474 0.301174 0.35001644 1.0
-972.2413106865329 263.2052788026594 -0.409853 0.456289 0.30648935 1.0
-1078.9274735370077 294.13771328779586 -0.074068 0.023553 0.3594232 1.0
-749.7835623339695 216.38635441820296 -0.103789 0.122521 0.21847403 1.0
-662.9826801494393 175.03991796379125 0.224888 -0.190064 0.17997427 1.0
-924.9662701687422 251.28497750244753 0.206043 0.068249 0.2787944 1.0
-1047.4114046449577 289.6422441607075 -0.222594 0.053637 0.33639908 1.0
-887.5319969075282 247.83473823010172 -0.050609 -0.263947 0.26423207 1.0
-885.9250700573359 248.12992494951058 -0.054553 0.08074 0.26489663 1.0
-921.7484889655385 242.60980711375686 -0.018423 0.131814 0.2694951 1.0
-1056.4189688542363 278.42314558636025 0.200006 0.124762 0.32743883 1.0
-910.8352750867191 246.9649572752255 0.59421 -0.195758 0.26805845 1.0
-902.0461426411531 245.57582618960245 -0.202857 -0.252199 0.26362127 1.0
-910.2880782121505 247.25149200661383 0.052327 0.129915 0.26583663 1.0
-623.9242099243162 171.04088118520284 0.219168 -0.602796 0.16395843 1.0
-1100.347612294937 304.80540579830006 0.009651 -0.037534 0.35500932 1.0
-991.9490063595252 285.3713083650847 0.344847 0.054023 0.3061973 1.0
-688.2461524391575 181.25168624982143 0.057954 -0.130903 0.18035589 1.0
-882.7964635673696 236.3468401471412 0.096286 -0.061986 0.25044456 1.0
-915.4355987996341 254.00599094608236 0.016531 0.428172 0.26393837 1.0
-680.3302636530041 193.37523993091517 0.383159 -0.332139 0.18045081 1.0
-682.9824627147757 195.0316867346654 -0.093415 -0.110161 0.18219295 1.0
-895.7907059019666 256.7917448436404 -0.013742 -0.146415 0.25959617 1.0
-996.4478100121827 287.762999812498 0.155434 -0.402625 0.29946318 1.0
-1007.6365259370845 269.70617828354074 -0.165474 0.492847 0.2954438 1.0
-966.2018908020128 265.5790703581798 -0.158299 -0.101698 0.27828267 1.0
-1017.1055920235877 282.3038535766898 0.295109 0.146886 0.29897267 1.0
-889.2436049314301 250.64699030336286 -0.269299 0.160065 0.24998029 1.0
-988.2186409743937 284.17252545454943 -0.457109 -0.013593 0.29057136 1.0
-847.9839226702436 244.69680394358429 0.147154 -0.210287 0.23636277 1.0
-1078.6887467006213 312.2239913002741 -0.087926 0.081334 0.33074299 1.0
-650.3193124085954 177.81792438611413 0.002822 -0.534826 0.18049034 1.0
-857.8868960679152 244.03524398840645 0.002704 -0.183631 0.26244184 1.0
-986.6633224910887 261.4779543196282 -0.387503 -0.198671 0.30936766 1.0
-841.5371540498903 227.0837134372936 -0.357201 0.155375 0.2464341 1.0
-1053.5711058947306 286.31663967332724 -0.300674 -0.175147 0.3392644 1.0
-836.2533622064603 227.18394285421414 -0.153504 0.067441 0.24583942 1.0
-919.474295549756 240.8558401576889 0.083903 -0.156694 0.27190802 1.0
-916.7940236084528 241.07827368502186 0.397712 0.582069 0.2700538 1.0
-785.1121364621126 206.88855919497246 -0.435166 -0.14204 0.22121167 1.0
-867.5416259319792 233.97724686861437 0.371034 0.094216 0.251931 1.0
-1010.3118543549837 272.6763330797821 0.393142 -0.04304 0.31116626 1.0
-1085.7548999767803 297.85171221819814 0.456224 -0.096457 0.34883595 1.0
-975.0597414976273 274.7294779179595 -0.078362 -0.261287 0.3011077 1.0
-975.5593601716553 274.6101217545159 0.362177 0.374887 0.29994762 1.0
-984.4257678997551 277.916681238291 0.103097 0.089867 0.30573562 1.0
-993.600289425426 280.7081364370551 0.103959 0.039083 0.3071688 1.0
-888.6115880381838 233.09033621703304 -0.247308 0.008024 0.25449598 1.0
-977.3789118367844 259.78643601208137 0.01976 0.248156 0.2908744 1.0
-1091.4050038550643 306.55847194920545 -0.241318 -0.304801 0.34718847 1.0
-895.3306675773288 253.69145625928692 -0.077498 -0.491039 0.26208153 1.0
-990.9391999662258 286.05134291243695 0.022886 0.267654 0.30186626 1.0
-983.4143712327943 284.64619649446354 -0.102824 0.225584 0.29953423 1.0
-1096.1782544926755 286.2680580444755 -0.099213 0.11234 0.3361877 1.0
-1130.1843554200927 309.89525581699576 0.103043 -0.471628 0.3528543 1.0
-1066.1091795367047 293.85201910997836 -0.001144 -0.07283 0.32502642 1.0
-1096.1547105996062 302.561722845982 0.747163 0.050199 0.33850235 1.0
-1057.1738792102074 292.72027087677 -0.113553 0.116069 0.32058474 1.0
-722.1601454661192 203.874428697274 -0.108593 0.014245 0.19237413 1.0
-881.9606569227847 252.54134656267314 0.142775 -0.10262 0.25075132 1.0
-689.0481862285648 197.60876312636617 -0.163355 0.217654 0.18133909 1.0
-972.5030798514122 280.2169658428276 0.060322 0.017265 0.28762743 1.0
-872.3741074253877 252.65728814621124 0.276773 -0.320731 0.24665044 1.0
-1149.9377015223813 298.9214940528484 0.306877 -0.206016 0.35279414 1.0
-1086.1881399736812 296.8710671369968 0.048989 -0.067117 0.3248632 1.0
-856.87741499301 247.05737246133432 -0.26938 0.050485 0.2365215 1.0
-945.288513271534 273.5771825133031 -0.08048 0.033272 0.271398 1.0
-723.801058784981 195.3215273919639 0.420375 -0.031147 0.18199152 1.0
-998.3093578789513 268.89286279498873 0.079142 0.001888 0.27815142 1.0
-1162.3149311780578 314.42805124261815 -0.043762 -0.446203 0.3443351 1.0
-836.7979067957015 229.2071157954844 -0.007643 0.142171 0.2188729 1.0
-1149.30063027001 315.1808226842982 0.052048 0.011153 0.34149018 1.0
-1124.749672956878 314.8618648722885 0.007446 -0.10634 0.32910058 1.0
-695.9914268381638 201.5972854152155 0.23445 0.032849 0.17398195 1.0
-903.8581167407676 265.98052838660004 -0.121867 -0.055855 0.24469396 1.0
-898.2431939751106 263.7248362195173 0.464148 -0.532922 0.2418815 1.0
-882.9643042120927 265.55357696123724 0.05476 -0.053411 0.23834369 1.0
-718.0019026025631 219.08797535953764 0.035699 0.115259 0.18326877 1.0
-941.6818070327195 243.79344592548657 -0.117685 -0.130959 0.24864575 1.0
-1067.6574978023248 295.575895858966 0.109768 -0.178572 0.29947212 1.0
-1027.5096360569655 288.065356385395 0.153517 -0.142774 0.28290284 1.0
-897.9441871314193 258.82451759067027 0.158161 -0.039527 0.23706822 1.0
-992.4963410538402 288.23367624101223 -0.060231 0.075207 0.27028808 1.0
-856.2178293448304 255.52682663084306 0.072846 0.089964 0.224377 1.0
-727.1108456208364 222.88494750345689 0.211541 0.065757 0.1826567 1.0
-873.7758760097673 270.279407245622 0.219379 -0.299215 0.23058216 1.0
-770.2856112468684 196.65945709636344 -0.074291 0.143344 0.1874993 1.0
-711.0269249538132 185.12679049275505 0.060807 0.067765 0.17026824 1.0
-711.3953541408055 190.17745444044888 0.310927 0.18242 0.1699839 1.0
-943.1757476444142 261.3628243959135 -0.102935 0.411473 0.24527799 1.0
-1103.8137167533432 318.6796647320225 0.327023 -0.084503 0.30773482 1.0
-1070.1756146830253 312.67597436253845 0.190093 -0.180931 0.2964395 1.0
-1084.4714045777384 319.88420672656684 -0.188658 0.156865 0.29999486 1.0
-787.5414986611866 238.2270230289947 -0.583314 -0.401188 0.19732831 1.0
-1025.8307081909663 260.5415269518833 -0.062969 -0.042196 0.2683523 1.0
-744.138565791635 189.21730167293452 -0.092352 -0.533902 0.1765511 1.0
-1083.4320937871391 290.9606143624619 -0.184821 0.143229 0.29072738 1.0
-1044.64125790738 282.47559650143245 -0.022724 0.336971 0.27421898 1.0
-944.3408004805447 258.8748490201238 -0.123805 0.25663 0.23903866 1.0
-1093.7974546778555 316.29556102837415 -0.121593 0.657575 0.29629204 1.0
-928.2193810835888 270.43873116785295 0.153614 -0.189889 0.23627847 1.0
-1089.4912110185273 325.5925104260646 0.354672 0.386094 0.2949296 1.0
-1186.6995882610015 354.95573671955026 -0.233693 -0.388117 0.33648974 1.0
-719.7053099055732 186.09475794102752 0.04649 -0.06684 0.18195824 1.0
-1040.1640070358312 284.12982659085986 5.4e-05 0.057733 0.27607322 1.0
-805.9195099474929 213.98113841136944 -0.228491 -0.169098 0.21154921 1.0
-713.8993698343781 191.18442375046328 -0.062247 0.056305 0.18091223 1.0
-1111.3032664953064 297.03830239733054 0.420299 -0.53846 0.32673338 1.0
-1108.1240419634762 297.58069502921904 -0.23378 -0.030335 0.32874933 1.0
-998.5044177092525 271.3480620942536 0.368185 -0.315659 0.28094697 1.0
-1027.8022043593664 286.18762593039014 -0.383819 0.076453 0.29291618 1.0
-896.0749858766197 262.41927048742576 -0.032367 -0.141042 0.24684232 1.0
-869.7550460798016 263.9875906460192 -0.270004 0.256669 0.23927887 1.0
-1104.1515831498198 295.63803261890143 -0.008333 0.092039 0.31780455 1.0
-1147.3999554204677 318.47483810754255 0.177342 -0.090726 0.33608454 1.0
-1187.2352962097405 308.514273140875 -0.049838 -0.255756 0.34472397 1.0
-1063.152629452781 284.541460505893 -0.076617 -0.039557 0.29386976 1.0
-1207.1890940735395 307.5767025341018 0.082601 0.213946 0.34498224 1.0
-1086.0778772016317 285.12941846768376 0.016032 0.166299 0.2955656 1.0
-1079.8292562131626 283.53339847946114 -0.282124 -0.21781 0.29324165 1.0
-1220.6444402547913 323.05578330830895 0.103113 0.258291 0.34979928 1.0
-1035.6416999293972 281.5302972389391 0.355486 0.333884 0.27620226 1.0
-1089.2600183488055 292.1635307731044 -0.119774 -0.022 0.323048 1.0
-1076.7738682825286 294.3465295998596 -0.153484 0.160497 0.3193547 1.0
-1086.97068246022 302.37315401526587 -0.231491 -0.011742 0.32479283 1.0
-1117.660536347826 298.57225732035715 -0.279492 0.083698 0.32916623 1.0
-994.6489164027267 269.63209454205116 0.18287 0.023106 0.27753532 1.0
-999.3675516987671 276.3399911688622 -0.338489 0.288065 0.28040877 1.0
-1174.7290274411885 315.71093279029486 0.138264 0.094949 0.34515762 1.0
-733.4600145227922 198.61748858077019 0.287833 -0.178506 0.18216228 1.0
-860.1420904027303 239.09855968336913 0.064497 0.315601 0.26258948 1.0
-1004.8042071051146 281.1091223152961 -0.000217 0.339447 0.33071864 1.0
-1015.1346646851766 284.03264940861214 -0.028561 0.00913 0.33605662 1.0
-742.3278049351678 216.22201764735226 0.02457 0.197648 0.21806325 1.0
-1044.3405987726796 282.0740036657412 -0.299139 0.355215 0.34848806 1.0
-865.4878554109222 234.2703441287308 0.008556 -0.083402 0.26665747 1.0
-665.007045119944 184.32968916285563 0.048442 0.20076 0.18919274 1.0
-882.4388833567662 257.5261720965116 0.361807 0.312579 0.2435474 1.0
-1173.473705163926 331.9687743204092 0.04843 0.150101 0.35911435 1.0
-884.5628368775416 254.0559501159483 0.041071 -0.217999 0.23867072 1.0
-892.8874838825519 267.8496677565576 -0.030307 0.264279 0.24421965 1.0
-1124.2025765377618 318.7687715592269 0.353826 0.156411 0.32574648 1.0
-855.9374320019408 248.98734039960726 0.077119 0.473301 0.22486894 1.0
-885.0697322363006 264.8970274208726 -0.122663 0.185439 0.23530814 1.0
-903.8283645574274 253.2760876542683 -0.198941 -0.298465 0.2342929 1.0
-995.0503853565507 286.0767145489031 0.020514 -0.042658 0.26916426 1.0
-892.15477172469 261.97441230301035 0.032884 0.291347 0.232842 1.0
-1002.0341960265467 300.40084395392125 0.303896 0.182571 0.2739201 1.0
-995.9800773342594 302.1585118880058 -0.000628 -0.386519 0.2717398 1.0
-732.5195609359926 224.82956493452963 -0.110745 0.028383 0.1829644 1.0
-990.6795466403327 281.0386312368555 0.105394 0.382599 0.26064157 1.0
-1175.5950165094275 343.7240451855929 0.116775 -0.15712 0.33471885 1.0
-1202.854152212363 353.02990890655553 0.313164 -0.246674 0.34708914 1.0
-1213.4915053334971 365.92310225679074 0.057891 -0.004053 0.3514439 1.0
-1034.0821239058293 262.2277093402237 -0.186365 0.055378 0.26936278 1.0
-1110.1110472897099 284.38382986343913 -0.491612 -0.19205 0.29830387 1.0
-1019.4814194769833 263.4550959399197 -0.259821 -0.240782 0.26433218 1.0
-1053.1944874455332 285.50154127283673 0.152808 0.109732 0.27598637 1.0
-1059.473571468428 288.4188492054808 0.041772 0.106314 0.27415246 1.0
-944.6389791741376 266.77751386734815 0.13842 -0.030228 0.23509976 1.0
-945.3157103433352 267.2043239665691 -0.250116 -0.118991 0.23522332 1.0
-916.9260758031886 260.2009607621053 -0.188898 0.288525 0.22594573 1.0
-1128.9516959977677 329.0797527228016 -0.13813 -0.107428 0.29935902 1.0
-1068.1025957456486 316.11125007464585 -0.073893 0.042415 0.27802056 1.0
-1058.6803600087205 267.3710354135457 -0.042702 0.00076 0.2675455 1.0
-1298.672917854711 328.43970458074693 -0.419447 0.431489 0.3598255 1.0
-751.6838287731546 201.24846824764444 -0.09647 0.142579 0.17002827 1.0
-1277.6960609746343 345.84139718769205 0.164035 0.078249 0.34819022 1.0
-1066.9121306406569 297.13302946355486 -0.033918 0.232873 0.27041185 1.0
-924.1875448690469 268.8773480333199 -0.019525 0.046939 0.22141232 1.0
-1095.6030131680664 288.5562185993083 0.170779 0.10343 0.27305123 1.0
-1099.2749488372954 290.6208732657368 0.128554 0.338889 0.27322108 1.0
-1090.1673608817948 289.47640250850924 0.129695 0.705309 0.27049923 1.0
-1018.4099382369774 286.9874698939717 -0.052536 0.095709 0.24033302 1.0
-990.1574757548029 281.3112824398402 0.064676 0.37346 0.23294961 1.0
-1008.0051395364537 291.61885821120467 -0.21233 -0.245938 0.23702525 1.0
-1113.6576287417718 321.21107648175115 -0.174924 0.179364 0.27141798 1.0
-1374.4479125154037 379.84043516378813 0.102861 0.202735 0.35899174 1.0
-1366.912496917766 378.88144134297767 -0.011889 0.209501 0.35790938 1.0
-1117.2883690077495 283.7181745985206 -0.27555 0.351565 0.2986627 1.0
-1123.7972993054075 286.8579509088335 -0.004121 -0.023478 0.299801 1.0
-962.7895460069244 253.09494531619998 0.102844 0.117375 0.24222882 1.0
-722.8496675484473 191.86863373481106 0.13129 0.480585 0.16842088 1.0
-1250.3065957530964 332.2031505009953 0.034382 -0.30087 0.35143527 1.0
-1058.835888300152 286.82514581556285 -0.044425 -0.22083 0.27733588 1.0
-921.6220720628783 256.96314498873824 -0.120944 0.050041 0.2292641 1.0
-897.5105953804434 250.72604249729292 0.208221 -0.044402 0.22115643 1.0
-895.2303703484456 253.11261988376992 0.273923 0.063331 0.2198918 1.0
-1056.4662690790526 309.584790477573 0.243179 0.169814 0.27593508 1.0
-1125.2862217222555 335.33425641854143 -0.072989 0.298327 0.30364102 1.0
-916.4354799686519 250.4444568931383 -0.002766 -0.279932 0.2220376 1.0
-914.7447736502388 268.66711953472634 0.329497 -0.242559 0.221607 1.0
-1288.7245218554447 321.8667899064526 0.240729 -0.072057 0.35192686 1.0
-978.3530001078433 250.58010989596457 0.062743 0.055675 0.23724078 1.0
-790.2553490679376 206.10217747727228 -0.100975 -0.225569 0.18095584 1.0
-799.5539140115375 208.69974869641038 -0.070756 0.006868 0.18231422 1.0
-988.6342636781254 269.1679524243995 0.11251 0.059525 0.23853739 1.0
-852.6217250759985 234.38647127755985 -0.013028 -0.115089 0.19692796 1.0
-1107.42942645593 288.1517714291304 -0.00934 -0.070496 0.2727075 1.0
-1265.9902325677642 334.140095215297 -0.036561 0.340356 0.3313057 1.0
-1097.367498283178 290.39128787357953 0.083177 0.162902 0.27079877 1.0
-1253.3959589513422 331.1102855681011 0.082543 0.189035 0.32699066 1.0
-1303.8640420704642 348.63586171979944 -0.133976 -0.076138 0.3472425 1.0
-992.0171893299809 275.45548961937567 -0.057412 -0.102414 0.23596545 1.0
-903.1507915540013 251.32111349174014 0.150897 -0.087966 0.2077514 1.0
-930.5406899182803 272.2536227681322 -0.67203 0.070223 0.21633765 1.0
-1211.9267455081379 300.8374139210692 -0.033708 -0.427553 0.30487067 1.0
-1103.675598374227 274.8449178313194 -0.139103 -0.150827 0.26921502 1.0
-791.6463241228041 198.2939676061072 -0.189548 0.167763 0.17470627 1.0
-779.4796439451895 195.48366418174007 0.205263 -0.121519 0.17156093 1.0
-783.2934767638588 196.86160215505004 -0.004845 0.192398 0.17144349 1.0
-831.5211419917264 210.33029715030287 -0.335896 -0.301508 0.18443406 1.0
-1039.32175078426 265.3531607914873 -0.057963 -0.12291 0.24492599 1.0
-1034.2784539212016 265.32297836106864 -0.236464 -0.031744 0.24488315 1.0
-1353.1405228382062 348.3830015115395 0.133143 0.160444 0.3596546 1.0
-1006.5605655238583 283.78135487603646 -0.149913 -0.064119 0.23428819 1.0
-1226.183871808992 348.3940518567918 0.070892 -0.039207 0.308993 1.0
-1222.0134160950079 346.4977936771309 -0.67656 -0.32901 0.30624777 1.0
-1005.1206752594417 288.9462047002998 -0.032827 0.1861 0.2347182 1.0
-964.1967197353644 277.66434157609746 0.495457 0.021683 0.22154613 1.0
-1121.565721357473 324.0759237396727 -0.015202 0.142264 0.2715697 1.0
-770.4055969646383 190.94205396460922 0.075016 -0.026739 0.1653456 1.0
-1065.9886118140826 274.4825376048541 -0.09674 -0.135834 0.24729066 1.0
-878.0717508555576 219.7724288809884 -0.296042 -0.368996 0.18945119 1.0
-1400.4132241904942 352.56415877460296 0.14166 -0.190841 0.35900643 1.0
-1268.163827807942 318.53536468759694 0.05904 -0.105809 0.30973968 1.0
-1269.9041170440264 319.43385690821606 -0.2256 0.165701 0.30941 1.0
-1313.5820934607034 321.37011471159985 0.486279 -0.252874 0.31992775 1.0
-1353.337343342036 330.0771263957188 0.220073 0.051896 0.3273522 1.0
-1200.7825714488292 293.4159387562536 -0.159467 0.250493 0.27341628 1.0
-1381.2232301139418 346.60798200901 0.151002 0.493964 0.32996044 1.0
-1380.9911531344537 347.04659177990214 -0.06595 0.245187 0.33114356 1.0
-1319.7345490002383 331.6939293091011 0.369756 -0.164253 0.30893242 1.0
-953.5479562900797 240.61078993307328 0.197602 0.059933 0.2000413 1.0
-1360.7640535720889 345.9947708347922 -0.341987 0.137314 0.32400522 1.0
-1206.1789918675677 299.89826350491023 -0.580599 0.308852 0.2677115 1.0
-1230.1352905614933 306.7253497576455 0.085039 0.037785 0.27195922 1.0
-1241.3125503232952 307.57681910609796 0.16701 0.045876 0.27116755 1.0
-842.9771029219366 211.2933063135003 -0.084046 -0.186543 0.18436885 1.0
-1346.5888879581703 339.3392115899402 -0.335913 -0.060389 0.3510364 1.0
-987.0854084522539 253.43639075956423 0.509916 0.009268 0.22678265 1.0
-1139.2502985026729 293.8951257239945 -0.449758 0.064606 0.2729686 1.0
-858.7323786839113 215.60566222104944 -0.140968 -0.120005 0.18508689 1.0
-1099.1738140523107 276.7634797153468 -0.064175 -0.230379 0.25560218 1.0
-1306.3015478969864 328.9681212278544 -0.464626 -0.343483 0.32426557 1.0
-804.8818904357513 207.32388984063851 -0.119309 0.084734 0.17106435 1.0
-1158.3288994988582 286.35089560067735 -0.274127 -0.183967 0.27060583 1.0
-1181.1604580094838 294.28894180447213 -0.270351 -0.092984 0.27507263 1.0
-1167.6644717685554 293.1848266105211 0.067388 0.092175 0.2716047 1.0
-1187.1263470695762 294.3868161797548 -0.134923 -0.21649 0.2729438 1.0
-944.777866727773 238.73672896315597 0.04005 0.268888 0.19982977 1.0
-1369.1121229613716 350.80455185786354 -0.230248 -0.060109 0.3295407 1.0
-1397.436677796987 340.9203296467855 0.001286 -0.097567 0.33657917 1.0
-1230.2505740184727 301.40498494057056 0.326346 -0.2675 0.27918908 1.0
-1356.940344295914 335.7128079108785 0.307948 0.032824 0.31974015 1.0
-1361.447765264998 341.9833462980807 0.140195 0.009605 0.32129022 1.0
-1442.1124508772634 362.2685849771071 0.136936 -0.031227 0.34595317 1.0
-1211.1527158900092 289.1462242701404 -0.10636 0.087555 0.27061254 1.0
-1421.8270973220517 347.6392580992837 -0.02621 0.189426 0.33754432 1.0
-1223.6510206580506 368.55518577210955 0.256217 -0.23718 0.35174373 1.0
-943.3077241705903 272.71702164046496 -0.185388 -0.462874 0.21394359 1.0
-1067.5769135516182 331.1132208705778 -0.062454 -0.126822 0.3057496 1.0
-921.9732838630911 273.32360251800065 -0.458502 -0.548007 0.27037537 1.0
-1235.5776095915412 359.95950821381786 0.708045 0.190733 0.30819684 1.0
-1321.7079109866866 389.51200169525765 -0.758437 0.072769 0.35290825 1.0
-1135.8488604661036 333.25579924334227 -0.354049 0.090449 0.2770526 1.0
-899.1686730580562 284.55413595499147 0.043356 0.152622 0.24929252 1.0
-1136.323357864626 350.75586362892824 0.102051 0.234366 0.3277894 1.0
-967.8489011896432 283.3769510444512 -0.101284 0.685689 0.28969342 1.0
-1095.1899634152794 321.89438308867335 0.037865 -0.180352 0.35114992 1.0
-884.6169485839916 260.56464805141667 0.118579 -0.066309 0.27167377 1.0
-896.0909335177706 265.4064326752417 -0.137316 -0.063397 0.27211225 1.0
-891.674177992771 264.9404295995535 -0.309752 -0.137883 0.27155277 1.0
-896.9088992273419 260.9571546693725 -0.48365 -0.472382 0.25933254 1.0
-825.0917602498643 242.29153093227637 0.107244 -0.136843 0.23364308 1.0
-851.0993118323937 253.64841280251312 0.004115 0.230469 0.23822981 1.0
-873.6356551910254 264.84286030414734 -0.277093 -0.187047 0.24765034 1.0
-1034.9518366698464 307.19279194913054 -0.393303 -0.020714 0.32309988 1.0
-616.9049122590541 183.488965335012 -0.49793 0.132037 0.16312674 1.0
-1148.10017764071 337.03958012694227 -0.175863 -0.049177 0.35838667 1.0
-1008.2281845153517 298.21854601555185 0.224932 -0.154593 0.2964857 1.0
-1097.9679942300854 326.8182949976162 -0.389395 -0.149299 0.33921787 1.0
-1123.4836789599053 336.014686500789 0.078524 0.091578 0.34896675 1.0
-687.5925945190638 209.38013127125222 -0.533618 -0.447896 0.18029968 1.0
-870.6175030923492 261.18844344272384 0.260808 0.244951 0.24060404 1.0
-1015.3737578042715 314.3475029539359 0.0828 0.42008 0.3003077 1.0
-782.4940307770736 245.75181924960532 0.201675 0.337353 0.20274077 1.0
-863.4150339194246 258.4156529688174 -0.011696 -0.015981 0.23968117 1.0
-866.7274173009378 259.1070273497924 0.134815 0.159979 0.23949614 1.0
-691.1981730437801 207.8780999588709 -0.400921 0.24269 0.1802809 1.0
-1148.4093039081758 355.2824154869237 -0.099716 -0.023521 0.33677492 1.0
-877.8680729174731 265.8764819838613 -0.250511 0.164088 0.21347204 1.0
-879.2211712628548 266.64435813049215 -0.328301 -0.096366 0.21366869 1.0
-788.6133753282239 237.6279318318699 -0.366918 -0.455398 0.1821482 1.0
-1014.2597425837178 296.1717811447726 0.212686 0.158255 0.23975387 1.0
-934.2766235781863 273.3174948769798 0.176885 -0.136419 0.21493454 1.0
-1052.646011947541 297.1525008567191 0.019034 0.152911 0.24405864 1.0
-1057.4562794583 300.51034714698335 -0.023955 0.00238 0.24657308 1.0
-1055.265923592888 300.4034462715231 0.02542 0.025814 0.24665625 1.0
-1155.3311884804373 333.0720439402844 -0.491787 0.055905 0.27944028 1.0
-892.5521293926704 268.60012875162596 -0.221881 -0.510024 0.22049236 1.0
-888.6855090524576 268.0349604128515 0.344704 0.296258 0.2200901 1.0
-952.397961058744 288.9417732972732 0.287744 -0.04194 0.2429563 1.0
-1176.8691771264293 349.71297461299355 -0.690047 0.020265 0.2987986 1.0
-1138.9797406377234 331.126804785617 0.122279 -0.263739 0.2781962 1.0
-821.5450435065029 239.64862437517604 -0.181326 0.195043 0.17948428 1.0
-1259.5146801512665 350.8638416651434 0.251348 0.049193 0.3073915 1.0
-1247.0022802522349 348.72084203535286 0.040393 -0.006326 0.30127513 1.0
-933.8110510905237 266.33190811230844 0.306453 -0.051559 0.20556587 1.0
-929.043920146807 257.0406044720812 0.250835 -0.120753 0.205159 1.0
-1232.114745047591 349.23697958452124 -0.13676 -0.245203 0.30203086 1.0
-1034.4559431961209 307.36900870410676 -0.107238 -0.250584 0.32820493 1.0
-916.3289111754204 275.7119898643843 -0.269721 -0.043918 0.27568606 1.0
-1042.5283421279855 319.34988431716255 0.453452 -0.13435 0.33633462 1.0
-1009.3320799170651 320.9075669086038 -0.373697 0.237701 0.32359874 1.0
-653.4920228145867 208.35147813379737 -0.224963 0.185981 0.17427523 1.0
-852.8499651672494 257.8431745723085 -0.058993 -0.033493 0.25950456 1.0
-1088.9780928961331 326.8156353111936 -0.02777 0.22159 0.3509952 1.0
-1091.8760042405443 335.41148284517425 0.116452 -0.77332 0.3557917 1.0
-832.3829114969966 262.5366910494906 0.057136 -0.031134 0.24314901 1.0
-651.5805144029555 208.37276901487715 -0.099807 -0.027411 0.17228556 1.0
-912.2707532668558 290.6647293453208 0.126223 0.112953 0.26433387 1.0
-982.5682085582412 316.13565548713353 -0.048935 0.090753 0.29610354 1.0
-1113.1323291730846 356.13652375635394 0.023378 -0.080958 0.33671874 1.0
-988.5499994063664 305.5498102146051 0.342721 0.443237 0.26359212 1.0
-1012.597574749946 314.3037897567451 0.444628 -0.393892 0.26784799 1.0
-1413.1115222388444 391.9659114097026 -0.474069 0.361411 0.3453879 1.0
-1435.3065202639486 400.0464243859127 0.112109 0.165892 0.3388117 1.0
-1271.5990656862316 372.91000758095436 -0.286872 0.408196 0.3144474 1.0
-862.7109052089729 244.97654171543056 -0.071058 -0.195517 0.18312576 1.0
-1378.588125229369 380.0367527552693 0.245476 0.212919 0.33757293 1.0
-1512.8320562518222 400.2245655340556 0.262246 0.180794 0.3532076 1.0
-651.3589258538804 212.03271929058198 -0.176175 -0.286681 0.18297257 1.0
-916.8620498839985 281.0035820463705 0.201209 0.095993 0.29075882 1.0
-695.5932000133869 216.1592484168525 0.382237 0.067754 0.20247708 1.0
-640.5185618018897 202.04644065541038 0.067029 -0.093493 0.18258779 1.0
-660.9645930714318 197.59915640685318 0.703873 -0.276915 0.18407322 1.0
-988.9503229643113 297.9077054536073 -0.308478 -0.241689 0.31774294 1.0
-722.1390211062796 224.51678094767632 0.228634 -0.254489 0.20712417 1.0
-645.052111122463 205.7867932292498 -0.187931 0.113605 0.18188938 1.0
-595.4992739165773 193.38014170143953 -0.078441 0.073677 0.16691041 1.0
-1021.5620675215869 311.0912829887988 -0.008646 0.014316 0.32403338 1.0
-965.9446296159903 286.7186514875369 -0.018367 0.096723 0.30033752 1.0
-646.5527166315824 202.7496654786938 0.062792 0.099627 0.18027921 1.0
-649.8216798721428 204.75461310749785 0.161965 0.031178 0.18178234 1.0
-663.6909186408365 209.31986096063306 -0.08335 -0.172423 0.18682249 1.0
-951.4539546308866 306.87088117084056 -0.017789 0.149115 0.3052537 1.0
-625.9029849846193 207.426934211432 0.013873 -0.071208 0.17654584 1.0
-927.3908704708869 307.7200497555826 0.403401 -0.184227 0.29801708 1.0
-845.4499344031668 265.4355737034316 0.004722 -0.017973 0.24762283 1.0
-858.4791109736436 276.5546913669027 -0.008782 0.289891 0.2574014 1.0
-750.7169183773022 237.6674284378179 0.237863 -0.046513 0.20968468 1.0
-837.0249174324234 268.91824615005 -0.460855 0.238655 0.24143596 1.0
-890.6537202641291 288.80305868619945 -0.212202 -0.040348 0.26580516 1.0
-839.844165746682 269.2178125608086 0.229425 -0.001323 0.22725691 1.0
-1062.2414577316576 335.64175073741865 0.013939 0.221028 0.3064195 1.0
-763.7143608364985 241.43222988378497 0.3759 -0.138888 0.19608845 1.0
-1089.7723633853964 346.6338153033974 -0.345326 -0.337787 0.31770968 1.0
-1088.151492590465 346.36310754628425 -0.126458 0.09243 0.31838885 1.0
-879.7808269357332 276.0492703980799 0.031937 -0.113165 0.22986059 1.0
-721.1931344641225 225.05985053756172 -0.204351 -0.29243 0.17412898 1.0
-763.7056272995792 241.94947971955793 -0.13731 -0.009725 0.19857848 1.0
-1127.5398954713905 356.72825330716466 0.240125 -0.184914 0.33838528 1.0
-713.6612546790149 222.32457226694368 0.0262 0.093558 0.17311728 1.0
-663.5962255548399 211.62700203780435 0.414164 -0.032008 0.17454197 1.0
-869.1808244369931 267.1080397698949 -0.08833 0.017734 0.21240954 1.0
-842.6739448359955 257.4833088450273 -0.145673 -0.185501 0.20032647 1.0
-850.8520204694355 260.6055824972011 -0.206913 -0.027495 0.20343044 1.0
-1171.2653493854289 350.3831321826018 0.180164 0.245536 0.29814875 1.0
-1172.9888139318468 351.66396823059847 -0.141601 0.31577 0.29814503 1.0
-1275.7583289934298 374.05161002934193 -0.052373 -0.054371 0.32599342 1.0
-1238.6372643696495 353.2557480919094 -0.33861 -0.017057 0.30004358 1.0
-1286.3082044490002 366.9812852588872 -0.125546 -0.125264 0.3146697 1.0
-1372.207747522984 375.38728092322623 0.097604 0.035775 0.3367823 1.0
-1373.6502534463455 375.51881160413626 0.017128 0.138466 0.33753827 1.0
-1432.600380941565 395.2758046130828 -0.131531 0.027906 0.35898966 1.0
-1116.6358041288734 310.62427244008893 -0.245961 0.056753 0.25132823 1.0
-1419.9272797725396 393.16746784641174 -0.193483 -0.181289 0.34493938 1.0
-1395.6607390622628 387.7110607399782 0.239784 0.053533 0.33640525 1.0
-1355.0169620819659 376.12338515841753 0.023288 0.015095 0.31205156 1.0
-1484.790824981748 407.02244568141174 -0.050173 -0.120704 0.34563866 1.0
-944.7401916708455 263.8265973187917 0.231097 0.096267 0.20464759 1.0
-1144.807562191506 317.6326615966398 -0.199165 -0.001014 0.25622845 1.0
-1365.441174054576 384.84082803452117 0.409659 0.152254 0.3279094 1.0
-1387.882416486428 378.95560806359407 -0.200938 0.017663 0.33124387 1.0
-1041.220532495578 287.8545679201517 -0.317604 -0.191466 0.21541956 1.0
-953.0661423157698 265.2096656691985 0.295942 -0.108582 0.19179456 1.0
-1444.7091154882207 401.3901583868446 0.146038 0.172431 0.33583075 1.0
