X Y e1 e2 Z WEIGHT_SEEING
207.59746651779014 -9.874785472623643 0.174344 0.022743 0.26175457 1.0
206.31692389046637 -8.997105858333988 0.185813 -0.121932 0.23893712 1.0
310.73413590986087 -22.22257411223045 0.157286 -0.051213 0.30828202 1.0
316.54002747793345 -23.07609287017251 0.376197 -0.050569 0.30790266 1.0
259.61116591836657 -7.830211239593331 0.208727 0.138635 0.30678713 1.0
322.15316210619903 -17.529011310630064 0.363675 0.202682 0.332169 1.0
263.82813188336377 -5.468836168973274 0.519604 -0.187183 0.28992566 1.0
321.7622661226436 -6.066801971761483 -0.1606 -0.03411 0.3231076 1.0
288.8936279569902 -0.9417798647110328 -0.050081 0.218668 0.28748706 1.0
294.53174883181606 -1.0077504728489235 -0.188038 -0.145816 0.29486904 1.0
335.4681729016008 -29.243192110876148 -0.204326 0.354708 0.32334185 1.0
209.06142981573745 -5.868286192761138 0.265331 -0.408309 0.27039817 1.0
354.3529858721583 -24.688726895179766 0.523444 0.515881 0.34755695 1.0
308.1714411258706 -13.33061948986624 -0.389456 0.608903 0.3056532 1.0
202.5269487914554 -4.559460947641323 0.185828 -0.041914 0.18163866 1.0
338.1889130588647 -1.5038330778220719 0.003916 -0.160547 0.33058575 1.0
203.747660702208 -25.527050854471057 0.032304 -0.073905 0.22864106 1.0
281.03517236413177 -34.72001229815581 -0.235887 0.285205 0.31338733 1.0
302.06048195295864 -33.385743386666796 0.404553 0.298429 0.3527442 1.0
227.52597207909366 -18.766201053055784 0.023455 -0.196807 0.2511581 1.0
293.9513702973412 -25.089733039863727 0.361177 0.118629 0.3355156 1.0
242.73883742134393 -20.71795821827162 -0.02026 0.103827 0.2539839 1.0
235.90052104499367 -35.95539562714362 0.664035 0.106904 0.2594591 1.0
259.00921576972536 -34.88124148803354 -0.068429 0.12439 0.29604444 1.0
230.80744841957562 -30.132253857179673 -0.186645 0.039785 0.24129051 1.0
305.11013068700566 -41.32829090046533 0.300386 -0.00919 0.32077658 1.0
338.9413208890152 -41.743200738864836 0.407602 -0.194099 0.3317955 1.0
302.45816286844007 -31.46086017821837 0.097616 -0.405867 0.30595595 1.0
246.88074774012256 -18.253983867501855 -999.0 -999.0 0.28308195 1.0
266.20916209226414 -20.83610593989158 -999.0 -999.0 0.30126005 1.0
239.8006344887164 -19.157285996826772 0.583743 -0.500272 0.24833427 1.0
301.37327055127764 -26.784689528579346 -999.0 -999.0 0.2984953 1.0
348.56063832701 -30.985760153738372 0.026682 0.082968 0.34646186 1.0
287.3186610453219 -70.68980325999132 -0.040483 0.155703 0.35089716 1.0
308.03131485550455 -73.04340736008689 0.186184 -0.062783 0.32279614 1.0
339.95683200156896 -57.98964807728742 0.047573 -0.307005 0.3417654 1.0
229.3189729499559 -36.10694415215641 -0.050166 -0.070704 0.29584017 1.0
280.5152930108048 -17.992695123000082 0.143507 0.100401 0.35475567 1.0
275.5144286506972 -73.80601320484459 0.055106 0.030781 0.3416901 1.0
248.88767166061757 -59.45429088429978 0.160335 -0.139389 0.3049792 1.0
219.42926852166633 -50.05115543626295 0.121906 -0.453343 0.3218718 1.0
234.89728433763787 -42.30771392550915 -0.070253 0.150728 0.33344862 1.0
300.6614774042608 -51.2378294430778 0.202798 -0.138358 0.35404697 1.0
244.15115308628978 -70.85766664169442 -0.200244 -0.19352 0.26540348 1.0
241.56620645452665 -68.96855034398146 -0.125466 0.367562 0.2657802 1.0
288.73694696423576 -67.91120860526473 -0.090989 0.51847 0.35119125 1.0
259.23825105780975 -60.02426474894706 -0.123314 -0.530665 0.28152552 1.0
324.7107000486878 -73.42788035120336 -0.053244 -0.202254 0.35393324 1.0
200.45226341096085 -48.512789681058294 -0.595064 -0.160209 0.28244656 1.0
231.81062218560277 -54.967823936439366 0.130803 0.087549 0.33487666 1.0
239.91470041728044 -52.39190750127818 -0.002657 -0.205692 0.25133976 1.0
285.06655450673975 -59.83734274338154 -0.11494 -0.080067 0.28016242 1.0
257.35750536058623 -53.04132136697414 -0.088046 0.017375 0.33170018 1.0
258.84258302373695 -54.86055235947697 -999.0 -999.0 0.33307874 1.0
320.0501989629944 -62.209378506792454 -999.0 -999.0 0.32244036 1.0
319.68540598049276 -62.46868262978841 -0.03712 -0.113549 0.3179643 1.0
263.6761544792355 -48.0648094965249 -999.0 -999.0 0.33767375 1.0
289.1449866284275 -53.90039084723754 -0.217586 0.043322 0.3543579 1.0
252.0368224274226 -45.04861490301377 -0.014303 0.169764 0.28277647 1.0
205.98667271695794 -8.309431368169225 -0.283908 0.070693 0.25836095 1.0
174.96741217742735 -8.236325226812346 -0.200208 -0.111765 0.19379663 1.0
201.09626042496126 -10.363448479602003 -0.343122 -0.515266 0.21486089 1.0
243.64069581806962 -14.038015437669436 -0.196239 0.06384 0.2741184 1.0
289.4725267154511 -16.701057845260898 0.000962 0.061058 0.34383807 1.0
235.8607729688168 -14.737296955301616 0.511877 -0.176608 0.24870154 1.0
247.79025419337623 -14.782594057600859 -999.0 -999.0 0.25494546 1.0
322.34079958913946 -23.156169407312557 -0.266665 0.043222 0.33354223 1.0
301.40755990389727 -22.003609613080485 -0.107384 -0.074222 0.2839583 1.0
224.2978860042163 -17.131879873448856 -0.099891 -0.075032 0.18876386 1.0
213.11451197590677 -5.866719835476715 -0.018217 0.337018 0.25144786 1.0
213.9920208500372 -5.439663674559663 0.004979 0.09483 0.25121185 1.0
244.87425544383333 -7.212219548827156 0.069399 -0.02765 0.28630248 1.0
213.72751782343562 -8.411505627923885 0.01894 -0.015989 0.23158765 1.0
270.13954343462996 -11.707944183675586 0.107319 -0.254682 0.29155508 1.0
332.60199555929535 -17.58959117654877 0.154119 -0.294393 0.33464265 1.0
206.87379561506577 -12.714867023998272 0.147915 -0.279815 0.1716291 1.0
211.01912516126092 -6.097415332277761 -0.291484 -0.237674 0.20124562 1.0
181.07740009635597 -4.434834598039807 0.327839 -0.592757 0.16542546 1.0
329.4896437298178 -11.660455625027472 -999.0 -999.0 0.3342295 1.0
291.0185378708829 -11.300650154082822 0.245818 -0.03678 0.27360865 1.0
343.0620952108037 -16.401213640400798 -0.139632 -0.357088 0.3242465 1.0
343.2133339662701 -16.718763364704188 -999.0 -999.0 0.32428238 1.0
368.0188644663104 -18.235410970308404 -999.0 -999.0 0.35397983 1.0
246.77547806297875 -5.063869402425495 -0.112542 0.070933 0.22148046 1.0
325.46423231440457 -0.9198808456855538 -0.162495 0.186256 0.3361182 1.0
276.3313211255749 -3.4400952802820286 -0.016466 0.011616 0.24948268 1.0
183.3899429962383 -12.054176687585697 -0.000997 0.441729 0.17741437 1.0
331.7155976954719 -28.958024329938166 -0.174826 0.064734 0.3179683 1.0
218.8278621217803 -7.932568809111975 0.021442 -0.177115 0.26610407 1.0
219.00874563402658 -7.519721149416779 -0.100784 -0.086449 0.2629808 1.0
263.3453028485322 -11.46750691862669 0.325204 0.186348 0.33587807 1.0
163.05062810124133 -5.788268143498083 0.38509 -0.493654 0.17343783 1.0
263.69434312455485 -11.90244691749349 -0.033746 -0.241073 0.32402298 1.0
224.80510261523457 -10.595926295101565 0.069206 -0.066611 0.22620459 1.0
297.44565837955537 -15.577159053024745 -0.182935 -0.181577 0.3153585 1.0
200.06203350640354 -11.99932230238317 -0.143722 -0.143752 0.17931241 1.0
201.62956776293944 -12.241007984446693 0.521896 0.103318 0.1785973 1.0
247.03077924929923 -15.776529249532535 0.165351 -0.436888 0.22402664 1.0
205.01863173159222 -4.896768809834381 -0.265496 0.365473 0.233045 1.0
217.12423717469935 -5.47789174037112 0.118971 -0.082542 0.23402487 1.0
215.54630978660597 -4.854496777417419 0.377434 -0.255715 0.23127016 1.0
167.14204306115988 -5.3693144617866695 -0.011701 0.161697 0.160833 1.0
288.2377133506786 -4.204582637622023 0.139096 0.085443 0.30895644 1.0
243.12999248570492 -3.15626911745989 -0.192192 0.070431 0.22173229 1.0
274.9872856181109 -3.6545211158464768 0.068323 -0.118704 0.25979933 1.0
276.9369935353892 -7.8965603288697706 0.346561 -0.103685 0.23574099 1.0
270.7692782288655 0.26225304562668483 0.118118 -0.215323 0.25336334 1.0
277.18050963539304 -0.44142666445288276 -0.251434 -0.187535 0.2517485 1.0
272.25343316072355 -43.94938814804907 0.11181 -0.052327 0.33730617 1.0
168.50230414808334 -27.782096687514255 0.23665 -0.062286 0.16720074 1.0
202.6005618220708 -32.01209520282049 -0.328805 0.093912 0.20495085 1.0
246.05936662112623 -35.30881665189726 0.55043 -0.333564 0.3253892 1.0
255.44142625794584 -36.874456710168225 0.372496 0.348271 0.33651605 1.0
234.10742894259707 -32.61787353172842 0.048349 -0.004926 0.29459745 1.0
196.0365693752687 -27.177559893833507 0.291095 -0.127583 0.22791058 1.0
172.31013879352014 -25.06273919347303 -0.019305 0.065687 0.17256723 1.0
166.17355368099453 -24.1661934474363 0.207438 0.12497 0.16168037 1.0
265.6293469851851 -37.122333527262356 0.268284 0.021881 0.29396567 1.0
270.3928399494636 -37.62426609309568 -0.417907 -0.153336 0.2941427 1.0
261.40550883128344 -32.63557758124243 -999.0 -999.0 0.30232355 1.0
170.58404652205166 -21.516384701409375 0.149626 0.051296 0.17305791 1.0
328.7467963107141 -42.03234031756993 -0.226178 -0.135649 0.31976664 1.0
207.10928272299844 -21.853194020964082 -0.702989 0.230365 0.2500079 1.0
159.89068032374487 -15.967758363129345 -0.204383 -0.195711 0.17463869 1.0
228.62643583308488 -24.6775509554264 -0.108332 0.156635 0.26923007 1.0
292.19303337125655 -31.860009142274517 0.253118 0.076999 0.31084675 1.0
260.5320731354936 -29.238596133610148 0.345448 0.274797 0.23624411 1.0
292.7007734953186 -32.898741993945784 -0.062765 -0.211853 0.27238593 1.0
228.67903724599944 -18.467083879780827 -0.112909 0.213007 0.2722171 1.0
259.34641708165606 -22.850830479604483 0.261633 -0.159235 0.29292428 1.0
272.5954563942586 -22.78280398521858 -0.137004 0.277357 0.30387014 1.0
328.64140008501477 -32.1646600545812 -0.555061 0.188701 0.31736293 1.0
330.8418482962835 -33.52757190630769 0.208751 -0.00112 0.31918797 1.0
259.32657152793837 -18.25405527264267 -0.122704 -0.054693 0.2914219 1.0
259.0813560584977 -18.459398887253997 -0.228071 -0.039607 0.28925735 1.0
265.8937923507038 -18.336794699211616 0.084267 -0.122752 0.2902523 1.0
281.6334280718878 -20.07431197402457 0.366137 0.12947 0.29676557 1.0
253.72169945508224 -18.086727460735187 0.196512 0.211089 0.2545807 1.0
182.8163991371627 -13.720031175838868 -0.244183 -0.138239 0.1637242 1.0
259.42878614653864 -19.13914223047584 0.165211 0.098885 0.25594807 1.0
201.69665155458256 -15.17479474126649 0.07365 0.05894 0.17777787 1.0
308.0660889343145 -24.42046763294053 -0.204569 -0.125751 0.30315188 1.0
326.9867288072244 -25.846688353192523 0.057076 -0.153309 0.31646088 1.0
178.67188753921695 -26.67977978039818 0.070447 -0.149399 0.17323296 1.0
237.66083422102906 -36.12750875193663 -0.241452 -0.294657 0.22860317 1.0
321.4136876526735 -50.19125404708236 -0.461435 0.048457 0.3127027 1.0
270.255792122502 -36.0931249879918 -999.0 -999.0 0.33661333 1.0
257.38745343616705 -34.816231821864825 0.085736 0.011669 0.2935934 1.0
238.33147178382924 -31.59805309904144 -999.0 -999.0 0.23145169 1.0
270.36682083032053 -36.41188964691056 -0.244984 -0.242712 0.26288188 1.0
277.777848530835 -32.38577296288804 -999.0 -999.0 0.34377116 1.0
278.6585952633827 -30.99880273134481 -0.022006 -0.251981 0.3300803 1.0
232.41534821637643 -27.408368028643487 -999.0 -999.0 0.24495187 1.0
266.20216993715206 -30.14640630439741 0.15375 -0.467697 0.28693444 1.0
230.96440529724072 -26.87728286107164 -0.029432 -0.09497 0.22970213 1.0
194.8213945360561 -22.29084058264212 0.100593 -0.058931 0.17750686 1.0
309.0405044701753 -37.696429574673026 0.032785 0.235187 0.3117377 1.0
264.62529326619944 -24.990524555090875 -999.0 -999.0 0.32275972 1.0
188.41453871950839 -17.31011886482593 -0.109612 0.147824 0.19295631 1.0
259.69687288796433 -24.599048413578068 0.035263 0.291171 0.29091415 1.0
237.27974453105892 -22.83175783685562 -0.163356 0.233653 0.24732295 1.0
225.43460587302778 -22.27052477253274 -999.0 -999.0 0.21733864 1.0
193.88212605537433 -19.204604137655437 -999.0 -999.0 0.17778146 1.0
195.71613812537882 -19.867795720928164 0.193027 -0.247923 0.17765476 1.0
328.3290313412405 -33.75600144064109 -0.520943 -0.005899 0.34843272 1.0
303.9461238954177 -31.50391665389563 0.12905 0.294515 0.30789396 1.0
317.0029614304706 -33.279584202624264 -0.00614 0.081193 0.30812547 1.0
231.33773269731725 -17.10458213643313 -999.0 -999.0 0.25057375 1.0
260.30076697645586 -21.366833571151783 -999.0 -999.0 0.29043818 1.0
236.9063319427209 -18.737598280154266 0.076287 -0.064235 0.25067577 1.0
178.23384275339765 -15.174662295453333 -999.0 -999.0 0.1629277 1.0
269.36177254146793 -25.473136465953615 -0.573934 0.028753 0.23747832 1.0
266.3462188534467 -70.28785081122074 -0.443401 -0.252551 0.2860258 1.0
318.72899569163394 -81.42627794190328 -0.1257 0.021386 0.35262924 1.0
305.17022324137133 -76.81584769298762 -0.009827 -0.691542 0.32288992 1.0
286.9540785953824 -72.70820712224668 0.08558 -0.087485 0.29164284 1.0
175.00939794844726 -42.19094738872433 0.073065 -0.382394 0.16304149 1.0
244.29110677899376 -57.12871454958659 0.257619 -0.057414 0.22819981 1.0
225.92165615476276 -49.907351378185425 -0.149221 0.466078 0.21756995 1.0
301.93481508628787 -67.22940222129147 -0.207253 -0.196436 0.32265812 1.0
305.0083414324874 -67.6461563146673 -0.323115 -0.386561 0.32306874 1.0
229.74045672558861 -50.72807067607194 -0.688132 -0.092972 0.20596533 1.0
237.16058617006743 -51.43032851523953 0.10706 -0.15626 0.21303743 1.0
268.07143580686386 -58.83959556215976 -0.047627 0.015338 0.3360116 1.0
281.06844699919355 -58.18663295085628 0.35139 0.006026 0.2915995 1.0
317.01060888253704 -64.66020906253132 0.039781 -0.328987 0.31937662 1.0
240.26027051748167 -47.6331625735036 -0.018521 0.196048 0.21566877 1.0
282.1212627674952 -54.51539584674549 0.284451 0.03085 0.32397336 1.0
172.97518646243904 -32.817075433268336 -0.022518 -0.233678 0.16298828 1.0
285.28483282973235 -53.832214179351794 -0.256857 0.200366 0.31056982 1.0
313.97526381346535 -59.2027654278897 -0.125912 -0.079065 0.35549372 1.0
245.2723675992542 -45.594809976913396 -0.032342 0.334803 0.24843204 1.0
250.29264496041947 -46.83605289954805 -0.199406 -0.021091 0.24642524 1.0
313.5539430608093 -57.81313133130521 -0.089468 0.044282 0.32475945 1.0
293.7250169980447 -53.333103122633744 -0.306426 0.129066 0.28115407 1.0
250.87709760721975 -43.20168540686185 0.302321 0.25239 0.25152516 1.0
293.88089347862734 -51.10965063691405 0.360891 0.052648 0.30692106 1.0
236.18518639099383 -40.334731125658536 -0.278907 0.711969 0.214165 1.0
257.32275523943775 -43.21105952332305 -0.280693 0.30225 0.23827396 1.0
232.81768481616055 -40.8950723261889 -0.077084 -0.588048 0.33501747 1.0
241.92994209566626 -41.69183613198181 0.310274 0.284679 0.33459362 1.0
211.45893953182457 -36.670870907331704 0.108598 -0.067739 0.2749433 1.0
148.0364676893869 -25.59559007730116 0.1113 -0.143465 0.16954592 1.0
221.47430922750698 -33.53388367370928 -0.156392 0.370778 0.30102444 1.0
221.70625068792805 -35.690869853079434 -0.199294 0.180348 0.29871708 1.0
151.16082175762503 -22.644021311348183 -0.114652 0.172131 0.17510477 1.0
176.34143714503602 -22.898968940819476 -0.065138 -0.137813 0.22643033 1.0
188.73979150144507 -25.710214052227332 0.140993 0.125128 0.22776775 1.0
194.08537932036498 -25.58928393630281 -0.110073 -0.091158 0.22713499 1.0
228.37498646675024 -31.01729253942427 -999.0 -999.0 0.27089435 1.0
190.0039866835735 -21.881652376258494 0.152939 0.092137 0.2272857 1.0
251.30262972295606 -29.321007327505377 0.249362 0.273239 0.3210409 1.0
243.77103572384308 -23.080456494009262 -0.049617 0.042508 0.3495985 1.0
233.5792230968292 -22.127690389470544 0.127896 -0.504972 0.32620367 1.0
261.30142745430766 -23.103477607227113 -0.175371 -0.116126 0.3446031 1.0
262.624784112933 -23.363042923327257 -0.395147 0.206769 0.3466513 1.0
258.9102254028522 -24.14185280024049 0.027129 -0.058638 0.33874097 1.0
212.8471580850686 -14.092145503623335 -999.0 -999.0 0.27841645 1.0
209.78168396345623 -14.873614277733918 -0.211462 0.088232 0.25568274 1.0
193.1714632347131 -13.703007831023504 -0.276378 0.361863 0.21697533 1.0
232.12547207462384 -63.15442619067407 -0.011538 -0.064651 0.26780254 1.0
234.5065303512171 -64.24158689767523 0.043634 -0.082758 0.26955563 1.0
231.41553835244213 -53.99443370890911 -999.0 -999.0 0.35519588 1.0
133.040505070259 -31.710280887710546 0.283936 -0.017136 0.16557391 1.0
219.28959600063087 -50.17313214045099 0.188777 0.46331 0.32196635 1.0
186.94466036967864 -43.30915063756189 -0.510982 -0.11754 0.2484522 1.0
229.6523657619092 -52.601461469187065 0.096668 -0.094784 0.33032677 1.0
229.97164719759792 -53.90732422582384 0.27572 -0.289513 0.3312417 1.0
205.2733411362637 -46.77844373602389 0.011075 0.068759 0.26382563 1.0
245.3711584816984 -55.54187432235361 -0.220987 -0.216038 0.3413201 1.0
240.0363147455652 -49.897808403994425 0.083906 -0.458548 0.33816415 1.0
243.85847584713468 -50.184064259328245 0.151335 -0.241816 0.33740243 1.0
151.20583143089712 -27.67582903818891 -0.097679 0.014304 0.16962405 1.0
209.4693859782851 -38.3118513949117 -0.190805 -0.037951 0.25219256 1.0
231.18203056078306 -39.74757910814391 -0.527018 -0.315037 0.24925423 1.0
265.26563554245513 -44.96353623771152 0.252195 0.030701 0.29477122 1.0
305.2921868291527 -90.65823648708422 -0.298682 0.258072 0.35066667 1.0
193.35671705146277 -55.431507612560296 -0.152768 0.151517 0.19959415 1.0
175.04995903191772 -48.45645202004263 0.01496 0.026293 0.16336542 1.0
203.4574150797097 -56.534392866160516 0.033455 0.028609 0.19240822 1.0
206.1246839726075 -58.47968949916977 -0.14513 -0.028098 0.22457652 1.0
243.43015649798494 -65.50014210252299 -0.053266 -0.0964 0.260602 1.0
301.2716046062367 -80.64129200753429 0.090581 0.08591 0.320602 1.0
258.9209242718502 -69.55839557114604 0.134653 -0.203416 0.34119418 1.0
256.3047132157702 -66.48580032190353 -0.09313 -0.190399 0.30510622 1.0
258.73551524585145 -66.27809118383156 0.338999 0.042371 0.2872672 1.0
224.7289194257061 -57.779054819727136 0.40087 -0.288253 0.23809472 1.0
294.2088473383464 -74.11250430964108 0.240312 -0.086497 0.31732714 1.0
303.7978824236067 -76.09162467152971 -0.126414 -0.032372 0.31891364 1.0
209.20900468388623 -53.092903403246204 -0.49564 0.563902 0.26625654 1.0
230.39757540152067 -55.373077263238315 -0.537766 -0.058581 0.25188124 1.0
323.8776936032741 -74.04291367657457 0.145007 -0.037251 0.35294417 1.0
184.8196215375028 -41.488921620204785 -0.212437 0.151583 0.16077 1.0
199.4580415536133 -48.390014803657884 0.26036 0.468554 0.28132302 1.0
225.44782897929355 -54.93854788256634 0.138155 0.093263 0.32291895 1.0
206.51539957841868 -50.535125397327974 -0.008149 0.072337 0.28312013 1.0
144.51838826251154 -33.35982974584055 -0.031772 -0.132204 0.16928905 1.0
244.80430098315088 -58.47083544378214 -0.226569 -0.136351 0.34176683 1.0
208.17239810461822 -47.84379284705981 0.420189 0.107297 0.2671677 1.0
237.0290123849049 -51.584772197692814 0.141695 0.082322 0.24978368 1.0
208.25502655402545 -45.74818073933733 0.202039 -0.109264 0.20954397 1.0
286.356925842572 -60.23610757108905 0.088889 -0.403405 0.28032458 1.0
237.62099320337015 -51.292860685166914 -0.041221 0.259037 0.3292555 1.0
244.6976219021933 -53.16738048884915 -0.153933 -0.064471 0.3385958 1.0
246.56861665158434 -51.67564617138092 0.447494 -0.498363 0.34079918 1.0
240.35669262216604 -50.688461774597826 -0.039208 -0.142342 0.29930705 1.0
277.4176997676584 -55.3790664224819 -0.427003 0.356493 0.34625706 1.0
271.234131752765 -53.35029621685619 -0.201387 -0.10762 0.302438 1.0
254.22433687974095 -50.30712541783621 -999.0 -999.0 0.26897135 1.0
183.71855599077182 -36.70532912184382 -0.151705 0.23725 0.17617673 1.0
285.88377752703394 -55.061998834385285 0.036255 0.126814 0.2943749 1.0
239.52810472197703 -46.51946054376216 0.340118 -0.129684 0.21497597 1.0
137.44710039507012 -27.170119689945587 0.052477 0.304462 0.16360752 1.0
260.4913368649325 -47.76190828710378 -999.0 -999.0 0.33933404 1.0
165.1547348459081 -30.82035068143811 -0.122275 -0.259881 0.17066482 1.0
282.49238943610203 -52.228001775230055 0.208368 -0.033318 0.32301828 1.0
229.7109763784588 3.2327731370473285 -0.392048 -0.052797 0.2841965 1.0
256.011991454936 4.215081427992595 0.293903 0.125415 0.2958198 1.0
329.5020289322446 3.8710300978605985 0.00799 -0.001609 0.32613796 1.0
343.28792557871907 -0.6796049662987648 0.065303 0.141738 0.32627794 1.0
274.2340891304281 3.955871044081904 -0.045959 0.091434 0.2400635 1.0
264.7667756856588 3.3102321382314592 0.196993 0.109707 0.28717384 1.0
267.0943115126605 0.5324039138386394 -0.143473 0.673325 0.25914848 1.0
347.9246111367025 0.86950620434575 -0.248515 -0.278819 0.33794612 1.0
214.0478494287341 2.2965984612918713 -0.09442 0.349869 0.2686131 1.0
224.18334767635386 3.743105321594472 0.260989 0.147131 0.24604706 1.0
351.71711020431144 2.9903743736028647 -0.14366 0.389069 0.3379455 1.0
371.4722515359543 -0.7694128680249582 0.288173 0.075411 0.34545943 1.0
248.5927501153148 3.198556686668526 -0.168499 0.101158 0.20753968 1.0
252.17289713188995 0.22576925790683872 -0.265503 -0.532177 0.34494337 1.0
220.84715330354518 0.7719856618476989 0.001475 -0.360937 0.28277934 1.0
265.19157879550266 -1.096136793011944 0.053804 0.393473 0.34355137 1.0
209.48640111418916 -1.7284529615066957 0.008458 -0.29272 0.24238056 1.0
190.3057921900513 2.9905386560304152 0.241109 -0.022281 0.2248505 1.0
212.9953059277791 2.757882225005364 0.335996 -0.144293 0.24887821 1.0
220.1461957613033 2.439663251860187 0.048249 -0.18971 0.24795409 1.0
222.33626533175578 1.178683419554137 -999.0 -999.0 0.24671847 1.0
227.4937986885631 0.007248508991116225 0.130605 0.07195 0.24291994 1.0
314.28699324660585 2.5217064886639236 -0.030524 -0.274035 0.3376957 1.0
202.04525835871402 -0.37612270783663787 0.414828 0.060416 0.1813218 1.0
203.4058639149938 -0.0930061230015016 0.0478 0.100609 0.18261355 1.0
310.4992748444896 7.239742953467214 -0.031883 0.214373 0.3464838 1.0
250.8965751279626 -3.0774615742154325 -999.0 -999.0 0.34556577 1.0
260.92413866576925 -1.8237865666944764 -0.255922 0.331335 0.28916362 1.0
273.81772161106693 6.868438047150157 -0.240415 0.12549 0.35145667 1.0
221.01895524034316 3.1913406510061186 0.268174 -0.227433 0.24968712 1.0
295.6835261800116 1.222550043608597 0.098189 0.255901 0.34482494 1.0
260.90936872818384 0.8293232584520881 0.909708 -0.023945 0.28706694 1.0
278.2637896303801 1.006126467779833 -0.361386 0.04085 0.3035734 1.0
265.78716113014394 5.027756777873597 0.029713 -0.123136 0.28633836 1.0
340.48367895821184 -1.9220611271124644 0.050166 0.071311 0.32685634 1.0
252.59637158741887 38.687648503778185 -0.028144 0.198477 0.280566 1.0
253.30759748385287 38.63633561748111 -0.095841 -0.042997 0.28084904 1.0
272.1026700777939 24.624089840427946 -0.17816 -0.546282 0.24112205 1.0
337.5202699707351 23.81573702398509 0.101878 0.052474 0.2944504 1.0
326.27859282219265 27.510966544911895 0.00176 -0.013622 0.35440442 1.0
240.50060247903195 14.467393311793588 -0.209395 0.074653 0.20442744 1.0
325.52483686867873 20.2176384312112 0.036368 0.444662 0.3091218 1.0
317.67898918770385 18.74423388282023 0.037605 -0.275864 0.29904646 1.0
239.29414401277188 21.54111889869535 0.552135 0.205532 0.2156383 1.0
252.81126058142857 21.11778719423805 0.107416 0.062044 0.23051392 1.0
290.7622090224338 19.768014476420717 -0.17533 -0.141042 0.25702003 1.0
254.46704177163213 14.572313401367865 0.230049 -0.070302 0.27137986 1.0
244.62490527888974 12.575862622643067 0.409527 0.281928 0.24215786 1.0
324.808055294192 9.176853337775501 -0.394846 0.603273 0.31072706 1.0
316.23541867261736 7.661428379567398 0.1272 -0.214474 0.29074973 1.0
248.234540359469 16.746364156527545 -0.016564 0.215389 0.24549718 1.0
287.38749086022534 28.900721315444777 -0.217914 0.088546 0.3273697 1.0
262.4335017856377 41.65304345022918 -0.118056 0.3358 0.32196108 1.0
256.9314298514524 8.770556336472213 -0.2782 -0.241003 0.26620498 1.0
271.8393850283757 14.80904998625447 0.243211 0.205174 0.29546285 1.0
316.5054730607295 10.813012842716956 -0.027703 0.179453 0.31789884 1.0
247.43573395766734 15.894148691031603 0.416973 -0.057963 0.24522498 1.0
285.65669746930513 12.773855438369797 -0.027924 0.079062 0.27669042 1.0
333.98644089594274 12.185586775214354 0.194517 -0.018233 0.31865385 1.0
335.72520923317546 12.55650064684192 -999.0 -999.0 0.3197684 1.0
347.44079241420064 10.379921796249885 -999.0 -999.0 0.32632464 1.0
369.48293967918823 13.516885988480098 -0.166042 0.250999 0.34208864 1.0
275.0110149654318 36.23514457326404 -0.488201 -0.242341 0.34935164 1.0
291.4504577437474 32.31782420237065 0.181509 0.371898 0.33298177 1.0
282.74006610848886 25.542110294005507 -0.039675 -0.185814 0.28978282 1.0
253.78472563781708 22.357963463735675 0.136925 0.031502 0.24717754 1.0
324.10549067581235 26.624985779148393 -999.0 -999.0 0.34053406 1.0
290.0166684835078 19.36411122746909 -0.121339 0.055997 0.26515853 1.0
256.4310072013834 17.072696102677778 -0.179052 -0.18024 0.21666998 1.0
328.33615837332417 16.044600294052668 0.287944 -0.347712 0.28128865 1.0
299.61626369030023 37.70000156003468 0.814492 0.04069 0.34608728 1.0
328.23732494986996 32.034295904011415 -999.0 -999.0 0.3401866 1.0
214.7405681215212 16.79066597311617 0.003977 -0.03311 0.17507397 1.0
280.74314121466665 6.914253008293799 -0.245449 0.080676 0.33571926 1.0
244.41779432331998 8.995183109608844 0.080796 -0.410466 0.26979804 1.0
289.10664633107643 3.5523728576177698 -0.230425 0.135873 0.28718135 1.0
258.53399491833034 12.93652372989719 0.533211 0.231181 0.34164846 1.0
224.75741984759912 22.66116666950558 -0.143727 0.645121 0.19619964 1.0
281.9140804515248 19.448743629838088 -0.160297 0.171764 0.22743188 1.0
285.132024634735 18.77151898947804 0.037609 -0.116227 0.22905114 1.0
248.96241640576045 9.016361160385296 -0.053011 -0.004866 0.20628422 1.0
296.71680298641445 9.452097064071639 -999.0 -999.0 0.25268015 1.0
306.4008972512465 28.836050671723722 -0.073444 0.003459 0.34589237 1.0
297.6027176546965 26.827766980301984 0.047417 0.403634 0.32576355 1.0
260.97778718131553 20.150361461809286 0.073761 -0.189776 0.24768037 1.0
247.90072583262295 12.562791969641847 0.310946 -0.255778 0.20669957 1.0
249.34948071931686 12.379108908486463 0.136391 -0.044914 0.20624988 1.0
254.78587150098892 13.988947778757874 0.105611 -0.037545 0.21006428 1.0
228.45422164641587 22.539445595840704 0.232402 0.046327 0.21676615 1.0
256.19998909242867 25.718870855838965 0.375344 0.228989 0.24703793 1.0
257.16707434954606 25.218262505876236 0.079979 -0.043058 0.24882762 1.0
242.0072353477422 20.702718417871502 0.094984 -0.324521 0.2166498 1.0
258.0922658461788 21.580050118188858 0.063857 0.290176 0.232168 1.0
216.72487912303262 16.772670110872642 0.127432 0.077592 0.18409564 1.0
333.61618411482254 21.447076420386203 -0.159993 0.290983 0.29535472 1.0
242.44336870376026 14.515901687331768 0.011259 0.055756 0.19017619 1.0
378.8360767743842 20.971129118347744 -0.251735 -0.011749 0.34347135 1.0
242.03626384491872 12.713622571388983 0.248597 0.272 0.1863682 1.0
212.61099220714223 10.015590854636939 -0.158307 -0.141349 0.22135846 1.0
242.7683800513754 8.178873621796235 0.264701 0.033057 0.24181005 1.0
285.4558109995804 10.368083074198237 -0.293552 0.228766 0.29902706 1.0
318.6884842904473 9.12127318694409 0.241912 -0.305402 0.33560362 1.0
211.7048631205491 17.964420636775923 -0.065421 0.167693 0.2406984 1.0
219.1282560083328 18.046090661215796 -0.207579 -0.315976 0.24695113 1.0
252.43171449982316 20.434584351823187 0.06212 0.063845 0.29650947 1.0
254.47104934397328 18.53052557091877 -0.235847 -0.379499 0.2960102 1.0
281.4348913144014 20.309366627415425 -0.213205 0.661197 0.34243155 1.0
284.29158218830145 21.60647241858486 0.068292 -0.155389 0.34337002 1.0
200.73035006848798 14.292973223158949 -0.202526 0.106349 0.20378412 1.0
299.7866313134832 19.61795624172852 -0.409478 -0.112998 0.34347156 1.0
269.9927704891048 15.63650175347318 -0.030481 -0.081609 0.29392028 1.0
257.6496524129626 15.48621964844904 0.242909 0.058442 0.27218464 1.0
276.69630880048146 15.361128044148149 0.015717 -0.274283 0.29265213 1.0
244.9783427956971 12.705615631023937 -0.160638 -0.144254 0.24311867 1.0
198.7546577417861 6.508144110766853 -0.061926 0.266528 0.16289195 1.0
323.5568953957664 10.557984542115246 -0.007241 -0.011885 0.30959228 1.0
347.3584306510329 10.69341861277203 0.031503 0.190111 0.33859316 1.0
269.8351469382452 25.785805480225477 -0.060072 -0.130442 0.31949246 1.0
256.1116563097633 19.508732755219402 0.303053 0.006212 0.27279356 1.0
305.7688880428005 20.560549142270265 -0.029793 -0.164801 0.33112213 1.0
306.72089233487804 22.111179813003485 -0.224451 -0.094066 0.329102 1.0
334.94756876706793 20.681422981156185 -0.035585 -0.007304 0.357566 1.0
331.3934430031367 16.504196903319034 -0.086516 -0.224547 0.33078018 1.0
334.5078307886986 14.741010098319512 -0.115876 0.089649 0.3295056 1.0
340.24675086133897 14.652483774365647 0.070628 0.273731 0.33479133 1.0
218.84653965875262 27.729049345574737 0.089662 0.020836 0.25057465 1.0
255.93991964934733 27.80738871231098 -999.0 -999.0 0.28457755 1.0
289.1785146681216 28.426412819408338 0.029588 0.131619 0.33387363 1.0
222.59218397760358 22.288336044409178 -0.247633 -0.27569 0.22427063 1.0
233.7601035885414 32.94170977815791 0.00348 -0.094907 0.26911104 1.0
289.7525218728626 34.76274064197997 0.176301 0.049479 0.3326204 1.0
221.35379093791292 25.17537169629311 -0.092557 -0.426024 0.22236075 1.0
213.61541198638756 12.911737703426487 0.058038 -0.076311 0.24811178 1.0
215.35384346814945 12.510172649140701 -0.219927 0.007853 0.2485492 1.0
265.3569075944706 14.66960538381874 -0.145803 -0.225941 0.2860476 1.0
266.5933222554253 14.43378594828595 -999.0 -999.0 0.28610015 1.0
242.90285999200952 11.219646601814846 0.035979 0.104749 0.24043559 1.0
328.3432288459414 9.205603786853466 0.032805 -0.058536 0.3280492 1.0
294.92348252958766 7.433054748357989 -0.125015 -0.101215 0.27477157 1.0
207.20615412121293 20.372609334027135 0.226278 -0.090969 0.24180101 1.0
241.1185407140538 23.36527249763066 -0.137331 0.38724 0.2947396 1.0
203.9829521915519 19.232960613174317 0.443063 0.039166 0.22782224 1.0
204.09015883058206 17.581334738993583 0.217127 -0.176929 0.22435473 1.0
273.43805329706754 17.752557820402018 0.040882 -0.23854 0.29550934 1.0
274.33773082686935 16.460133504732195 0.121487 -0.229762 0.2895759 1.0
254.62706508039076 16.322168259788864 0.043189 -0.309474 0.25482315 1.0
233.74820857181172 13.969590683147208 0.09692 0.199565 0.2231668 1.0
253.4458055727058 13.109295301779339 -0.068964 -0.118483 0.2423457 1.0
220.63973162978297 11.670001263562495 -0.096802 -0.137928 0.19773847 1.0
287.57236729620195 14.415715466716605 0.326792 -0.055974 0.27729374 1.0
260.6742915878719 11.9766994058118 -0.155681 -0.184141 0.24172692 1.0
319.53172358235776 12.88179361419441 0.064752 -0.112387 0.30323797 1.0
348.77463081596795 11.53862706651964 0.308142 -0.132434 0.34069097 1.0
353.4243058637366 11.131776106288639 -0.169279 0.03138 0.34054157 1.0
366.36436813613466 12.183641892154647 0.011726 0.04802 0.35887673 1.0
378.6125861603812 9.12311185137196 -0.009481 -0.266609 0.35476118 1.0
249.84448727680842 19.84414186541709 0.329534 0.274481 0.2481408 1.0
314.65613619454194 24.504238549959403 -0.25028 -0.045392 0.33913258 1.0
256.87485099136853 18.580798513767203 0.349482 -0.534786 0.24765472 1.0
247.68412414224403 14.205068656767736 0.184072 -0.062725 0.21545884 1.0
360.5297130417949 16.01560515983383 -0.084732 0.204953 0.34182855 1.0
270.3479058139677 12.001723369960123 0.021397 -0.043295 0.2239043 1.0
262.5983852672053 11.018938094592185 -0.342245 -0.265716 0.21248122 1.0
272.93601767493305 9.85595466201618 -0.085541 -0.102713 0.22269157 1.0
271.93040683467405 35.964778289199195 0.057117 0.43687 0.33642286 1.0
211.98117937270507 23.82656589854082 0.303577 0.035188 0.22155237 1.0
183.96358138875638 20.855823645637866 0.220003 0.200935 0.18151398 1.0
298.3377723680405 31.985144390070797 0.204727 0.197525 0.33449653 1.0
274.74671306570735 27.988113349973823 0.228767 -0.008402 0.29658586 1.0
223.20942803452442 22.68823253171492 -0.071684 -0.066778 0.21807534 1.0
254.89871908783613 22.843901675081757 0.108181 0.098152 0.24841203 1.0
330.1015274736719 26.13799527585424 -0.269531 0.20959 0.34119415 1.0
292.3267620846074 22.99634192457445 0.005753 0.05331 0.27761996 1.0
237.0581414799906 18.221257710890036 -0.027477 0.113228 0.20679808 1.0
339.76811228916165 23.638680467980365 0.123269 0.184909 0.33911613 1.0
322.9195453784875 21.65397754972485 -0.20398 -0.368854 0.30845308 1.0
352.0303502325044 21.8012426546335 0.096252 0.005073 0.33924535 1.0
290.64461060664325 17.6022982240822 0.526227 -0.340265 0.2567586 1.0
371.05714334431667 20.30095888477915 0.288406 -0.05285 0.34269622 1.0
286.22287906244753 38.11290408049983 0.290195 -0.183375 0.33241767 1.0
282.1704526525417 36.86912870189967 0.219117 0.588995 0.32731104 1.0
286.74530912445044 37.82570637563204 -0.213772 0.092127 0.33041382 1.0
216.49516135151504 28.2504418440728 -0.138027 -0.139654 0.221695 1.0
291.20600207554764 36.51489054826463 0.363291 -0.221115 0.3332996 1.0
326.0995900399305 32.038700414632764 -999.0 -999.0 0.33955675 1.0
239.20207025299595 20.309715170402242 -0.403196 0.417739 0.20217292 1.0
222.06273391220967 5.9311077231429525 0.180686 -0.055248 0.247534 1.0
240.0213917640608 6.396377706378783 0.02563 -0.026814 0.2733712 1.0
194.31220295419192 4.854117053397245 -0.085731 -0.068998 0.20548566 1.0
194.36852151886154 4.642014702011164 -0.137803 -0.279142 0.20536494 1.0
267.1578361292739 3.7670802917441133 -0.011275 -0.015491 0.26021242 1.0
328.18074969793224 5.681384523820475 -0.051865 0.057047 0.3494616 1.0
220.49636889198683 1.3815813460530173 0.405172 -0.087717 0.23146793 1.0
261.90851454909875 12.570901264503082 0.000922 0.118421 0.35475636 1.0
219.08095739378317 8.08521730059905 0.010535 0.249841 0.24896045 1.0
240.36729106286174 8.747212033745559 -0.133864 -0.030913 0.27078858 1.0
280.01547466321585 8.03327399863354 -0.446413 -0.150726 0.33571425 1.0
218.71170050125218 5.5315846543873 -0.131217 0.072991 0.22136685 1.0
265.7228268321831 9.300943907433549 -0.184732 0.257791 0.339521 1.0
254.96163295294494 14.114519109561986 -0.219165 0.153206 0.33860478 1.0
232.05813417023333 11.605909738465517 -999.0 -999.0 0.28473106 1.0
