X Y e1 e2 Z WEIGHT_SEEING
-191.75548287101628 -167.91236036487584 -0.188537 0.795307 0.2871773 1.0
-179.95466200922056 -188.45863059279066 0.219171 -0.095503 0.34657553 1.0
-155.86898350740313 -158.18023378167058 0.135304 0.052077 0.2769429 1.0
-163.1965726571295 -163.50750864355757 0.095372 -0.033418 0.30385202 1.0
-138.11951881399048 -139.10525955516835 -0.446487 -0.549036 0.24388792 1.0
-130.6872216900949 -140.42249765409312 -999.0 -999.0 0.24657995 1.0
-201.987538517135 -174.12274410633952 -999.0 -999.0 0.34731263 1.0
-148.03306263302517 -129.9073551967778 -0.054488 -0.458928 0.2301474 1.0
-166.7599898344414 -166.39300326971036 -0.738523 0.186078 0.32563043 1.0
-124.46886475777137 -136.80945032104967 0.067859 0.063606 0.24989006 1.0
-163.74359800723164 -128.37703188579533 -0.212627 -0.18036 0.23570378 1.0
-187.0625352589403 -165.03205011692344 0.057475 0.013196 0.34061974 1.0
-143.63825316620273 -154.62063290710546 0.142002 0.187918 0.3097796 1.0
-127.16997301187104 -147.9706160286689 0.384965 0.064967 0.29211614 1.0
-153.90095724152587 -144.25759812827525 -0.152037 0.198194 0.29107326 1.0
-167.69749313674834 -161.08861153994047 -0.02285 -0.019466 0.34092984 1.0
-181.55441941696301 -200.09840279815748 0.196213 0.011343 0.34006304 1.0
-165.21932058170106 -191.53164433920264 -0.530608 0.12792 0.3168428 1.0
-149.66206457570513 -156.69839814415928 0.011235 0.220792 0.2481441 1.0
-184.4690310038422 -201.97630042004178 0.195866 0.064948 0.35568464 1.0
-191.1848445018538 -208.84913786513215 -999.0 -999.0 0.35429668 1.0
-137.75979482269184 -161.36476852596806 0.052028 0.180394 0.2455223 1.0
-118.78562379604531 -121.38449497301526 0.005035 -0.170201 0.17465137 1.0
-151.4419119275894 -173.26631628371047 0.023619 -0.195862 0.28265318 1.0
-129.13183313538357 -151.29372428673196 0.107491 0.001248 0.24189012 1.0
-128.9207332860334 -150.31700075182792 -0.461742 -0.180457 0.24125776 1.0
-211.16972790482572 -172.928987994945 -0.163247 0.553611 0.31948858 1.0
-150.94989038465974 -143.83939258183753 -0.096281 -0.027201 0.24876246 1.0
-175.56745062489662 -170.523028623638 0.178183 -0.1715 0.32016504 1.0
-162.97068704280568 -164.57823215445922 -999.0 -999.0 0.3040806 1.0
-171.88994298429168 -178.28776705187096 -0.566739 0.163448 0.33873895 1.0
-155.1299204016592 -146.36163752555916 0.071741 0.024364 0.26780596 1.0
-155.55710744580102 -146.73771392481666 -999.0 -999.0 0.2688698 1.0
-216.7936329789631 -167.26827971115006 -0.098051 -0.398992 0.33132008 1.0
-203.99088940121288 -170.64535523957474 0.077999 0.046853 0.341193 1.0
-198.26543299909667 -167.75003051961562 -0.218068 -0.374307 0.33842704 1.0
-163.04896487245844 -156.34283553652227 0.033408 0.051268 0.30654627 1.0
-205.30943128154976 -151.23379670762213 -0.063171 0.011772 0.2939254 1.0
-227.95207220849218 -165.41594841873575 0.167545 0.267543 0.35933667 1.0
-182.46739947327862 -138.63050990751455 -0.134414 -0.161438 0.27520502 1.0
-181.35733276416317 -140.53305119536205 0.29867 -0.04214 0.2800394 1.0
-153.99634632599745 -181.0703075125034 0.17089 -0.158471 0.33701357 1.0
-149.5467109679826 -183.91115752556482 0.307322 -0.434813 0.34221283 1.0
-154.02541783767222 -177.6925373321264 0.284918 0.227071 0.34516203 1.0
-145.901007292001 -152.78373191917888 0.355466 0.128224 0.284205 1.0
-137.21535376762318 -159.5486185236684 -999.0 -999.0 0.32333273 1.0
-167.8123650991394 -163.61145891097345 -999.0 -999.0 0.3414051 1.0
-168.53306641164727 -153.06478553190126 0.139241 0.218266 0.32782993 1.0
-173.6838495161063 -162.19465869831086 0.229763 -0.129456 0.35970154 1.0
-143.9152887436625 -141.74975201047732 -0.461956 0.513193 0.29123682 1.0
-175.16290701419425 -159.80280692950944 -999.0 -999.0 0.35769024 1.0
-215.25534021902075 -145.99877486743313 -0.148225 -0.060288 0.3114379 1.0
-200.68004364993382 -135.34796032207367 -0.159685 0.036937 0.275038 1.0
-179.8841464895486 -129.3214123377262 0.13998 0.139208 0.2620628 1.0
-192.30575040150666 -153.17235707486603 0.06072 -0.191691 0.33762553 1.0
-174.54086196867866 -141.21150668720668 0.043593 -0.344413 0.29886258 1.0
-196.86934421367442 -133.66654311048248 -999.0 -999.0 0.2831293 1.0
-129.00595374728914 -112.1836164893762 0.099998 -0.442781 0.17061813 1.0
-190.58714521072613 -169.31697260566233 -0.253219 0.204426 0.2879128 1.0
-172.55139302415512 -185.6619644892222 -0.16051 -0.239383 0.3414569 1.0
-135.11193626954238 -149.05787054753753 0.015223 0.114042 0.24691887 1.0
-153.53618150798576 -183.3993328432058 0.12881 -0.138301 0.3364558 1.0
-115.24509965657802 -108.82666059392173 -999.0 -999.0 0.17143638 1.0
-171.09368615244156 -162.05125606057783 -999.0 -999.0 0.28872874 1.0
-183.2473945899014 -185.90711624826963 -999.0 -999.0 0.3505623 1.0
-113.86583206950577 -124.50930035820625 -999.0 -999.0 0.20399642 1.0
-116.76978395155702 -136.1101255909029 -0.153045 0.129076 0.23034944 1.0
-164.4764968715407 -130.41943414244886 0.102095 -0.17346 0.22106525 1.0
-199.79050459581848 -172.95371069726943 0.198995 0.164311 0.32523957 1.0
-194.68521623681679 -176.07774705409093 -999.0 -999.0 0.34162962 1.0
-191.2165298149592 -175.44878257406538 0.49679 -0.299059 0.33705086 1.0
-157.09513719061727 -150.92449409726228 0.024726 0.080077 0.27074254 1.0
-178.91019685302268 -175.80705854050083 -0.18967 -0.201438 0.33775303 1.0
-92.08125599187258 -108.7450379776914 -0.141989 0.014304 0.18057333 1.0
-166.69680935765456 -128.41915763862744 -0.045921 -0.194092 0.22209127 1.0
-230.53727577013146 -176.27325310156337 -0.134239 -0.008723 0.3501105 1.0
-192.92328673355934 -152.1069100536429 0.084361 -0.149973 0.28170002 1.0
-161.0469572339292 -131.71461965115742 0.173478 0.658132 0.23331013 1.0
-182.64779722727178 -172.38049168593182 -0.229116 0.017411 0.34095982 1.0
-176.1226633221892 -175.66435676762083 0.082043 0.152345 0.3582755 1.0
-168.80601788904164 -171.35379896877646 0.084039 -0.083866 0.34181023 1.0
-112.70521203599398 -118.97006990748335 -0.620893 0.301362 0.2070992 1.0
-145.3057991008692 -156.28947247684792 0.087947 0.25685 0.30007416 1.0
-124.81735931813127 -136.36121335127973 -0.073569 0.124724 0.24834682 1.0
-235.96078385613797 -172.661058451532 0.252871 0.261822 0.35427457 1.0
-197.72816561941664 -148.81831009393625 -0.109465 0.068944 0.28105626 1.0
-213.89465563074333 -165.88753264589417 0.224356 0.047466 0.33081698 1.0
-205.7087324632578 -167.44283722665892 0.436741 0.294456 0.3409393 1.0
-116.88479865055787 -96.88660194775987 -0.377503 0.298414 0.16573393 1.0
-147.01412113577356 -127.65270079745325 0.087526 -0.087084 0.23411152 1.0
-187.2745389599467 -165.21057827912517 0.389627 -0.099162 0.34116083 1.0
-110.64932953339384 -99.39795906769906 -0.187609 -0.317366 0.17194328 1.0
-121.69057256490314 -109.87162610408346 -0.100017 -0.028725 0.19427326 1.0
-183.45599005833088 -163.4146056552326 0.141743 0.263274 0.33622023 1.0
-168.402540223036 -156.50902799783552 -0.324082 0.017845 0.3122025 1.0
-145.73844211052113 -148.97935199676715 -999.0 -999.0 0.29726005 1.0
-144.392331098987 -150.90517162014666 -0.021567 -0.002485 0.29662427 1.0
-112.86622030433784 -131.05440514879828 -0.105944 -0.139506 0.2482159 1.0
-201.3078930628599 -143.0733997929752 0.082804 -0.130961 0.2817568 1.0
-156.82154919595928 -116.02324831988199 -0.170474 -0.594945 0.21285327 1.0
-214.8801864362373 -167.00149458916874 0.23933 0.2523 0.35368818 1.0
-160.7400791134022 -129.64021295303021 0.336223 -0.00549 0.24715178 1.0
-198.09927188432434 -160.84598517732596 -0.118583 -0.337694 0.34009543 1.0
-108.27057300291612 -91.5221943444392 -0.506992 0.235422 0.16066785 1.0
-186.70361346662986 -165.87240373237861 0.108793 -0.113137 0.3587885 1.0
-159.68175962779614 -153.5876205090408 -0.123879 -0.127354 0.31744277 1.0
-172.81952008724596 -165.18475948849417 -0.066292 -0.105408 0.35989693 1.0
-148.81631636788538 -144.58758025088648 -0.411987 0.009896 0.29434627 1.0
-147.97301126266018 -144.58226703471348 0.131643 0.184187 0.29415786 1.0
-111.45725523976641 -122.01933950968278 -0.186491 -0.011242 0.23434412 1.0
-112.74450304952255 -126.21302680005178 -0.040736 -0.05173 0.24678583 1.0
-106.05231386355965 -120.31214570680397 -0.145414 0.046298 0.23162235 1.0
-147.19367322166667 -157.9306533857331 -0.233093 -0.408245 0.2408323 1.0
-162.8865082065015 -176.73792187879846 -999.0 -999.0 0.28399757 1.0
-186.3368584362993 -202.81499680003907 -999.0 -999.0 0.34424922 1.0
-140.46252536763265 -156.90497392646435 0.31031 0.370852 0.24135347 1.0
-121.97050965411411 -137.02584462018424 0.09139 -0.115379 0.19969684 1.0
-172.19636858792668 -199.73601620758996 0.067543 0.089093 0.34077996 1.0
-132.6663378123023 -157.1151909983036 0.1944 -0.090784 0.24115802 1.0
-169.2162393197007 -207.5326622043835 0.157024 -0.217514 0.35689068 1.0
-149.62163691551018 -152.51668374283872 -999.0 -999.0 0.23799144 1.0
-152.16118819205272 -156.16559844248678 -999.0 -999.0 0.24521594 1.0
-132.91448378765733 -136.66480301451625 -0.355398 -0.198886 0.20736994 1.0
-131.25777999883377 -136.28171249024092 0.270532 0.082635 0.20753776 1.0
-158.24050566086174 -175.46859571642042 0.07793 0.139022 0.28994176 1.0
-157.7357878428931 -176.14877476759017 -0.150687 -0.076517 0.28970394 1.0
-131.04644585768276 -152.9175173426728 0.379258 0.101585 0.24239841 1.0
-123.0742877217717 -148.14932802236223 0.005055 -0.402884 0.22954394 1.0
-132.59711771278577 -158.30400878693797 0.044091 0.093842 0.2537063 1.0
-131.83277495870442 -158.27319043851327 -0.270661 -0.238441 0.25246134 1.0
-110.49284862714201 -137.49452459428986 0.238313 -0.092812 0.21005628 1.0
-127.16583470169094 -127.11365749131645 -999.0 -999.0 0.19336185 1.0
-112.8974873518711 -118.10229781224012 0.229976 -0.114589 0.17889154 1.0
-182.57039457046 -184.8802005767645 -999.0 -999.0 0.29130715 1.0
-146.8257689097712 -157.8969547847241 0.013439 -0.082237 0.23887879 1.0
-185.6581216898437 -206.0465391876422 -0.00531 0.11251 0.34491515 1.0
-178.40173401655784 -199.42205052366208 -999.0 -999.0 0.33147845 1.0
-142.1728470827678 -158.83506970588948 0.329761 -0.12012 0.24156152 1.0
-136.47508089981233 -160.65650549027842 -999.0 -999.0 0.24470331 1.0
-135.64634963773855 -159.51391379795555 -999.0 -999.0 0.24320509 1.0
-168.08128020696947 -202.30817267666953 0.004078 -0.495127 0.34210792 1.0
-176.52698051493655 -179.65451990812963 0.085254 -0.527915 0.29492596 1.0
-145.16496543054458 -157.02733457438868 0.01339 -0.162315 0.24217306 1.0
-135.4122661265834 -155.44063218102195 0.102206 -0.139824 0.24123389 1.0
-150.49462640988156 -172.17311731144878 0.238656 0.08872 0.2801879 1.0
-162.97794510839933 -189.10655132071432 -999.0 -999.0 0.31739572 1.0
-112.73725674026724 -134.38013719242437 -999.0 -999.0 0.1990892 1.0
-127.81260731384862 -156.70881527061118 0.031465 -0.114393 0.2441984 1.0
-128.08585616995634 -162.2056912491779 0.262219 -0.410225 0.25850874 1.0
-155.5730095008436 -147.2128097726442 -0.242709 -0.562338 0.23118705 1.0
-193.00748734747182 -184.34976620454984 0.178551 -0.264169 0.3124623 1.0
-153.99959556542797 -150.41048756610815 -0.069308 -0.13853 0.23796059 1.0
-160.2184521485686 -169.9897456369357 0.082216 -0.06148 0.28259322 1.0
-166.96679262777926 -194.70611054648464 -0.219381 -0.30048 0.3461993 1.0
-130.53613940086314 -152.9417860411953 -0.112951 -0.253897 0.24546118 1.0
-130.02081951012943 -151.51996373429532 -0.153074 0.1594 0.24426594 1.0
-148.6739005715978 -177.79398028599442 0.21217 0.156314 0.3056969 1.0
-111.71066599905785 -134.18176986956703 0.23052 -0.349246 0.20863901 1.0
-128.27483968369003 -115.30492607893935 0.097315 0.256554 0.17331463 1.0
-159.11033829142286 -145.79702887818974 0.256705 -0.222021 0.2347201 1.0
-191.14426888278408 -178.29173859389442 -0.298292 0.425148 0.30942208 1.0
-164.02451101327728 -172.9945942715014 -0.095624 -0.055531 0.30100998 1.0
-118.45009853119204 -131.97550061432457 0.032548 0.107521 0.20988512 1.0
-156.93378620944102 -151.79942118127352 0.083664 0.025096 0.25849545 1.0
-191.48549934204178 -189.47320064882584 -0.188757 -0.345108 0.35798544 1.0
-165.65614592711142 -137.61764540748095 0.252671 0.259692 0.23105519 1.0
-225.3306275440492 -187.3733307370536 0.442687 -0.192099 0.35684553 1.0
-122.64059686367636 -105.94764775693503 0.090539 0.204269 0.16638426 1.0
-177.89721134830233 -177.86569223211637 -0.122218 -0.134325 0.34073898 1.0
-173.69457537372284 -175.23519727311336 -0.074031 0.11158 0.32926196 1.0
-176.64433623764475 -181.40424127751612 0.000102 0.000836 0.3462107 1.0
-161.13337132290968 -166.40327792216502 -0.001276 -0.256113 0.30593055 1.0
-157.57507387727884 -125.8937749209729 0.078668 -0.040452 0.21376278 1.0
-224.14396623493218 -181.60473966904797 0.018137 0.120847 0.35387278 1.0
-197.93214743554122 -171.1665312536626 0.136974 0.383895 0.32648015 1.0
-191.03036285563465 -174.18357232879762 -0.148505 -0.367708 0.34103903 1.0
-190.090761669709 -174.10593707276428 0.228261 0.254649 0.33972326 1.0
-123.05095910602309 -120.89725090285687 0.059452 0.009182 0.20912008 1.0
-119.92758181158075 -120.97487553086624 -999.0 -999.0 0.20625708 1.0
-165.37360051410872 -126.43959096514897 0.292519 -0.174472 0.22060916 1.0
-199.62372336586134 -171.7210079646713 -0.198192 0.09472 0.34542608 1.0
-182.6896857533565 -166.8089594657699 -0.224319 -0.142761 0.3382276 1.0
-131.18957088287462 -124.04251386950398 0.352564 0.151718 0.22380902 1.0
-194.56390926590572 -145.6368284473241 -0.020398 0.099737 0.28271836 1.0
-215.08492477446634 -168.79198429192817 0.028019 -0.261062 0.35504422 1.0
-209.49691860836063 -164.77689883698832 0.025179 -0.049976 0.34089082 1.0
-164.29103888896685 -132.4110590257745 0.550805 -0.141404 0.24681951 1.0
-118.83555834678415 -96.19124345181649 -0.083099 -0.079018 0.16491596 1.0
-116.44633427320665 -96.25319510414003 0.032008 0.09612 0.16478309 1.0
-196.10028224587285 -164.80674514752053 0.011433 0.07524 0.34121823 1.0
-186.4049793654218 -162.03813946827827 0.046658 0.030678 0.33682832 1.0
-203.8782139630598 -142.59686142543296 0.609663 -0.168307 0.28230208 1.0
-185.69550539118393 -137.67467424183712 -0.30825 -0.095717 0.27446368 1.0
-114.58781229521239 -92.20335075253355 -0.552097 -0.099032 0.16333267 1.0
-193.94701192251298 -158.06709780829223 0.090863 -0.305148 0.34026465 1.0
-173.1764640862769 -144.75522545256266 -999.0 -999.0 0.29820853 1.0
-126.27499757478812 -106.93886803691942 -0.122561 0.148453 0.19847389 1.0
-163.07601377691793 -145.14516346953573 -0.013474 0.004737 0.3029777 1.0
-160.73495427051483 -144.47582195789644 0.073886 -0.086724 0.3009258 1.0
-114.66100549194901 -124.28387507283519 0.390806 -0.088808 0.19819547 1.0
-129.53950042314017 -146.25853119474544 0.154804 0.475805 0.24863665 1.0
-129.5102327384534 -148.57931855625762 -0.110175 -0.186411 0.2512015 1.0
-119.15671881209421 -137.95535989137542 0.006118 0.063997 0.23111783 1.0
-117.80519354567872 -139.36972751163785 0.173296 0.365569 0.23320015 1.0
-117.43020117909447 -139.7875152873454 -0.011557 -0.014672 0.23274752 1.0
-133.14960267105224 -144.67216298606903 0.124069 -0.085946 0.25185135 1.0
-157.6980938392429 -176.89206478795643 -0.133474 -0.062602 0.34024164 1.0
-150.7853427730056 -180.01504849614236 -0.237072 0.09468 0.3469036 1.0
-138.2907462392847 -165.98614456896854 0.04801 -0.171456 0.31101653 1.0
-174.6397113810719 -178.53546984616688 0.281389 0.104263 0.35723025 1.0
-163.43644876014434 -172.25239591437708 -0.027668 -0.037762 0.34017098 1.0
-161.76711852653608 -172.80477758613662 0.075736 0.152879 0.33939153 1.0
-132.52992142575707 -138.41865281766195 -0.222755 -0.041465 0.2570683 1.0
-108.74021228142935 -113.50123056893045 0.12554 -0.310214 0.20003282 1.0
-163.49187870764456 -169.81853918353414 -0.058973 0.25517 0.34961987 1.0
-162.8716306498657 -169.21857433021788 -0.173848 -0.210045 0.34996942 1.0
-165.45213977821834 -167.99886389338414 -0.357722 -0.267917 0.35714862 1.0
-113.56879994808749 -119.10981045282098 -0.193271 -0.050758 0.22199136 1.0
-138.6203271558261 -155.73633431030015 -999.0 -999.0 0.32299298 1.0
-102.57061018448296 -99.92786189273154 -0.062382 -0.08124 0.18538116 1.0
-124.11221938275892 -125.73981675452148 -0.298402 0.033967 0.24715088 1.0
-206.43711042493229 -140.40325011506113 -0.045548 -0.171848 0.2809104 1.0
-192.47797317765296 -135.95212996256691 -0.080888 0.298503 0.27090287 1.0
-191.97094291331942 -139.39465156849218 0.002369 -0.063106 0.28245676 1.0
-175.30028722936194 -160.75729825862362 0.23841 -0.384403 0.35974616 1.0
-173.42744604486333 -161.2651979532823 0.017459 -0.237427 0.35852486 1.0
-202.53541955750154 -148.73942850525162 0.139113 0.175222 0.32723647 1.0
-163.21100604056787 -121.04880906036027 -0.113245 -0.131634 0.2433862 1.0
-162.71081259282488 -121.25616891492751 0.09687 0.338713 0.24340428 1.0
-127.4594778707412 -99.43570056747849 -0.20613 -0.089097 0.19186075 1.0
-193.92025992951238 -150.48981125089182 0.127276 0.115484 0.33825105 1.0
-98.14638551716855 -90.57396822647912 -0.036915 0.655266 0.17274259 1.0
-163.29564086793215 -108.0066671352419 0.192536 0.02525 0.21645051 1.0
-196.87799048409778 -146.64223648283314 -0.153248 -0.12902 0.3372023 1.0
-185.3427818037926 -138.6103408223859 0.12222 0.256689 0.30931172 1.0
-192.67213818616617 -136.32566217102902 -0.160488 -0.247543 0.2751133 1.0
-172.87591655993023 -159.48746527803232 0.179139 -0.117029 0.35974753 1.0
-218.8906653906991 -141.57271536615966 -0.23159 -0.212777 0.30328986 1.0
-168.46747173437643 -111.36109001007748 -0.381596 -0.052756 0.21835701 1.0
-183.56059800791866 -124.27451406231849 -0.027423 -0.435001 0.25226095 1.0
-134.6385418855604 -92.13927440966155 -0.181977 0.036109 0.17236482 1.0
-155.5009570876641 -116.63959933438143 0.365651 -0.142085 0.23913285 1.0
-117.76521197329727 -89.40158024036732 0.009552 0.178677 0.17105037 1.0
-117.06243451528324 -89.5962964833505 -0.283962 0.041389 0.17007123 1.0
-140.15670299344563 -106.44697865171344 -0.060712 0.340196 0.21234655 1.0
-117.12776165896865 -87.06921997011271 -0.07445 0.245461 0.17068529 1.0
-243.77243781958327 -152.6758774945256 -0.003223 -0.108387 0.3595502 1.0
-199.30545919318863 -131.72469490023374 0.228947 0.10905 0.2871476 1.0
-232.23569587381837 -154.39421522965912 0.127034 0.270904 0.35953653 1.0
-122.93819484238858 -87.6885456015485 0.030659 -0.077992 0.1715009 1.0
-169.7936106468578 -150.3012135726248 0.395391 -0.009281 0.33703053 1.0
-131.67149889711243 -101.89745549746218 -0.25069 0.056788 0.20242283 1.0
-178.60488826124725 -132.21080564756627 -0.482653 0.104475 0.30113184 1.0
-139.91599671859916 -149.22580917441687 -0.08181 -0.274887 0.32214063 1.0
-183.48604461421564 -142.1908965258209 0.051318 0.190248 0.3293706 1.0
-119.55118174215615 -85.7635396690905 0.640003 0.103883 0.17078099 1.0
-202.57642378268565 -108.7315736359621 -0.220591 0.03041 0.24829155 1.0
-163.0028644738045 -140.22905789139077 0.01206 -0.406419 0.29451725 1.0
-119.12811163734436 -132.86796243441958 -0.056356 0.102239 0.28160477 1.0
-179.65087121066492 -154.4322371747138 -999.0 -999.0 0.35818887 1.0
-167.90839729944543 -147.431598379959 -999.0 -999.0 0.33472815 1.0
-137.92223357931846 -145.58859534742052 -0.038823 -0.0111 0.33559072 1.0
-136.4607977634908 -102.68685785230082 0.441917 0.495236 0.21180315 1.0
-120.86355891933918 -134.98274738282376 -0.038071 0.011972 0.2783857 1.0
-112.74231930314842 -118.88021622921792 -0.058086 0.090508 0.23694889 1.0
-89.0017162156946 -95.19693317199403 0.076442 0.0588 0.17910793 1.0
-140.91108448878396 -151.116829391631 -0.177366 -0.300694 0.33188075 1.0
-123.9486580608527 -134.97892075854506 0.189655 -0.056331 0.2840315 1.0
-186.280449302726 -152.31062721666984 -0.055608 0.330468 0.34113872 1.0
-139.7599229434923 -94.87043868711251 0.152507 -0.04969 0.18508446 1.0
-124.16894867669217 -88.4380974849756 0.048699 0.218999 0.1726174 1.0
-123.77702494479513 -89.46919616324165 -0.043224 -0.660378 0.17280632 1.0
-122.35252095423878 -88.14782593444298 -0.261654 -0.250876 0.17173105 1.0
-150.6583875254511 -115.99780044044145 -0.024232 -0.243541 0.2428434 1.0
-183.94720484095646 -142.4734599491722 -0.15525 0.116566 0.33050445 1.0
-185.65342669200498 -143.93948481944713 -0.411337 -0.334346 0.33353218 1.0
-184.51290800108558 -142.72253682619584 -0.134776 0.076952 0.3308121 1.0
-219.06881284171186 -144.7269694078822 -0.015067 0.062254 0.34058002 1.0
-161.5800557216075 -118.60283750445446 -0.054025 0.033438 0.2616193 1.0
-146.78517446551587 -120.01787408645112 0.150644 0.019863 0.24138437 1.0
-179.04591905651813 -151.59195458617785 -0.146738 -0.136636 0.33358544 1.0
-187.3466839665504 -159.63748061531822 0.059089 0.091432 0.35932037 1.0
-161.60579848907489 -137.80811512004902 0.179116 -0.013407 0.29053754 1.0
-163.20620936989627 -140.54189793150593 0.024909 -0.040692 0.29524684 1.0
-122.56953030650239 -111.56946448936985 -999.0 -999.0 0.21944468 1.0
-122.27075156770651 -111.5918520236757 0.166842 0.063828 0.22105688 1.0
-154.2887601240852 -148.82583126971133 -0.202095 -0.056017 0.3305358 1.0
-151.75814327973038 -149.79312018510242 -999.0 -999.0 0.33033293 1.0
-138.97342220802125 -147.9334968136726 0.58973 0.18246 0.331289 1.0
-152.49478522789093 -109.41356429491191 -0.082468 0.154307 0.21539956 1.0
-150.9851751371306 -108.51331135217252 -0.287705 0.018394 0.21498272 1.0
-129.0574872076898 -98.94541763514762 0.136044 -0.039558 0.19555718 1.0
-106.81629324055777 -95.41335136483875 -0.036516 -0.172164 0.18910547 1.0
-122.81650985241919 -87.0335818880173 0.297816 -0.418921 0.17053437 1.0
-141.88677467459394 -102.1066897715123 -0.249917 -0.222469 0.21152472 1.0
-189.45275891367663 -137.87922865336924 -0.236129 0.071054 0.3213508 1.0
-115.35582735633068 -86.77688205640435 -0.266277 0.294271 0.17008941 1.0
-178.76458270854212 -132.40795283799199 0.058166 -0.225673 0.3014102 1.0
-173.73261756645948 -133.17274388256655 0.104805 -0.207812 0.30197757 1.0
-150.75140260811426 -94.92141019035505 -0.004009 0.05718 0.1969046 1.0
-179.47010749307404 -99.98182925887996 -0.010317 -0.321939 0.21420282 1.0
-180.23935922329022 -76.26087263497539 -0.480358 -0.240316 0.22616105 1.0
-221.93171006236577 -125.82330216731091 -0.047532 -0.416563 0.32996887 1.0
-182.23379144608845 -119.42665077614082 0.058166 0.375172 0.31979713 1.0
-151.87943179324066 -112.88274896331245 -0.194713 -0.362201 0.3029393 1.0
-226.94207003646036 -115.23303935230987 0.25575 0.494285 0.3029601 1.0
-187.93723638591123 -111.34317754125655 0.558075 0.311161 0.30027583 1.0
-122.97724076183341 -80.50817789624767 0.164297 -0.026163 0.21010278 1.0
-212.12806673044372 -104.11666920746576 -0.028197 0.041615 0.30254725 1.0
-128.52396472186612 -85.42426108790114 0.05672 0.276225 0.2461202 1.0
-230.7126624195654 -127.75977855153565 -0.0533 -0.003829 0.32599717 1.0
-216.0684910796063 -120.90474393848025 -0.340337 -0.102882 0.29960975 1.0
-160.00348958854113 -107.30991430042015 0.09513 0.123749 0.26595485 1.0
-152.50822710070594 -110.40201122706412 0.063503 -0.178837 0.30255628 1.0
-138.0905930174977 -108.60061992718138 -0.313815 -0.068362 0.2999359 1.0
-145.63873802211907 -114.88569856593399 0.205213 0.255624 0.32468936 1.0
-173.73362555229565 -107.14176699560079 0.014149 0.144055 0.3023008 1.0
-96.35354662095581 -66.44930393082456 -0.251105 -0.399837 0.16339362 1.0
-112.05056940636334 -81.73100555045842 0.115619 -0.208112 0.21547385 1.0
-153.16733192183872 -77.63328921041594 0.132181 0.492352 0.19755338 1.0
-155.5226507280747 -101.70396403305048 0.094803 0.414713 0.3008447 1.0
-158.10065828515795 -106.57980484933151 -0.033621 -0.103634 0.32110357 1.0
-130.33775958587177 -82.18173061007245 0.06269 -0.187227 0.23992957 1.0
-162.68711208870465 -137.64177977771593 -0.075994 -0.166589 0.3002079 1.0
-105.26288209941602 -87.07558089257236 -0.393005 0.156773 0.17218816 1.0
-143.04282978517367 -141.98287170632057 0.120586 0.019813 0.3369057 1.0
-124.37349723842642 -130.4083413487331 0.315433 0.021629 0.29530054 1.0
-110.52696811500857 -83.08641982001544 0.11213 -0.067499 0.16546929 1.0
-157.9124753989067 -118.33213510433848 -0.056232 0.010367 0.26083374 1.0
-173.34076714173557 -132.08367453416705 -0.202012 0.286472 0.3123044 1.0
-173.68701683021197 -142.16657069376015 -0.267567 -0.112058 0.3468829 1.0
-129.44323345272085 -131.39206530749436 0.377213 0.257362 0.31776184 1.0
-175.1071430129073 -126.1340561836648 0.117126 0.330092 0.30100292 1.0
-212.1339396282195 -116.44104227639468 -0.009365 0.045441 0.2734285 1.0
-206.95105626648467 -127.77603744963868 -0.195174 -0.183959 0.31620052 1.0
-218.58430960891195 -137.26428115701043 -0.111288 -0.176147 0.35915166 1.0
-132.8011271652986 -89.15468286795974 0.055835 -0.229722 0.19987549 1.0
-165.23521445512634 -111.08564320576887 0.04423 -0.078135 0.26814947 1.0
-175.9536134135763 -130.15758622197123 0.135801 -0.110142 0.34228668 1.0
-162.64115619569833 -136.9550914075615 -0.027419 -0.424693 0.3018864 1.0
-142.84652676099617 -96.69695642498259 0.045093 0.094442 0.19359447 1.0
-194.11333702768417 -131.8366765030196 0.120653 0.016675 0.29294682 1.0
-177.36014250777913 -147.8705616653673 -0.187384 0.286879 0.35605437 1.0
-140.80377249943874 -128.77983973659525 -0.409094 0.163535 0.2961537 1.0
-191.8979153095404 -132.77248371481755 -999.0 -999.0 0.31575516 1.0
-154.35735558660758 -113.86987376815318 -0.040312 -0.002588 0.25859988 1.0
-162.8691168366756 -122.27427196775992 0.119215 0.318113 0.28785908 1.0
-160.20702547491513 -141.09808560937594 -0.010225 -0.08368 0.35647982 1.0
-238.9894385890074 -136.45288134396748 0.39242 0.074991 0.33124185 1.0
-205.5819700451748 -119.25987118026237 -0.028192 -0.341684 0.27632353 1.0
-202.9685859471112 -127.27257425867697 0.413171 -0.228692 0.31415045 1.0
-190.67932185537262 -127.62270616578681 -0.581378 -0.04775 0.31787214 1.0
-177.970884416649 -135.80348126723038 -999.0 -999.0 0.3525775 1.0
-178.14375168996685 -131.0013651351645 -0.016087 0.440254 0.35175458 1.0
-209.50027505064284 -114.20907404818658 0.251261 -0.005038 0.28380904 1.0
-115.76888911944539 -79.20690632478022 0.202338 -0.42915 0.1854805 1.0
-181.48893527749604 -126.35281147601947 -0.082768 -0.293263 0.35064688 1.0
-182.35320521839526 -127.11254132763744 -0.101661 -0.091335 0.35415217 1.0
-156.11943449789106 -113.45904855051482 -0.069436 -0.224002 0.29789692 1.0
-112.90928624805586 -86.47711755503346 -999.0 -999.0 0.21088415 1.0
-137.08644950073298 -112.5016346131371 -0.404631 0.050639 0.30188704 1.0
-192.73010603246126 -111.47946539232207 -999.0 -999.0 0.30722988 1.0
-138.64053324579058 -84.17165324605921 0.187908 0.291252 0.20999013 1.0
-178.81186244121503 -112.54675338112199 -0.164452 0.282451 0.31732082 1.0
-128.93458095343567 -91.7675449951338 0.029726 -0.06629 0.24001007 1.0
-151.2371885889495 -108.9760295366099 -0.144672 0.447586 0.300938 1.0
-130.28204011571728 -92.46125719294344 -0.180514 0.088237 0.2446164 1.0
-165.4982507380709 -81.75556495876258 -0.244206 -0.188009 0.20207915 1.0
-164.86057091802036 -81.09078118767799 -0.262332 -0.078754 0.20165162 1.0
-119.10465542082164 -69.01862640932289 0.127037 0.141643 0.17242576 1.0
-178.80467888355167 -114.6858407173477 -0.714129 0.317648 0.34216735 1.0
-125.99879119723197 -81.41103295901124 -0.056766 0.089645 0.2166197 1.0
-120.63354343023154 -79.50062285202516 -0.175067 0.126994 0.20909567 1.0
-135.77153906700806 -65.88253547375005 0.022527 0.308775 0.16688684 1.0
-180.57943178467417 -95.42643956596064 -0.244286 0.108368 0.27931017 1.0
-187.53129389687484 -100.64236645756576 0.373186 0.263615 0.30463922 1.0
-170.05547599043135 -103.17328478069805 0.515014 -0.026158 0.32158768 1.0
-110.25549564322571 -70.09827868906336 -0.061604 0.272606 0.19193116 1.0
-117.92508907384614 -75.00442437317793 -0.010305 0.024131 0.21077457 1.0
-165.7910640269336 -108.00201851391657 -0.22662 0.014661 0.34213516 1.0
-155.53353912865302 -104.10368488386872 -999.0 -999.0 0.32348853 1.0
-123.61950060437371 -61.87462333956736 0.264939 0.5286 0.16806914 1.0
-166.32644995311642 -100.64037931440433 0.008754 -0.15145 0.33694658 1.0
-138.1562274208855 -90.26893036945965 -999.0 -999.0 0.21169485 1.0
-153.72630834917922 -107.72652682172819 -0.27101 -0.369405 0.27518585 1.0
-100.68192709103012 -72.82106211235917 -0.097472 0.233496 0.16592997 1.0
-148.88505191462522 -121.09612535351698 -0.312523 0.139134 0.32631198 1.0
-154.99995927212703 -127.24821358638242 0.018406 0.406336 0.35891235 1.0
-164.84967327816327 -85.07881347482896 0.008007 -0.006977 0.19807644 1.0
-209.42629595690684 -108.05125854009381 -0.051988 0.274935 0.27283332 1.0
-209.1797022812421 -107.8929267180405 -0.006284 0.19025 0.27293867 1.0
-157.86425399695682 -81.6735509178679 0.36599 0.341472 0.19057217 1.0
-174.90923175669073 -93.51003594214711 -0.040734 0.31977 0.22245574 1.0
-138.44673200167838 -83.18115645360118 -0.06679 0.044209 0.19679816 1.0
-165.7983664326544 -99.75053302021676 0.120395 -0.41848 0.25520596 1.0
-136.98633491196796 -87.44112226175969 0.023309 -0.217109 0.21500115 1.0
-132.8348527745936 -86.69317756767715 -999.0 -999.0 0.21035816 1.0
-132.99370189820306 -94.39950859844915 0.052742 0.326903 0.24128804 1.0
-125.00160198036723 -93.29624124398698 0.098709 0.112238 0.2377569 1.0
-175.3453513384649 -85.96112081976217 0.290053 -0.070159 0.207709 1.0
-166.1971183685572 -82.90078634165569 -0.093945 -0.3005 0.20164074 1.0
-150.7460982528461 -87.14455507932165 -0.273692 -0.093984 0.22368109 1.0
-159.29968723795315 -100.52200865117521 0.636431 0.393638 0.27156082 1.0
-123.18223901314178 -80.73472013234041 -0.202049 0.205307 0.21043898 1.0
-112.15544356314531 -80.41737841512824 -0.340932 0.119897 0.20983826 1.0
-111.67895423436731 -80.38680600287418 -0.22815 -0.113954 0.20968269 1.0
-114.47152520486719 -82.20626975361169 0.162972 0.230073 0.21606542 1.0
-158.35746998419754 -115.64572299322367 -0.034168 0.34403 0.34988582 1.0
-153.8648415794301 -113.39168084248855 0.140022 -0.25526 0.33843645 1.0
-192.20996288292247 -90.79527297604086 0.16501 0.361806 0.23948552 1.0
-156.5371329885285 -75.20838578768577 -0.295572 -0.439279 0.18892512 1.0
-185.71437020089454 -90.36967443320215 -0.132656 -0.078295 0.23869616 1.0
-141.4696641106245 -75.23538866542287 -0.048751 -0.025604 0.19624732 1.0
-171.8714032283294 -105.326898692629 -0.109591 -0.081084 0.3108983 1.0
-180.0000235790498 -113.56174243778834 -0.224209 0.224971 0.35168904 1.0
-162.12674911744247 -103.97722201420555 0.43154 0.297887 0.3174408 1.0
-107.6565120789346 -71.94227499627377 -0.234827 0.275774 0.19284524 1.0
-131.80545702873016 -63.62060059438993 -0.104273 0.167415 0.1671001 1.0
-126.71744523863102 -79.73416142697934 -0.305012 -0.292915 0.23372968 1.0
-140.6243798457676 -68.22302853858767 0.052552 0.165853 0.19352053 1.0
-132.90354018783353 -65.42199580872123 0.383642 0.29089 0.18518396 1.0
-155.66864476572553 -91.78488852911518 0.211699 -0.020617 0.30040354 1.0
-162.48057370966941 -137.4386773278997 0.084479 -0.050935 0.2995822 1.0
-162.65043086225376 -137.84001679692508 -0.044856 -0.082477 0.3004874 1.0
-116.36281331920964 -118.97213695134326 -0.091596 0.043591 0.24459688 1.0
-162.2031778384377 -132.46613452126817 -0.179974 0.129076 0.29516965 1.0
-103.24450399268181 -87.56075324885913 0.353052 0.043547 0.17112406 1.0
-121.3906180872596 -129.20080137148955 0.046452 -0.09455 0.2944533 1.0
-109.8857572300788 -82.65674944629238 -0.191927 -0.128277 0.16700397 1.0
-174.9089217814357 -133.32170931390542 -0.009452 0.133824 0.31262898 1.0
-105.84338887623134 -82.40810371420086 0.431607 -0.031656 0.16699341 1.0
-132.75725846155296 -126.99729382232302 -0.261047 -0.101109 0.3026984 1.0
-237.07009633509378 -138.63007827646882 -0.123111 -0.059331 0.3324546 1.0
-217.222283946396 -137.6431833995088 -0.435479 0.042342 0.33945566 1.0
-192.24965472413538 -130.50484760254417 -0.313987 -0.114297 0.3163126 1.0
-194.36902656444065 -135.18973360321152 0.110797 0.149154 0.3345845 1.0
-120.38604896259578 -85.23348054398625 -0.105869 -0.214447 0.17808937 1.0
-181.35619264080134 -140.52067073774097 -0.165361 0.658761 0.355915 1.0
-178.5104478204747 -139.71265509944973 -0.248297 0.175535 0.3553192 1.0
-146.43135720418917 -123.7379964167484 -0.236169 -0.498022 0.29928747 1.0
-148.29263291971944 -131.71342046867994 -0.250765 -0.527144 0.33359733 1.0
-98.34272877262514 -87.61363185574895 0.04501 0.025921 0.19212936 1.0
-210.14968248148253 -115.95205598789917 -0.163808 0.177321 0.2739459 1.0
-217.01000141807563 -133.03491409186685 0.201373 -0.497338 0.3366815 1.0
-166.1000770957576 -105.96621883889836 -0.131225 -0.055859 0.24530396 1.0
-213.99476085119795 -135.2552846778668 0.727624 -0.331747 0.35701516 1.0
-164.2448414699386 -111.43154175901715 0.013952 0.354744 0.26791826 1.0
-131.22103406692239 -89.15325986128586 0.241778 -0.042855 0.19871771 1.0
-186.54658894079188 -130.2170536895822 0.404691 -0.095436 0.3416022 1.0
-169.09754641686868 -130.46494682375166 -0.574519 -0.479975 0.34767723 1.0
-117.2698642894655 -94.56860553267497 -0.272476 -0.292219 0.2182738 1.0
-119.10840061666701 -99.814707715645 -0.593342 -0.260606 0.23976222 1.0
-167.42146949877943 -135.5073926392403 -0.083178 -0.383373 0.30065408 1.0
-104.76070091817101 -89.1687017456226 0.214484 0.286662 0.1713925 1.0
-172.4227039425147 -147.50270224015023 -999.0 -999.0 0.3396116 1.0
-101.90606964817235 -98.412429047149 -0.026605 -0.049705 0.19753869 1.0
-105.90341574276025 -103.62013896557144 0.049986 0.265729 0.2080119 1.0
-89.74412402878119 -90.49904457656733 0.306175 -0.08413 0.1787578 1.0
-140.88557685987126 -95.36020675970897 -0.100717 -0.194869 0.19106981 1.0
-126.69961222073987 -95.10986840293593 -0.137472 -0.307276 0.1951077 1.0
-170.4318192719665 -136.4565267344298 -0.045157 -0.020372 0.31310168 1.0
-97.20538311990438 -84.71878445916988 -0.051306 -0.140661 0.17142795 1.0
-112.82930113489834 -100.1582788176466 0.28207 -0.068086 0.20985332 1.0
-94.91180561549271 -85.39788754838786 -0.044241 -0.237591 0.17310604 1.0
-93.06932688018573 -85.85179610642834 0.151068 0.397158 0.1732338 1.0
-126.58886929032292 -127.99704569251573 0.177046 -0.205451 0.296562 1.0
-125.9653926694545 -127.87382188279933 0.375367 -0.606495 0.29575363 1.0
-125.93366055820692 -129.3410539353537 0.000599 -0.054079 0.29698625 1.0
-157.2083876565983 -100.75718714792391 -999.0 -999.0 0.21173772 1.0
-197.43247356622282 -127.86237211097807 -0.147676 -0.197035 0.29596734 1.0
-212.2376116922754 -141.49782146924377 -0.088151 0.229024 0.34092453 1.0
-218.04332939119496 -145.1983901794805 -0.156008 -0.169955 0.35760123 1.0
-136.94150727014252 -92.92374625594195 0.177555 0.154273 0.19299835 1.0
-97.2199346512466 -83.08476855350685 0.114645 -0.196696 0.17245772 1.0
-161.0547249369241 -141.77374756600994 -0.163803 0.253766 0.35939017 1.0
-134.5494189252549 -125.95566197459465 0.02833 0.17377 0.3042929 1.0
-132.2976211785974 -129.52458480187855 -0.257454 0.148966 0.3179433 1.0
-132.51503563855246 -80.9010038684062 -0.116565 0.282122 0.17050579 1.0
-131.45422017584033 -80.42185398639897 -0.111348 0.440241 0.17010358 1.0
-205.99394060486563 -127.17212996493883 -0.368077 0.021443 0.31081182 1.0
-222.38141377016896 -138.28151680087356 -0.037649 -0.093526 0.34955665 1.0
-201.4693514364755 -127.7593065285559 0.433849 -0.05837 0.3125991 1.0
-193.43329484511676 -123.3355280943493 0.313198 -0.262058 0.30011538 1.0
-141.41336344661312 -95.19762197762194 0.121118 0.006919 0.20912018 1.0
-195.04447272732114 -135.61258072815315 0.445344 0.322379 0.34810016 1.0
-105.46607641694808 -78.39514945379518 -0.101259 0.200054 0.16638783 1.0
-159.78891532794364 -119.4305490727838 -0.355016 -0.405752 0.28698337 1.0
-181.18389306459744 -134.880613080536 -0.272498 0.20351 0.3523884 1.0
-96.78634123953282 -77.73114194382295 -0.009609 -0.01055 0.1678459 1.0
-147.40523497254364 -120.30964892114271 -0.214561 0.021205 0.29737946 1.0
-96.65483678725015 -82.65592766236465 -0.154511 0.254399 0.18041949 1.0
-136.09449738060476 -121.35373175644865 -0.075007 0.133794 0.30562958 1.0
-149.00851306739645 -136.23883619781978 -0.048426 -0.165062 0.35626438 1.0
-213.31721555860065 -122.97877007253953 -0.166102 -0.045652 0.30818474 1.0
-206.72550621387455 -131.2480099992525 -0.284859 -0.033669 0.3431532 1.0
-136.7837148197607 -91.56733971888366 0.048454 0.210547 0.21248883 1.0
-133.39016346472593 -96.38468486074319 -0.070625 0.212258 0.22945884 1.0
-178.81115162232504 -131.37838053646934 -0.254151 -0.137732 0.35105017 1.0
-149.0945481027032 -116.98384561676261 -0.070588 -0.033517 0.29831743 1.0
-151.6104029366916 -123.89672782863757 0.022032 -0.250885 0.32677156 1.0
-195.32896038285267 -106.72115341138345 0.25896 0.608054 0.35101423 1.0
-147.37167123481143 -81.11011444259375 0.377439 0.499344 0.24311867 1.0
-156.23225341272203 -88.28996538612795 -0.015458 -0.041585 0.26818633 1.0
-171.76955650437893 -102.09568367608672 0.024888 0.063499 0.3236177 1.0
-207.47740691417664 -99.22837521459272 -999.0 -999.0 0.35012794 1.0
-169.59126872576263 -98.09878676431244 0.263355 -0.142056 0.32435828 1.0
-172.29165932947697 -96.71338185892651 -0.337407 -0.528168 0.29986754 1.0
-177.98105634433543 -100.24491938528743 0.251499 -0.334214 0.3411804 1.0
-167.28632619590988 -65.47809150811769 -0.020888 0.08226 0.21234463 1.0
-152.01611247783774 -65.5204307224908 0.073493 -0.350212 0.19048122 1.0
-180.21387688991106 -84.65158959992156 0.099434 0.01914 0.2725035 1.0
-184.93448917416706 -87.69819088490001 0.201269 0.019896 0.28392103 1.0
-142.1111538749371 -68.7839099423049 0.228978 0.102974 0.21317099 1.0
-173.27316646511122 -98.62686973434194 0.348696 -0.015706 0.29977626 1.0
-159.35888096735354 -94.74604564662107 -0.174792 -0.258131 0.28442335 1.0
-191.699560546943 -105.0030254628178 0.246661 0.371696 0.35419616 1.0
-110.32054767889859 -64.55175602727174 0.201957 -0.373603 0.18088086 1.0
-171.01269293870135 -100.07027719301705 -0.265544 -0.231693 0.32436615 1.0
-125.96156544292364 -77.87382005419401 -0.491203 -0.002076 0.23186597 1.0
-151.5985996062379 -71.76831508076424 -0.466754 0.25787 0.21431772 1.0
-112.3456271779367 -61.51102092938454 -999.0 -999.0 0.1664585 1.0
-135.55593080281852 -75.39570502171954 -0.01704 -0.234899 0.21152173 1.0
-196.05008320542987 -107.54636392002662 -0.019248 0.003278 0.35172293 1.0
-169.18024452069793 -96.02204759396355 0.092462 -0.034121 0.29928976 1.0
-169.8926064664471 -100.73024913925683 0.367457 -0.158905 0.31775433 1.0
-172.64110310002988 -102.13955298695134 -0.204177 0.145447 0.3269611 1.0
-168.8960405785724 -101.64085366144818 0.282281 0.422012 0.32299343 1.0
-192.4074193425087 -91.16045723756491 0.121326 0.255419 0.2893929 1.0
-201.16584375139234 -103.85411194114153 -0.311393 -0.571476 0.35288408 1.0
-105.18551957703622 -58.730520186584755 -0.079857 -0.03392 0.16464587 1.0
-167.3167618272224 -97.31170927806986 -0.345486 -0.071272 0.3314889 1.0
-185.97826266244022 -96.89769848697951 -999.0 -999.0 0.3570279 1.0
-114.17319679209514 -51.37896345769886 -0.176737 -0.159691 0.16439287 1.0
-168.95350952308434 -72.68678408792589 0.224072 0.393451 0.27758962 1.0
-200.38208176128694 -98.48696386566779 -999.0 -999.0 0.35338968 1.0
-175.27868394244234 -91.05792204005989 -0.037739 0.017393 0.31389293 1.0
-129.27379340207602 -60.17350077209151 -0.007269 -0.268636 0.18937731 1.0
-171.62084898258945 -85.7202199786685 0.533385 0.047171 0.31188768 1.0
-150.22359712714868 -65.45082526332497 -0.098661 0.289468 0.20247784 1.0
-116.9640744595735 -56.615508977271446 0.318375 0.06777 0.17386973 1.0
-153.25407951496362 -76.64844048965517 -0.055815 -0.280319 0.25803518 1.0
-119.73184054290766 -52.72277832809529 -0.570568 0.461114 0.16415238 1.0
-120.15595949311846 -54.77987111289577 -999.0 -999.0 0.17450462 1.0
-114.16656585094896 -51.49368881230633 -999.0 -999.0 0.16465093 1.0
-113.89841250303114 -51.23909965993173 0.079113 0.087428 0.16428721 1.0
-125.59581471608112 -57.37214956609786 -0.251663 0.175199 0.18798918 1.0
-127.33216085787237 -58.654034097743285 -0.163228 -0.193187 0.19470811 1.0
-122.2918323826452 -56.80851243757174 -0.557607 -0.044471 0.18612471 1.0
-121.5449561350932 -57.22634543745368 0.085527 0.305388 0.19051749 1.0
-183.1651285018992 -86.67207721272662 -0.266457 0.201124 0.33360958 1.0
-192.3547362421669 -76.72298887979728 -0.173924 -0.126101 0.29151312 1.0
-172.24807961196535 -70.10807857884213 -0.117003 -0.036719 0.2593276 1.0
-112.35881922045824 -56.44846317661234 0.366001 0.353295 0.16430534 1.0
-122.96898151070607 -65.6990793039623 0.043582 -0.110817 0.19834493 1.0
-184.41898846470536 -98.963579862067 0.200513 0.121135 0.3499321 1.0
-186.02322222125449 -99.3532598658502 -0.015711 0.12367 0.35690105 1.0
-129.32622178013898 -55.50673026653156 0.075941 -0.032008 0.170635 1.0
-118.4901775357313 -54.69972813400977 0.020399 0.569232 0.16549219 1.0
-132.1346200497712 -60.560990935555665 -0.043473 -0.129113 0.18972635 1.0
-167.2246820901797 -65.01353499161094 -0.008021 0.06658 0.2140962 1.0
-151.32796901903373 -58.56357888198311 0.267808 0.192671 0.19069028 1.0
-172.225923238469 -74.35188408247258 0.226203 -0.17676 0.27282083 1.0
-186.83903142523732 -82.46047414231332 0.014401 0.206254 0.3136679 1.0
-128.70658329872052 -56.829217939197164 0.280047 -0.085819 0.19123228 1.0
-126.35891583692887 -57.67286464997816 -999.0 -999.0 0.1925054 1.0
-160.53690947055003 -60.56833891239784 -0.140688 -0.072209 0.21233274 1.0
-119.51544046021354 -48.133105852066286 -0.114166 -0.205895 0.16414395 1.0
-145.53218611504852 -59.039544165504914 0.088214 0.054043 0.21169035 1.0
-186.88856596711807 -101.20698931370082 -0.145624 0.067646 0.35759354 1.0
