X Y e1 e2 Z WEIGHT_SEEING
386.7529502969286 -20.90279263005865 -0.052079 -0.09009 0.2096407 1.0
522.3412792225303 -29.80469080795823 0.117157 -0.046245 0.32379863 1.0
410.4139238352992 -23.82151291098149 -0.102124 0.094081 0.21845797 1.0
473.17277309139746 -26.07302729304751 0.159906 0.109457 0.33170056 1.0
368.63979883520904 -22.8070732323826 -0.091457 0.17946 0.22931522 1.0
473.08471545261415 -34.72972932461327 0.039157 0.486559 0.3031071 1.0
423.19530946654373 -32.447722757677795 0.172235 -0.586332 0.25204983 1.0
474.12751969806374 -35.943900292082084 0.053413 -0.44792 0.29444438 1.0
575.8044108728761 -54.337443195901535 -0.281621 -0.076279 0.35831305 1.0
479.0622278225634 -30.125557254522757 0.332359 0.069139 0.30680773 1.0
487.3427114600871 -27.81065848382327 0.430266 0.41498 0.3060898 1.0
458.6155610370769 -10.395957261376093 -0.408723 0.206136 0.30794227 1.0
471.04832501449795 -27.917287916038116 -0.024101 0.261849 0.26875404 1.0
323.68511550199486 -20.922275453162953 -0.004081 -0.021748 0.1631987 1.0
480.6445821518344 -7.017231098334016 0.111444 0.505934 0.32287332 1.0
358.0782185844008 -20.817979771976756 0.579168 0.377938 0.18054658 1.0
480.3536815445589 -24.423611272186864 -0.117289 -0.179146 0.34616014 1.0
474.72871510613976 -30.174782043482764 0.030208 -0.42715 0.30499813 1.0
530.6231060457259 -38.70989459159436 -0.144005 -0.369394 0.3475875 1.0
439.52144804414723 -32.845619031069354 0.144519 0.033416 0.26291046 1.0
523.6553129705231 -44.189844748204614 0.060869 -0.094568 0.31920072 1.0
333.6606508692341 -15.389985555605476 0.307909 0.275648 0.19745621 1.0
503.9578457857972 -23.39048040358785 -0.123443 0.121007 0.34698647 1.0
470.5912461796991 -24.340513569338 -0.055051 0.117781 0.30438474 1.0
483.2641112572626 -29.30679219879754 0.053941 0.482152 0.30536622 1.0
498.1092390445105 -29.131178432614412 -0.268848 0.15354 0.3174603 1.0
450.18412381240626 -22.629694735500422 -0.040002 0.087296 0.26729652 1.0
430.7690029467345 -6.439923756687453 0.122866 -0.165152 0.28479 1.0
485.36022243459615 -7.070457434968538 -0.36285 0.00591 0.32652217 1.0
481.93043255194897 -7.302540241048593 -0.06156 0.456809 0.32218668 1.0
368.75118736260936 -37.611968310002375 -0.168373 0.012024 0.24265593 1.0
296.2630255973884 -32.03969947701585 -0.015667 -0.271379 0.17677414 1.0
455.81614161454564 -48.82792226024205 -0.452196 0.490169 0.3083967 1.0
527.1727702276783 -62.6682833565095 0.290994 -0.018307 0.35213488 1.0
304.7383229157412 -36.29343045924429 -0.237011 0.16086 0.1680233 1.0
512.3577627954747 -61.07671135951667 -0.010977 -0.185094 0.33649728 1.0
395.8253096932663 -48.53763902448758 0.627511 0.16764 0.23098192 1.0
433.73752500224765 -52.52634468141821 0.032711 -0.065234 0.2588964 1.0
462.87752355585224 -39.612854592164425 -0.254621 -0.037517 0.34027272 1.0
313.5415587212543 -27.71761802939127 -999.0 -999.0 0.19849011 1.0
494.9702951578661 -47.2943208518793 0.174718 0.057989 0.34551004 1.0
362.855299106248 -38.57412851625765 -999.0 -999.0 0.2112403 1.0
413.12980808756237 -45.297628831353386 -0.352324 -0.468212 0.24228662 1.0
535.7027218337877 -64.85030804945386 0.08642 0.102101 0.33329812 1.0
444.5159039859125 -37.58246731146478 0.174392 0.154087 0.3047079 1.0
396.6775323386065 -32.57290461377061 0.327188 -0.345854 0.25645623 1.0
511.2371543014851 -50.14427273425603 0.365397 -0.209439 0.33859783 1.0
462.9660515624731 -36.055222334649024 -0.066116 0.131332 0.30320096 1.0
395.4896260772208 -40.93425497348543 -0.122185 -0.011182 0.27564213 1.0
461.02997102087056 -60.94877036869605 0.6511 0.019245 0.2703787 1.0
546.9120018029864 -72.74218440092109 -999.0 -999.0 0.3446606 1.0
490.98808879770314 -50.08578656771433 0.102046 -0.014935 0.34773073 1.0
365.3263405755936 -42.50497528056318 0.027205 0.047852 0.21072651 1.0
531.5108266430976 -62.729508741820545 -0.072776 0.612227 0.34938958 1.0
441.5147111497958 -54.30495541802848 0.028137 -0.290006 0.25966105 1.0
379.3151518579697 -33.74504817344704 0.626484 0.151619 0.2444634 1.0
465.0198136434554 -44.36009917172014 0.041954 0.116407 0.3030668 1.0
413.6818208744414 -30.950127313459976 0.224424 0.3538 0.28268155 1.0
506.4631018396706 -43.559646723099256 0.243934 -0.08366 0.34292606 1.0
505.573047043816 -43.721616603213505 0.100576 -0.215249 0.3417672 1.0
422.1320846434855 -36.455468110171935 -0.09821 0.132562 0.25891253 1.0
431.1330213893628 -41.60209497794143 -0.295063 0.014044 0.24979948 1.0
518.5078504899218 -53.139683417122086 -0.318567 0.003797 0.32056478 1.0
480.01288315432197 -87.65712823900172 -0.114072 -0.128164 0.33725038 1.0
470.08166636141914 -77.38904010324592 -0.596974 0.561058 0.33370155 1.0
495.2418545707297 -83.8679219939729 -0.227577 0.017761 0.35334405 1.0
470.5701264205253 -71.71604726347643 -0.583876 0.006314 0.3327661 1.0
437.4965778177142 -67.00642849794355 0.271544 0.055697 0.29807943 1.0
400.81659910828853 -62.775870271890824 -0.424566 0.223277 0.25713366 1.0
493.10314619918677 -78.33960044135397 -0.558934 0.006164 0.32968414 1.0
333.9062462593599 -47.23118824157346 -999.0 -999.0 0.20810942 1.0
436.08732938559933 -62.82646765109602 -0.111213 -0.229052 0.29878286 1.0
419.3633019297994 -60.66619826576377 0.178037 -0.264798 0.2746101 1.0
517.1290522924907 -77.54170404846813 -0.012927 -0.112316 0.35081136 1.0
511.1048963781241 -77.44052911776902 -0.01615 0.303687 0.33201924 1.0
504.592916373135 -76.7926407169023 -999.0 -999.0 0.32245457 1.0
468.4595403936325 -61.846670231207675 0.456821 0.451361 0.33452278 1.0
451.7987593540001 -59.493511575828315 -0.247844 0.203905 0.31378794 1.0
399.92732471733694 -52.29116122357789 0.083605 0.057278 0.26230928 1.0
417.7858645893989 -54.96491818949547 0.140962 0.168685 0.27284998 1.0
519.0241018166283 -71.03073181911007 -0.490631 0.351849 0.34926504 1.0
503.0800208086538 -71.02526455136459 -999.0 -999.0 0.33154926 1.0
396.3699775896161 -47.451231542212845 0.060533 0.112536 0.25782055 1.0
398.61376779888053 -47.870129995335084 0.000817 -0.01023 0.25909978 1.0
398.9070076754908 -47.878568392226384 -0.060587 0.19809 0.25756583 1.0
402.8441669066339 -49.639928453085034 0.426906 -0.187711 0.24918099 1.0
485.67682966062006 -60.71097390131154 -0.321841 -0.284645 0.32185644 1.0
322.5420485225845 -40.700440252875445 -0.193278 0.013287 0.18457378 1.0
449.3877624771701 -61.08762472058994 -0.509913 -0.547401 0.2662556 1.0
433.0053470900598 -78.5469589114384 -0.09716 0.035251 0.2974656 1.0
393.83313689285455 -72.81841806444386 -0.033222 -0.193503 0.25366503 1.0
495.0779037584031 -93.66351661833143 -0.254579 0.244363 0.33118087 1.0
413.0795165848118 -69.606154558924 -0.093404 -0.284264 0.31164467 1.0
395.1224226004817 -66.99279063023653 -0.255425 0.23409 0.26073572 1.0
330.74020081500174 -52.61459028631177 0.02218 -0.010425 0.20785682 1.0
481.773369264799 -77.27556440065312 -0.069743 -0.07214 0.34618038 1.0
501.9271633036759 -85.62072861191868 0.032555 0.350503 0.3263919 1.0
450.34721348502853 -65.70007668244645 -0.302332 0.359263 0.32666525 1.0
365.44232985862277 -52.136477446123465 0.334442 0.071778 0.24284308 1.0
470.2666880913361 -73.16172424669642 0.430247 -0.556621 0.3128013 1.0
464.9517422153352 -72.33285313706686 -0.662194 0.172104 0.3019518 1.0
415.78273060090703 -58.18201681561801 0.01955 0.225664 0.2762286 1.0
318.28403290198514 -46.35458774076581 0.258182 -0.120007 0.18179327 1.0
312.2741592689938 -44.71726295943507 -0.049767 0.181499 0.17434213 1.0
490.84438277286733 -73.90160160089859 -999.0 -999.0 0.30149794 1.0
409.71712198890003 -47.86037155417008 -0.046918 0.060044 0.29399708 1.0
393.53965690216955 -48.080665614661875 0.088456 0.234283 0.25700718 1.0
264.72636540416204 -59.12940969063033 -0.041012 0.194031 0.17363362 1.0
423.9676261040081 -94.42926656807191 0.084798 0.061594 0.30035356 1.0
416.2894027947177 -95.59151335122216 -0.233825 0.146771 0.26038793 1.0
326.4966597438508 -69.38969708659108 -0.018244 -0.218402 0.23266684 1.0
421.4701475055943 -85.73740402020404 0.287958 -0.292236 0.29980978 1.0
514.1969145116259 -105.87109150809223 -999.0 -999.0 0.34311563 1.0
517.8633129080367 -107.14850004151505 -0.167923 -0.055969 0.33970612 1.0
442.68533934789684 -81.50637456286871 -0.237304 0.5594 0.33599877 1.0
473.83244016132045 -88.86045564683909 -0.203102 -0.197016 0.3363073 1.0
440.0556048403672 -83.45876515855834 -0.225413 0.207638 0.29895997 1.0
513.1170031265953 -100.12583270778845 0.117569 0.020239 0.34392974 1.0
355.2429309815167 -61.95912553695256 0.266838 -0.077824 0.24332601 1.0
406.838689449505 -71.48343938087001 -0.476027 0.030596 0.27868322 1.0
490.3301996959832 -86.49652581023825 -0.033378 0.195395 0.34563878 1.0
396.0509139101249 -71.05872054295814 0.112612 -0.11506 0.2516707 1.0
497.8939572400407 -89.7411052200427 0.090251 0.182989 0.3289535 1.0
527.9713500163763 -97.81950788782707 0.125509 0.011754 0.34173873 1.0
277.6397993505501 -69.57703033541905 -0.005158 -0.003647 0.19533688 1.0
406.7321467086679 -103.55949883219388 -0.136274 0.018548 0.32483572 1.0
399.91258797053024 -103.09355484859967 -0.408879 -0.321323 0.29764995 1.0
425.19208573073087 -108.14688672037093 -0.335468 0.22505 0.32084706 1.0
418.95482521952545 -97.58510028361562 -0.04668 -0.151357 0.32454914 1.0
354.04648508655833 -81.55677616170529 -0.030053 -0.194248 0.24179064 1.0
357.2156695405757 -81.52725717923428 0.053951 0.004979 0.24360353 1.0
439.996412121855 -89.73709692585575 -0.100317 0.02867 0.32543713 1.0
369.8280178416992 -76.55196434467639 -0.344364 0.102435 0.2518026 1.0
394.38860813118265 -75.45415012032781 -0.224632 -0.098532 0.2936548 1.0
400.90552540305845 -76.06809920764414 0.321677 -0.054438 0.29892918 1.0
431.55007612541476 -83.84303206894664 0.054765 0.123774 0.30951414 1.0
445.41447312284004 -79.57226503567821 -0.00172 0.211568 0.3329183 1.0
383.6413245504845 -88.46010843718692 0.366475 0.107417 0.25898764 1.0
483.78975769765424 -111.85391971032853 0.298947 -0.453208 0.31779066 1.0
488.4925659687017 -107.34727587036812 -0.187734 0.072523 0.33639154 1.0
422.64621816950347 -86.54435145814028 -0.552697 -0.140786 0.28706992 1.0
426.57676389160804 -89.40686714168876 0.290783 -0.264822 0.27078182 1.0
454.0267321645664 -96.5864282955812 0.094329 0.111787 0.27916893 1.0
513.3604313972199 -103.08723752981861 0.546251 0.108909 0.3431515 1.0
508.109399679805 -4.3860477536385725 0.309359 -0.466616 0.35233483 1.0
364.62210855097686 -21.772742180760385 -0.109232 0.19371 0.22986403 1.0
362.44993964553703 -21.16610555626371 0.023146 -0.50939 0.22424017 1.0
365.7860413877257 -22.459688649495128 0.082969 -0.224522 0.22665721 1.0
368.03816964993763 -22.847736246127127 0.078683 -0.078704 0.22862023 1.0
495.6260322281438 -33.74428155568743 0.035195 0.039864 0.33721486 1.0
332.2525992258987 -23.829149018332696 0.061166 0.191203 0.18767479 1.0
522.5063780150961 -39.58891436381183 -0.321865 0.019061 0.33913293 1.0
526.0634764938161 -40.83272883129822 -0.093976 0.018248 0.33827052 1.0
521.955035606817 -42.93863632607348 0.053936 0.231374 0.32941294 1.0
531.0838113009349 -44.531230778618934 -0.308498 0.046769 0.33544996 1.0
536.3878686802828 -47.251636675948916 -0.286844 -0.015583 0.33540502 1.0
574.8874413580636 -55.69342256297669 0.238686 -0.214688 0.35196304 1.0
449.54689994399735 -19.338183568190264 0.095448 -0.062022 0.3097311 1.0
392.03195890193894 -18.665550685640653 -999.0 -999.0 0.2531835 1.0
380.32934889707633 -20.12761383508441 0.02799 -0.097954 0.23398197 1.0
463.8893694997562 -27.58893854214935 0.17229 0.280365 0.2974286 1.0
413.4953111575209 -24.415969167825335 0.138632 0.201044 0.25196213 1.0
481.777741716589 -29.676745457876105 0.46947 -0.254435 0.3073994 1.0
468.23071777677507 -30.456961765282934 -0.214101 0.164715 0.29320133 1.0
515.7015640278755 -37.69709225410291 0.501646 0.036937 0.32149586 1.0
528.5443596855886 -39.48689652004887 0.141398 0.060805 0.33194622 1.0
337.3943759533418 -24.948796979147893 0.368818 0.374028 0.18022153 1.0
397.86150642539076 -30.0925016405152 0.021757 -0.119623 0.22148788 1.0
339.55175255664665 -25.463646373742293 -0.11359 0.132087 0.1804744 1.0
416.5094398992959 -33.151933630811385 0.224249 0.093021 0.22856684 1.0
447.88452646212704 -21.7707617618522 -0.10465 -0.271552 0.27601337 1.0
483.9287095305912 -23.93342319110802 -999.0 -999.0 0.30814406 1.0
449.1642336701595 -22.979141720086854 0.200827 -0.141676 0.2752231 1.0
526.4375120350547 -28.691970552259814 0.11812 0.055559 0.345452 1.0
385.2664826500701 -20.34217701268105 0.023835 -0.109402 0.22235563 1.0
474.8510783066984 -28.97648375233337 0.298988 0.205529 0.28709665 1.0
432.47534086990635 -34.462859949782406 0.008743 0.36324 0.23030567 1.0
386.9113515608924 -8.678987717833664 0.167963 0.066307 0.2471387 1.0
448.0658774746639 -9.68532642359014 -0.264347 -0.433656 0.30036545 1.0
464.1086703339765 -14.68224013636173 -0.026597 -0.357698 0.30444214 1.0
451.79038574579795 -18.9632353999735 -0.054758 0.522854 0.27686593 1.0
452.3463394222154 -19.992313855084596 -0.078031 -0.068114 0.27730224 1.0
524.1952988274704 -22.526075232408733 -999.0 -999.0 0.3394911 1.0
423.4137352265801 -18.250118205344922 0.087717 0.320441 0.24959418 1.0
449.78463732516485 -22.527119924978535 -999.0 -999.0 0.26671064 1.0
453.36131376209346 -21.29601102578409 -0.237138 0.004593 0.268054 1.0
561.6264984825194 -34.82720420073124 -0.096664 -0.020005 0.3383806 1.0
442.57608547466185 -29.181229838201325 -999.0 -999.0 0.2373633 1.0
471.46590550988134 -6.83845762453621 0.085951 0.12643 0.32195905 1.0
460.033962738715 -7.042802743399546 -0.183462 0.014604 0.3097268 1.0
459.70121309064734 -6.014175615170514 -0.068072 -0.082462 0.30907723 1.0
476.95268005346657 -7.428624107951161 -0.046958 0.027323 0.32279742 1.0
486.18397397447 -10.26211013990762 0.188151 -0.00351 0.3249246 1.0
546.18304618788 -31.54761734468988 0.287259 -0.273263 0.3197715 1.0
358.30070314535885 -20.816358463282487 -0.261894 0.299836 0.18070525 1.0
457.2615165141612 -22.514059715423706 -999.0 -999.0 0.24863973 1.0
343.2685397973533 -19.477689137511117 -0.170018 -0.222026 0.21938318 1.0
358.4755775122095 -24.22648682223329 -0.089887 0.173444 0.22375172 1.0
399.87937914188217 -27.85635615612908 -0.113469 0.087922 0.24975237 1.0
314.82110910010863 -23.858802498337614 0.062852 0.240728 0.17929219 1.0
539.565753979107 -46.91180154702627 0.083741 -0.139451 0.3504856 1.0
479.02140354570827 -44.05795514650243 0.375808 -0.160993 0.2885515 1.0
439.3190487584404 -43.74306091754475 -0.129777 0.1456 0.24403484 1.0
360.3487355931265 -19.11024712063647 -0.022322 0.169411 0.22817276 1.0
429.94154214570887 -25.644243239871727 -0.150013 -0.21237 0.2771262 1.0
398.6535946196608 -23.200840064702327 -0.063038 -0.0264 0.24724893 1.0
465.18160061564765 -29.085665169983034 0.068356 0.291097 0.29776683 1.0
478.21774808209324 -30.542610566695206 -0.044571 0.281327 0.3069015 1.0
468.8132005104607 -31.75617800088919 -0.092321 -0.054439 0.2950611 1.0
531.5737380303226 -38.76417413970684 -0.035321 -0.195039 0.34853333 1.0
511.4868636503457 -37.54936342808807 0.089252 -0.116525 0.32138437 1.0
371.38942635598397 -17.06661898183039 -0.265519 0.014708 0.2306217 1.0
367.435134857019 -16.070200721642806 0.020639 0.081684 0.22464181 1.0
465.1422251825197 -23.31903430535909 -0.309235 0.200551 0.30166987 1.0
464.0870076966435 -25.782272477014224 -0.032057 0.148231 0.29732606 1.0
473.69822130981964 -25.521668851099957 0.023572 0.179967 0.3044423 1.0
549.0703825372408 -39.679009366944726 0.138592 0.148927 0.34719703 1.0
564.2268064014993 -42.06379149268739 -0.010601 -0.001396 0.3524682 1.0
420.8504036455876 -34.61829878705711 0.095369 -0.188121 0.22307254 1.0
395.1835508231544 -9.722024190385245 0.330084 -0.152832 0.25556868 1.0
479.72368742095324 -13.95877705518016 -0.261335 0.0047 0.33666927 1.0
481.9224039279488 -14.74763570663301 0.119292 0.064822 0.33780152 1.0
456.6108525653935 -14.232053228497586 -0.189363 0.28155 0.30217823 1.0
423.1334392291155 -20.83232689297217 -0.00231 -0.064076 0.2518066 1.0
429.3427139434977 -24.69797846950733 -0.219272 -0.078026 0.2464135 1.0
468.9847732371927 -28.852488922262637 0.265852 -0.2638 0.26856232 1.0
576.0911213216775 -41.64782740834848 0.067851 0.039662 0.3501743 1.0
572.6173151420799 -41.30396568383465 -0.020497 0.09364 0.34693187 1.0
574.140506682353 -41.83372856228393 -0.103168 -0.215616 0.3472096 1.0
563.8675130364999 -40.29881136376617 -0.464119 -0.236628 0.33314475 1.0
452.75748032579116 -33.50611232463132 0.199754 0.02345 0.24364407 1.0
410.02224985511197 -8.301925647125838 0.284368 0.233022 0.26364478 1.0
409.14965138390784 -11.074939665758114 -0.000882 -0.004988 0.2549 1.0
565.6505978207573 -33.64677242137957 0.661722 0.042938 0.34077403 1.0
392.03906896894676 -3.922638129082537 -0.03088 -0.051606 0.24743167 1.0
478.69139778174383 -6.943471998544861 -0.250004 -0.047637 0.31976578 1.0
280.27198893853745 -35.14455477621055 0.293841 -0.166275 0.16140664 1.0
517.2929809903022 -67.40561142108044 0.414261 -0.139518 0.35173854 1.0
367.13231689859623 -50.392223356039196 -0.059385 0.020761 0.20726441 1.0
374.31586181439565 -52.45010389428176 0.12309 0.099934 0.20817223 1.0
322.2120768017641 -33.64558045317189 -0.148684 0.402936 0.2022625 1.0
490.9247965587568 -50.676233390606086 -0.142524 -0.190058 0.35913232 1.0
315.8808074617218 -34.01440096772902 0.078218 0.167312 0.19462362 1.0
450.78533624955816 -47.79061277349194 -0.043687 -0.163098 0.30791333 1.0
337.82045555634267 -36.63089709920621 0.339715 -0.009169 0.2065832 1.0
504.9773621290823 -55.21566997000305 -0.164951 -0.266122 0.3559697 1.0
417.10303842747527 -48.23955226086045 0.01917 -0.220316 0.25792128 1.0
361.0919851270875 -43.525440941858484 -0.054981 0.084718 0.21069741 1.0
524.1534716211328 -62.44067608852213 0.196488 0.297837 0.3491246 1.0
506.7602125543886 -61.4536489369415 -0.258043 0.012796 0.32849374 1.0
409.34766153876495 -50.02712162560473 0.187151 0.038797 0.24377075 1.0
537.9845464088656 -66.15717749542317 -0.123162 -0.456694 0.34823832 1.0
334.46114506628965 -42.110336785914214 0.031477 0.128545 0.18023491 1.0
352.7498019391385 -45.075447360551074 -999.0 -999.0 0.19154996 1.0
350.3546243172723 -44.44021241130266 0.742122 -0.184969 0.18967006 1.0
340.07433670281887 -43.663772598440886 0.477565 0.01043 0.18151827 1.0
455.843007322502 -59.02133716008514 -0.14162 0.21868 0.26522377 1.0
351.9141337669218 -30.215721845634413 0.087821 0.056324 0.23142317 1.0
338.35216563480844 -31.761592177825055 0.032757 -0.111119 0.21456525 1.0
443.8101880853218 -45.031482012045444 0.111595 -0.120967 0.29149082 1.0
504.8354256490149 -51.463832660507215 -0.239402 -0.455514 0.35085407 1.0
514.9625994882874 -53.25801761290378 -0.137948 -0.196242 0.34902507 1.0
302.9474391058059 -32.46966717025888 -999.0 -999.0 0.16598125 1.0
518.9044118186342 -57.0368629433772 0.359759 0.221578 0.3376852 1.0
359.2949141586211 -42.296062350653806 0.274895 -0.037244 0.19512199 1.0
354.4073318776547 -41.84576388272142 0.027777 0.133968 0.1885745 1.0
444.114086055007 -35.77903230543179 0.088872 -0.254134 0.30415425 1.0
449.24224260887706 -35.85689667169327 0.003751 0.080852 0.3076067 1.0
384.78497333388555 -31.687524608267406 0.002641 0.115049 0.24519232 1.0
402.1927118759896 -34.49681916539448 0.069407 -0.093289 0.2537894 1.0
339.88781930719824 -29.867326443162316 0.158066 0.132652 0.20302804 1.0
396.6291632557776 -34.94755246394094 -0.073452 0.064719 0.24689734 1.0
435.1591137290086 -41.81714457278098 -0.014503 -0.000552 0.27151382 1.0
498.27790957769264 -47.30445916788782 0.06933 0.398016 0.3228559 1.0
516.4206982418826 -49.087129270798556 -0.237718 0.020286 0.3379548 1.0
496.2326145699055 -48.5456937278357 -999.0 -999.0 0.3181099 1.0
479.1313162679104 -48.85860454169433 0.06259 -0.115583 0.29726937 1.0
325.3754807326748 -33.22433093192348 0.464643 0.137704 0.17654769 1.0
414.59546669230315 -28.276208828530663 0.00642 -0.320293 0.28274447 1.0
451.20552357493165 -35.452631087817764 -0.067486 0.371153 0.29020938 1.0
372.80882848982736 -38.89706640514042 -0.361133 0.318503 0.19566083 1.0
578.1758957969122 -59.65953841556765 0.245944 -0.016064 0.35892203 1.0
405.5758945292 -44.51577509344677 0.45927 -0.559478 0.27217987 1.0
361.94578528195046 -42.96861556363017 -0.462977 0.152962 0.21916696 1.0
465.2252595815105 -43.808007576005316 -0.047764 0.002737 0.34238923 1.0
474.65265592713047 -46.260409463996595 -999.0 -999.0 0.34451735 1.0
359.9003515205134 -36.73189242958636 0.452121 0.249973 0.22908191 1.0
357.89569073953055 -36.82840250645752 0.196969 -0.265536 0.221231 1.0
509.1173696032319 -54.14772938991356 0.222543 0.115124 0.35350353 1.0
507.1546562506844 -55.76005378128192 0.241276 0.082396 0.34909308 1.0
453.9518281367718 -52.896268783120384 0.308652 -0.001789 0.28243566 1.0
530.8865965276233 -60.21375175813141 0.02741 -0.081221 0.34918535 1.0
342.1275101816406 -42.00001713499443 0.102752 0.1235 0.1818937 1.0
347.86907030326853 -29.055388896745615 0.280311 -0.046094 0.22919454 1.0
305.7626973551663 -24.222196455353007 0.057799 0.023417 0.19333564 1.0
266.5845574673624 -23.05969201253795 -0.007303 -0.12957 0.16087897 1.0
371.17280321830987 -31.98869305301862 0.060957 -0.068548 0.24200982 1.0
477.2678079216466 -40.632691738477384 -0.190469 0.048739 0.34724456 1.0
348.63216461430454 -29.145726813272493 0.040859 0.084245 0.22107315 1.0
442.6471079802686 -39.282071305612206 0.343593 0.180227 0.30608645 1.0
461.37297679885455 -42.993270805576216 0.212533 0.07229 0.3055161 1.0
321.8356098801012 -30.840308646649692 -0.002669 0.004194 0.18545227 1.0
420.4307924743857 -42.7173922124939 0.325992 0.004282 0.25382563 1.0
514.6614975345087 -52.675810931781356 0.1083 -0.052177 0.33879668 1.0
510.37261866886246 -54.084544560647096 -0.021185 0.18044 0.32261685 1.0
509.5223532939856 -55.13850526579673 0.17068 -0.040134 0.3233015 1.0
511.2851706865946 -53.77685657529128 0.007145 0.153124 0.32353994 1.0
511.350812126685 -53.89672333178526 -0.129724 0.021599 0.3234691 1.0
512.0863186678613 -53.97634482871903 -0.115857 0.12268 0.32408342 1.0
310.78480498912586 -34.63968703566889 0.111604 -0.273883 0.16309625 1.0
422.93376775814454 -47.51123680700158 -0.061274 0.002414 0.23912048 1.0
336.7592481311076 -24.324400800215557 0.330187 -0.192355 0.21201926 1.0
316.6567851265875 -25.21330932690417 -0.305517 0.274449 0.19111514 1.0
466.1183201776994 -38.876221718469075 -0.290167 0.154509 0.30419767 1.0
297.954878613189 -27.440932642385754 0.329186 -0.139103 0.16101587 1.0
471.4677488206437 -46.27829759143033 0.113752 -0.379081 0.28854567 1.0
304.5108239378444 -29.166238105362652 0.202409 -0.003212 0.16189675 1.0
433.55437884426044 -43.28026876604482 0.428937 -0.181236 0.24889696 1.0
525.9539646879165 -53.8933275971466 -0.432131 0.139115 0.3274312 1.0
397.13973020038816 -39.4327785793595 -0.103756 0.020627 0.21976908 1.0
329.5428883704045 -28.128744133076616 0.523263 -0.039696 0.18144222 1.0
335.3203150702684 -57.17764602848455 0.16728 -0.119538 0.2325766 1.0
477.20591753155884 -86.72352931642814 -0.065312 0.215038 0.33727053 1.0
479.49347789334286 -87.4216589639592 0.063666 0.093588 0.33761647 1.0
498.5529252745493 -91.49601577939288 0.318397 -0.066185 0.34639123 1.0
496.6767908645329 -92.65383806350428 -0.30502 -0.183849 0.33156586 1.0
426.96240301637897 -68.50240842860926 -0.179782 -0.180799 0.31978497 1.0
329.35566557113737 -53.47711999224908 0.195312 -0.152467 0.2172431 1.0
332.9523509568098 -53.86353114312202 -0.049095 0.206877 0.2201906 1.0
399.6682761393646 -65.54402662844095 0.081164 -0.076583 0.2821955 1.0
458.5508687971994 -74.94598750854803 -0.42567 0.036514 0.34385446 1.0
360.67145782142126 -58.35638496350247 0.10436 -0.028622 0.23789386 1.0
463.7423660920285 -77.71279016447696 -999.0 -999.0 0.33074468 1.0
385.9228695212166 -63.62223446554156 0.147623 -0.352175 0.24916182 1.0
472.7422488323082 -79.68050389334235 -0.035573 0.50019 0.33334073 1.0
491.8589653118656 -83.33965672248709 -0.193887 0.013187 0.34967238 1.0
352.8592255387224 -58.9762697990522 -0.012327 0.104108 0.21841267 1.0
400.1306721644862 -67.63743069763022 0.052745 -0.05575 0.2545008 1.0
403.5369405799725 -68.05860085919942 -0.479144 -0.210541 0.25555885 1.0
403.04265122562566 -68.0610114127401 -0.253289 -0.048117 0.2547644 1.0
410.33047234186824 -70.7424227603801 -0.218905 0.004415 0.2600099 1.0
408.4195970227029 -70.95867301638104 -999.0 -999.0 0.2549862 1.0
333.26098178525797 -58.61747019280146 0.027352 -0.001825 0.1813716 1.0
460.81011426161734 -69.37349796239208 0.330633 -0.045323 0.33647734 1.0
333.5671438943715 -50.76302176509244 -0.251888 -0.047872 0.21253729 1.0
473.59797089469566 -74.72608750425185 -0.237574 -0.036394 0.33410576 1.0
505.0452938469517 -79.38621457276187 0.628805 -0.007251 0.35637808 1.0
286.6878467981409 -45.72975806019303 0.556544 0.035087 0.165637 1.0
498.71885216393645 -79.43607245255149 -0.393211 0.111919 0.34954405 1.0
410.7361285309385 -66.39416776008552 -0.38779 0.146523 0.25463358 1.0
439.054349389191 -72.1210540341707 0.115889 0.42232 0.26301306 1.0
433.2829019588324 -71.31411559958534 0.383017 -0.257487 0.25806051 1.0
331.7310178649528 -45.19934006091937 0.301013 0.338035 0.21402128 1.0
461.7804789152641 -64.6455828207313 0.029445 -0.287131 0.33770344 1.0
445.5584539541048 -63.07831226617464 0.028842 -0.044377 0.32051045 1.0
332.206502982062 -46.83255691765984 0.256863 0.22072 0.20684415 1.0
290.3190970180961 -42.26319706323971 -0.076884 0.126339 0.17071864 1.0
460.87771020547103 -66.14915552595507 -0.224631 0.284559 0.31513512 1.0
518.1191727361623 -77.91405529392223 0.088585 0.03391 0.35989085 1.0
515.5869840201083 -77.59216510961886 0.01445 0.176046 0.34974262 1.0
475.26553592755175 -70.91407792527471 0.17739 0.304393 0.3041074 1.0
423.56578382051515 -63.446832760723446 0.069562 0.176126 0.25762063 1.0
409.8313953918212 -62.55317349431393 0.223086 -0.123158 0.24566077 1.0
404.7725066781391 -61.47623010931241 0.286307 -0.201821 0.24145514 1.0
511.5845382250938 -77.42969228107565 0.040991 0.075725 0.33244348 1.0
374.97100546464594 -58.13624025892392 0.399891 -0.685349 0.2140836 1.0
387.3735611088576 -48.625490461010806 0.268107 0.120357 0.2715598 1.0
336.8787578120968 -42.98156282156657 -0.133003 -0.471335 0.22159219 1.0
389.26283095095226 -48.7404224309219 0.052924 -0.004737 0.2621155 1.0
401.29788372447985 -53.323863734553285 -0.006588 0.232418 0.26468977 1.0
337.5829641866436 -44.17999595559266 0.021253 0.507511 0.20968138 1.0
341.9984145045825 -44.95053411764546 0.693371 -0.212277 0.2103159 1.0
417.6946043834583 -54.861039223944594 0.463307 -0.043401 0.27271003 1.0
416.08392899691654 -54.973471372008554 0.144287 0.044141 0.2714972 1.0
333.41184798198293 -44.45073984597254 -0.100178 -0.111268 0.1968536 1.0
509.2256260367486 -71.25498856596191 0.063786 0.184171 0.34536794 1.0
325.28555928697045 -46.135711206108205 0.243446 0.180917 0.18265453 1.0
314.31096196708825 -44.021465862497095 0.013382 0.033532 0.17480658 1.0
540.4731964838477 -76.72511734464598 0.179302 0.062513 0.35921133 1.0
402.2797313448774 -57.076980753922385 0.013494 0.12579 0.23407651 1.0
404.119918809505 -58.141621763310106 0.443447 -0.193202 0.23501545 1.0
373.4226346647339 -52.83273192066769 -0.398501 0.185264 0.21109028 1.0
512.647582955667 -74.51386463662725 0.097016 -0.103578 0.32223967 1.0
351.3630181699285 -51.08687631400895 -0.209392 0.232507 0.19151306 1.0
442.639789560704 -64.72607498609177 -0.256165 0.194644 0.25895974 1.0
349.65647066010433 -40.05112777482607 0.023799 0.1779 0.22961001 1.0
392.9990553201607 -47.11532940746039 -0.321887 -0.097698 0.25410685 1.0
354.35368450329867 -42.06984109759177 -0.375832 0.143611 0.22012992 1.0
444.4572771350757 -53.955714326044294 -0.457579 -0.014365 0.3019509 1.0
420.32174992926326 -50.70902419235182 -0.052664 -0.028692 0.27354053 1.0
402.1134530691568 -49.93679499207284 -0.176471 0.072198 0.24858837 1.0
318.32510447302406 -40.53078820080028 0.004535 0.027529 0.18156773 1.0
363.94840773261274 -46.68736905510973 0.014036 -0.15717 0.21114317 1.0
407.9506974719092 -53.54901020666685 0.018592 -0.470727 0.23907176 1.0
520.9208635872859 -68.53433185282324 -0.008964 -0.028492 0.33361357 1.0
453.02617674421623 -60.85619923967813 -0.075315 0.014631 0.27009007 1.0
430.4614263293796 -78.25655593687652 0.221268 -0.206901 0.2967232 1.0
430.622351456992 -78.16187781683381 -0.231431 -0.071987 0.29519895 1.0
390.3692623879952 -72.61738812878677 -999.0 -999.0 0.24824737 1.0
403.58590318574494 -75.90042090481307 0.098196 0.084541 0.24992073 1.0
520.5005292271488 -98.2094937970335 0.022157 0.028942 0.35595083 1.0
453.42125786575644 -78.14639814476278 -0.09335 -0.033449 0.33208305 1.0
457.5960709345492 -77.49367993647446 -0.374985 0.009443 0.3336196 1.0
459.2582848032288 -78.45811925122133 0.167866 -0.003311 0.33544314 1.0
378.92484100380636 -64.5217336593676 -0.040008 0.140022 0.25273615 1.0
436.22848054379284 -75.15871541212667 0.323285 -0.205953 0.3037572 1.0
330.2574953817688 -57.20953115457742 -0.334431 -0.06528 0.20735823 1.0
461.153518082365 -79.87571546465756 -0.187653 0.002084 0.32381824 1.0
392.23314576477304 -67.80808186027532 -0.159708 0.039802 0.253696 1.0
407.8183143095121 -71.58749104503904 -0.252534 0.239039 0.26029858 1.0
512.7296866686515 -90.91486230271866 0.002003 0.424924 0.3554341 1.0
405.5372080983072 -72.29572077617217 -0.180302 -0.11905 0.2526418 1.0
407.0073991030525 -72.48859439499537 -0.027022 0.051354 0.25349456 1.0
388.7826483777517 -68.81470506490042 -0.183448 0.123158 0.23648676 1.0
312.5067842236354 -55.55379802315473 0.321918 -0.334773 0.17701821 1.0
500.0252226274673 -89.2016570482386 -0.28361 -0.049422 0.32979697 1.0
395.1517609968318 -71.88593575603876 -999.0 -999.0 0.22584401 1.0
392.5804156234062 -71.789354889296 0.024105 -0.057116 0.22405961 1.0
450.3917613859076 -70.79442902827827 -0.054228 -0.031061 0.32740322 1.0
444.3102942243613 -71.15041377829873 0.381665 -0.110013 0.32162458 1.0
329.79500219781164 -52.429009125233044 0.300047 0.308075 0.2122094 1.0
467.7091196853054 -73.65827276300857 0.080932 0.175113 0.34277475 1.0
443.4631239507129 -70.97412073913223 0.034665 0.137262 0.309287 1.0
468.1913769782366 -74.58148378107309 -0.14758 0.201532 0.33324638 1.0
362.1122728861051 -58.95540515150363 0.01833 0.165051 0.22742045 1.0
498.55160656988846 -83.45866730816863 -0.133506 0.125017 0.33945927 1.0
415.3410208354959 -68.99283956059736 0.111236 -0.0111 0.25547945 1.0
366.58279462738835 -62.02909428345943 -0.008342 0.092805 0.21056654 1.0
537.2108119878184 -93.58776805398327 -0.039058 -0.089382 0.35019037 1.0
472.6069754864088 -70.38578618334303 0.333424 -0.784254 0.339314 1.0
503.5817641737783 -79.04713613013661 0.351389 0.281513 0.34239972 1.0
321.11691419047844 -49.99031314595569 0.11884 -0.034217 0.18303137 1.0
318.26181564271377 -49.56578611166032 0.086296 0.040703 0.18028411 1.0
521.7931328001854 -82.11506072897555 0.012926 0.338474 0.3524286 1.0
538.727019138913 -85.19917459984757 0.306652 -0.064163 0.35351288 1.0
435.18121910958206 -68.65405071685437 -0.230892 0.061195 0.2593405 1.0
364.11946337247826 -58.42667233701653 0.038813 0.308836 0.20115751 1.0
405.74561450257806 -67.11544374332358 0.012981 0.034541 0.23065345 1.0
535.5655769887942 -87.75875504345002 0.017968 0.563077 0.3370104 1.0
317.7741422102143 -41.79663606624054 0.157018 -0.407971 0.20787168 1.0
469.51072945520855 -62.914312764866466 -0.022313 0.126421 0.3533064 1.0
482.00140670965317 -65.16220960908089 0.160264 -0.495483 0.35145584 1.0
412.1901592488429 -57.483926427637215 0.184607 -0.019994 0.2724084 1.0
444.45776341184666 -61.98074595869032 -0.09364 0.055022 0.30195943 1.0
290.70481845920506 -40.7558871858751 -0.09927 -0.329695 0.16982515 1.0
310.00676914625484 -44.15442059136674 0.364607 -0.432557 0.17579201 1.0
413.0016782930771 -59.59401600667817 0.054916 -0.285348 0.25586542 1.0
422.41016327478314 -62.19821233990658 0.175491 0.040229 0.25621474 1.0
480.0181620342696 -69.73868076761867 -0.054601 -0.009848 0.30452847 1.0
399.9718767952315 -60.36287632862661 -0.032209 -0.059403 0.23293748 1.0
338.8414593625395 -52.483837470051924 0.313742 0.252648 0.18186678 1.0
411.28816208893153 -62.01838423960756 0.14019 0.138732 0.23290923 1.0
391.3020033051956 -48.81820739637088 0.015845 0.420811 0.25886744 1.0
270.9292206503302 -33.763848334672645 -0.241567 -0.247359 0.16035132 1.0
341.57899361432027 -43.3655411395228 -0.07352 0.252118 0.2097577 1.0
420.6113243118891 -53.8473353719388 -0.097435 -0.158624 0.27410537 1.0
483.57661076176777 -64.86473469447537 0.18142 -0.133548 0.31877074 1.0
442.22433971028323 -58.123581751236934 -0.029591 0.16512 0.27863282 1.0
365.3070596228746 -50.50643318508566 -0.229354 -0.136371 0.21007818 1.0
536.3155127561779 -75.23845555555295 -0.065053 -0.121408 0.3515679 1.0
375.62318499683187 -53.31428980293443 -0.18372 0.356169 0.20914234 1.0
375.1326973095229 -90.38802363416028 0.014442 -0.00689 0.28953743 1.0
375.0870131656914 -90.37155625323305 -0.605207 -0.056519 0.283668 1.0
341.86327902707154 -81.08918814427247 0.02905 -0.428307 0.22917576 1.0
368.3884172008967 -87.26179913017569 0.061975 0.237453 0.25283265 1.0
299.7159898451593 -70.54339941712774 0.320614 0.217742 0.19122633 1.0
423.17183635993615 -95.504374327852 -0.100429 -0.073083 0.32986185 1.0
265.32834476829447 -60.08824323260796 -999.0 -999.0 0.17449455 1.0
424.74756522417044 -94.52087938400825 -0.035562 0.02085 0.32209072 1.0
358.4242422195649 -81.43753967716216 -0.247644 0.066598 0.2529068 1.0
428.13369504303074 -95.48013899428193 -0.072201 -0.148915 0.32309958 1.0
436.68669062569785 -97.50262452620424 0.105252 0.179845 0.33119178 1.0
430.32543248496114 -95.86487509019278 0.295931 0.17075 0.32003295 1.0
434.1889494905122 -98.41062959040043 -0.416183 -0.063153 0.31979194 1.0
446.7470838160639 -99.72626883551365 -0.166812 0.067836 0.3308149 1.0
339.19236393726254 -75.31001189437032 -0.208541 -0.141793 0.21954201 1.0
488.71452547460393 -111.24685246207193 -0.196832 0.038937 0.35565397 1.0
491.27698298419847 -111.70909971590882 0.024896 0.613815 0.3547018 1.0
319.14731913229105 -72.62244739959877 -0.051009 0.046503 0.1944343 1.0
480.5285480197367 -107.60609348841504 -0.282278 -0.038418 0.3364904 1.0
464.41483477059904 -104.03322497016022 -0.093809 -0.253634 0.31867906 1.0
458.03962100285275 -102.97481975693312 -0.43869 -0.101477 0.3084855 1.0
328.2123599090596 -74.92770100997109 0.174457 0.159598 0.18577513 1.0
524.0627207619123 -118.2023279556345 -0.256866 -0.377905 0.35021567 1.0
422.3100978481494 -95.32374108485831 0.094763 -0.116493 0.25643486 1.0
426.3333736492931 -97.04750963245284 0.231489 -0.0209 0.25788692 1.0
324.82013171084935 -69.05489490818874 -999.0 -999.0 0.23120049 1.0
417.8253660585518 -88.45924016516291 -0.116282 0.132555 0.31299487 1.0
425.5200940196958 -90.23033496494625 0.087588 0.20504 0.3095776 1.0
372.28393198938966 -79.99404265719186 -0.302503 -0.157572 0.24819693 1.0
307.3824532719462 -64.72702467474184 0.069897 -0.645774 0.18866535 1.0
311.5647025124168 -67.08575143027407 -0.050935 -0.261557 0.19090895 1.0
460.92314062174836 -98.52204743537213 0.04049 -0.230347 0.30871537 1.0
318.9730228299769 -69.06779958607018 -999.0 -999.0 0.18726933 1.0
501.9299343281683 -107.95587102370881 0.02714 0.015715 0.34153107 1.0
516.0361787314611 -111.23316874707193 -0.12143 -0.539329 0.35088062 1.0
514.8355965005427 -111.62000641542637 0.388393 -0.019725 0.34452426 1.0
425.26293084718276 -93.49142829499296 0.05404 -0.106348 0.2546678 1.0
530.6684627694233 -114.38958182561504 -999.0 -999.0 0.34923303 1.0
401.95610485633426 -79.84325993761477 -0.054543 0.147295 0.30112255 1.0
401.7490979403148 -79.52884151521589 0.162419 0.106025 0.30063546 1.0
333.34545381257385 -67.13514776465155 -0.125597 0.140375 0.23159038 1.0
282.2292204647898 -56.44673541342584 -0.025466 0.079881 0.18151605 1.0
431.1297311288633 -87.66774493659422 0.190723 -0.331829 0.28485745 1.0
505.6390614419304 -102.92751356701888 0.004225 -0.235954 0.35833582 1.0
341.18836495303776 -69.98810930995731 -999.0 -999.0 0.20563988 1.0
424.0827289126241 -86.42609401625462 0.181566 0.261619 0.2747681 1.0
426.26012621206723 -86.52149316598016 0.155661 -0.02693 0.2765032 1.0
499.36389631032637 -102.00604306490932 0.334521 -0.016568 0.34467414 1.0
502.30261012034 -103.60914814525874 -999.0 -999.0 0.3361691 1.0
506.87999849470026 -104.15074714617234 0.00901 0.242407 0.33894295 1.0
510.4083398008043 -103.97908864334407 0.064373 -0.140119 0.34137297 1.0
418.0095689382583 -85.360622475351 -0.216661 -0.150373 0.25461936 1.0
515.9669825376797 -107.18539403763181 -0.326878 -0.071542 0.3404598 1.0
382.7851240360956 -78.68466256435487 -0.058226 0.290226 0.22148174 1.0
334.3048204377657 -62.54069412507499 0.020605 -0.124875 0.23563796 1.0
403.10555226631675 -76.34114562622887 0.2206 -0.071352 0.3013451 1.0
352.86419531367375 -66.27872328629465 0.352768 -0.297252 0.23161447 1.0
462.08422634608627 -88.04259015950254 0.228267 -0.12655 0.332427 1.0
451.8079366451089 -84.38066019297553 0.188417 -0.23517 0.31865585 1.0
326.95148513733704 -61.64255962886964 0.054995 0.148957 0.20311773 1.0
441.60619471098835 -83.85072121121404 -999.0 -999.0 0.29989347 1.0
392.5535554925637 -75.45418569968353 0.058392 -0.084908 0.24903603 1.0
425.4060920996273 -82.40100498843279 0.031313 -0.057807 0.27612916 1.0
430.6801025263107 -83.36807312963576 -0.194074 -0.022273 0.2748017 1.0
490.8939866370696 -95.10436862352755 -0.206793 0.085045 0.32985818 1.0
529.425349926447 -103.40990474489598 0.140491 0.114284 0.34819606 1.0
413.0707556716061 -70.45804792588213 -0.315306 -0.17643 0.312236 1.0
400.4132516141131 -70.5392370910196 0.182202 -0.035524 0.27960044 1.0
450.3643966026822 -79.79005935718799 -0.152179 0.427262 0.33130488 1.0
453.23455573493493 -79.95640307664138 0.064547 0.031175 0.3342367 1.0
405.5495676435826 -70.85303902786418 -0.086825 0.127035 0.27921778 1.0
381.74212686917275 -67.25695282314975 -0.032885 -0.480212 0.24785304 1.0
492.588155932406 -87.72827686301336 -0.156953 -0.119475 0.35186228 1.0
398.36810457956824 -71.57515910592439 -0.153878 0.037046 0.25153396 1.0
376.8134839028476 -68.84932470474277 0.268838 -0.086585 0.23251626 1.0
403.87593800163575 -72.10398360226824 0.087728 -0.191353 0.25345227 1.0
497.7172757099798 -89.07718682478355 0.811003 0.344984 0.33907852 1.0
318.3544357759047 -58.15116141606341 -0.237799 -0.088344 0.17719701 1.0
524.4996710231674 -98.021765627941 0.042744 0.099793 0.34284252 1.0
405.71261148021296 -102.83797612618672 0.190492 -0.259866 0.32605466 1.0
410.1567835390806 -103.0957813333686 -999.0 -999.0 0.32911783 1.0
408.52015200569747 -103.38637960499553 0.411807 -0.080446 0.32642767 1.0
378.0001248320695 -94.79676578232262 -0.0998 -0.329337 0.29024762 1.0
262.04016331320236 -65.12321939784957 -0.118905 -0.18269 0.17381367 1.0
329.7397369581535 -83.20892944818613 0.446021 0.19424 0.22618893 1.0
330.0237517198171 -83.51861871945047 -0.098996 0.161811 0.22626081 1.0
300.7047151079672 -74.1345535686146 0.030927 -0.218224 0.18823536 1.0
423.93975784903654 -99.4494092514313 0.075243 -0.059378 0.280398 1.0
298.5811332077516 -70.45906493480076 0.107679 -0.208828 0.17511447 1.0
369.1418256433507 -95.5365967791573 -0.355894 0.031154 0.28393418 1.0
405.5782103326564 -105.94816670406499 -0.058262 0.19604 0.32480118 1.0
405.29060644917894 -105.4480022078622 -999.0 -999.0 0.32370397 1.0
369.5990217443725 -95.01582157082595 -999.0 -999.0 0.28163844 1.0
252.9812536511115 -65.33029525830558 -0.451376 -0.431242 0.16736105 1.0
416.32147402844686 -107.89987261043517 -0.404987 0.279254 0.32236838 1.0
412.3568641650543 -102.76313672936257 -0.224346 -0.432113 0.32706207 1.0
413.417963026091 -102.8042594558897 -999.0 -999.0 0.32833385 1.0
423.0467872701349 -101.86567896375826 -0.205871 -0.007034 0.29803094 1.0
470.48840916061556 -113.67757346955615 -0.193382 0.2184 0.34714296 1.0
313.63338750246913 -75.7309069340805 0.402529 0.214067 0.1936112 1.0
313.8105067645221 -75.42403950679739 -0.054139 -0.214704 0.19185762 1.0
331.9684386175277 -79.96388510705098 0.275069 0.092336 0.20525822 1.0
327.7854664151005 -78.49906284095024 0.093041 -0.332969 0.2017079 1.0
408.65917707201555 -101.30310809664041 -0.101719 0.239736 0.32991314 1.0
375.72387320564815 -92.10728290908133 0.258945 -0.491033 0.29127574 1.0
375.0954871429028 -87.00293162424279 -0.281028 0.238511 0.28422576 1.0
344.74862000827665 -79.99384045901466 0.040667 0.320996 0.24918257 1.0
351.9855785209129 -81.3081621825986 0.085941 -0.208808 0.24414004 1.0
370.35831879753925 -86.05224900992128 0.149408 -0.041415 0.25540677 1.0
263.95483830287804 -56.92046678040272 -0.130885 0.1232 0.17203131 1.0
352.59600763309965 -76.1538631562682 -0.17742 -0.043739 0.24761264 1.0
355.5350378945744 -77.55071803674049 -0.196075 0.01138 0.2488187 1.0
354.50964931794636 -78.10742752745344 0.022567 0.007451 0.2472537 1.0
423.6013706470813 -85.82209791299958 -0.112789 -0.027214 0.33522657 1.0
424.45438708636203 -86.82978762102971 0.104157 -0.044165 0.3354216 1.0
449.57681796127116 -93.45874854999016 -0.005705 0.174335 0.33217505 1.0
335.14912072149775 -64.43837755341423 0.544953 0.369395 0.2361693 1.0
347.841951774103 -67.81659678241824 0.059412 -0.137997 0.23300517 1.0
345.5122226856794 -67.93336266842691 -0.171885 -0.145612 0.2310587 1.0
325.10772779985984 -59.30566312031545 0.04881 0.16759 0.22523 1.0
341.63459151255665 -62.74583833115929 -0.177591 0.009251 0.23069213 1.0
384.57384246784636 -89.71978433359146 0.203811 0.043961 0.2600268 1.0
485.79408893800564 -111.7741537123376 -0.174847 0.123976 0.35388097 1.0
347.46492223447785 -80.8801378664079 -0.340218 0.221575 0.21891057 1.0
419.79703988839066 -97.05024248170068 -999.0 -999.0 0.27998662 1.0
436.2565674146251 -101.19040513511251 -999.0 -999.0 0.2855426 1.0
414.48847052156947 -95.46284937136278 0.193936 0.243218 0.2599598 1.0
344.9235150842292 -76.19363325523287 -0.211796 -0.348188 0.21947536 1.0
431.21662967821754 -93.49888857102869 0.151658 0.127045 0.29664537 1.0
455.7734058271494 -98.96782043712989 -0.066939 -0.167089 0.3141478 1.0
352.48773636271187 -77.58120639167207 0.064811 0.075716 0.21927667 1.0
300.9190633560113 -66.67850361241105 0.3416 0.466007 0.1780754 1.0
323.31450056000784 -70.96739611054846 -0.266532 -0.016926 0.19415338 1.0
347.3762718896467 -75.88226514914024 0.007926 0.117214 0.21251032 1.0
358.54677366450335 -78.49714675738647 0.26243 0.38356 0.21989861 1.0
501.52279027134784 -109.86068253470336 -999.0 -999.0 0.346685 1.0
326.35383984778395 -72.976978923353 -0.03463 -0.276825 0.18492246 1.0
416.48631517062773 -93.68986972226142 -0.211334 0.179784 0.25199854 1.0
526.9699277385113 -117.09629044974656 -0.175988 0.009814 0.3505916 1.0
371.6752580496765 -77.25029395398583 -0.450087 -0.206021 0.24963096 1.0
352.2628558155717 -72.56329651427086 0.030406 -0.262939 0.22575934 1.0
327.0676155722661 -67.2989360396382 -0.080143 -0.073855 0.20404354 1.0
381.4130264705227 -79.9507954190106 -0.227802 0.237555 0.24890225 1.0
496.90205748365156 -104.0443288807692 -999.0 -999.0 0.35510215 1.0
453.8530640391851 -93.70008431562148 -0.017577 0.102706 0.30716676 1.0
386.36448662588833 -79.9432169736985 -0.053741 -0.141341 0.24525665 1.0
424.76464933916264 -87.9415150462149 -0.391038 -0.393049 0.27544504 1.0
391.3231402323314 -81.81694243500458 -0.034732 -0.10396 0.2456634 1.0
397.0757724319407 -83.11375968723122 0.31056 -0.318618 0.24841124 1.0
494.14303272397325 -102.87502195813799 -0.081934 0.112136 0.33913532 1.0
500.98482942787007 -103.87657591323234 0.10562 -0.240481 0.3447347 1.0
345.27099899134294 -72.26293768464161 -999.0 -999.0 0.20551454 1.0
405.85219213150185 -84.51579605179032 -999.0 -999.0 0.2509521 1.0
364.1659430345365 -76.51566541732673 0.031748 -0.020378 0.21713206 1.0
427.55835908873 -90.77349779382183 -0.136944 0.382487 0.26762906 1.0
509.7845712728792 -107.30953184388216 0.128115 -0.314034 0.3439192 1.0
509.808540411718 -106.90656575895473 0.353696 0.001794 0.33882853 1.0
429.49227055972347 -89.90071406340068 -0.069994 0.335861 0.26492167 1.0
429.6554687534191 -89.57754334997199 0.066148 0.179276 0.26462513 1.0
509.78031689198906 -106.79417892543346 0.276915 -0.239898 0.33671382 1.0
511.9664850339193 -107.93212630988563 0.231397 -0.262511 0.33789268 1.0
454.819674926209 -96.24517694488219 -0.112419 0.065578 0.2788229 1.0
532.1167748195928 -113.06792309124349 0.081501 0.054105 0.35023287 1.0
354.3514926268596 -68.79932168671328 -0.105516 -0.190903 0.23212133 1.0
357.09613785853037 -70.6493887296577 0.176147 0.252346 0.22672531 1.0
499.1027152947042 -98.62178131580689 0.501604 0.090525 0.35580415 1.0
390.5765756103161 -77.86950192127611 -999.0 -999.0 0.24818753 1.0
423.842304174286 -82.5275358885267 0.146244 0.496166 0.2740738 1.0
512.6815658351868 -100.85514520665751 -0.153532 0.294159 0.35937455 1.0
509.65384306442826 -100.35879286237497 -0.185507 0.023179 0.35633326 1.0
499.53662959656947 -100.52536686535154 -999.0 -999.0 0.33706075 1.0
500.61903247646677 -100.67096420932984 -999.0 -999.0 0.33770353 1.0
385.5209120201544 -76.89294691108671 -0.225913 0.382728 0.22605959 1.0
435.57951679661886 -86.40538079150761 -999.0 -999.0 0.26509246 1.0
529.0189488682371 -105.66959155428859 -0.170872 -0.035978 0.3467075 1.0
530.1435587633687 -105.52973762830362 -0.26604 -0.190914 0.34667808 1.0
429.8548272015808 -87.36224419209593 -0.099872 0.643504 0.25477442 1.0
