X Y e1 e2 Z WEIGHT_SEEING
316.9296129737672 -286.5171712300065 0.07968 0.048342 0.31602734 1.0
358.6567961203441 -302.30006942962916 -0.13921 0.18391 0.351451 1.0
317.79456969581855 -289.16276884845024 -0.099881 -0.02591 0.3411094 1.0
252.41378542223833 -229.46980266729474 -0.238809 0.208679 0.24374582 1.0
329.594374942616 -293.7592068448251 0.109637 0.088213 0.34907073 1.0
311.4835033291067 -276.4957321675086 -999.0 -999.0 0.31701428 1.0
380.3672038887972 -300.05819876560093 0.100889 0.132758 0.35482043 1.0
371.84167933219646 -294.30909665763136 -0.281786 0.00692 0.35313776 1.0
373.24863149301 -303.3900654490663 -0.088511 -0.293454 0.35749134 1.0
364.022602518874 -287.53806650485313 -0.596066 -0.317945 0.3418749 1.0
244.41258858003505 -219.60338440335826 0.275827 0.260794 0.21853825 1.0
239.94979324172564 -210.50099106398062 0.3808 -0.571022 0.21319692 1.0
358.5447118738353 -303.6140031434794 -0.210055 -0.168656 0.35118797 1.0
304.2906715600344 -252.45900384966964 -0.33319 0.703311 0.271107 1.0
327.4781339980533 -294.625867611162 -0.291058 0.10614 0.34947446 1.0
351.0679989965496 -292.5927087722359 0.517496 -0.090176 0.34460625 1.0
358.23079413045326 -292.19298185563565 -0.115079 -0.061659 0.3506424 1.0
294.5016097546216 -258.18529511749375 -0.272336 -0.271465 0.28334376 1.0
274.9726863312483 -236.62491284580707 0.004085 -0.078313 0.24907431 1.0
353.7515883045967 -295.09964745781053 0.23437 -0.290322 0.34428003 1.0
372.39899962592887 -301.9367202028498 -0.199128 -0.257565 0.3555204 1.0
216.63918378256437 -181.73326019024574 0.076595 0.141746 0.18120721 1.0
376.0389901896202 -290.6920089202197 -999.0 -999.0 0.3412324 1.0
388.37409184760355 -294.53958124478726 0.030791 0.032093 0.3556858 1.0
361.0275508650601 -289.8578984650186 0.269877 0.137312 0.3535168 1.0
346.104425618796 -239.64043512332404 0.009999 -0.034916 0.2674485 1.0
331.5054885532611 -286.3283432215038 0.391048 -0.675001 0.34767312 1.0
269.84782482773517 -190.1546271511444 0.228214 -0.263269 0.19735071 1.0
342.3915603720518 -271.3421222772937 -0.054275 -0.015009 0.31497645 1.0
265.1432744649897 -198.65543176793204 0.104835 0.544834 0.21037598 1.0
269.2850513577512 -200.57092889011307 0.036245 -0.146927 0.21241282 1.0
393.76717750223645 -289.02018796568876 -0.009457 -0.125438 0.35310525 1.0
395.8754058442453 -290.1292842663576 0.427921 -0.05054 0.35485664 1.0
276.81733653310715 -200.9629257293562 0.111536 0.054073 0.21147673 1.0
402.3672904218946 -284.5221787213569 0.467916 -0.092721 0.3448894 1.0
411.7692895293023 -288.7368841194988 -999.0 -999.0 0.34813046 1.0
352.39686433606215 -257.16940272201856 -0.244466 0.125626 0.29930988 1.0
341.48220943229586 -249.6154259205454 0.351125 0.138744 0.28127992 1.0
341.45335691448025 -247.34642999599185 0.158418 0.148146 0.27806607 1.0
324.74537726996965 -235.08105642320695 0.148497 0.120435 0.25809452 1.0
278.2172015595593 -200.500788370876 0.033188 0.317073 0.2092343 1.0
294.5279313639854 -210.54754626273268 0.156006 -0.325867 0.22262597 1.0
271.10327020065205 -193.52142338707898 0.017734 -0.130661 0.19989458 1.0
405.4138522800839 -287.32383453735815 0.120049 0.187167 0.35159448 1.0
410.7908437202168 -282.81532975863973 0.245221 -0.593335 0.3442496 1.0
283.92469789614563 -237.81900625722406 0.174468 -0.065477 0.26475838 1.0
341.04677260927474 -281.3887121334171 -0.517589 -0.328775 0.34276602 1.0
318.6771712057013 -255.90148163733795 -0.041027 0.249937 0.30924886 1.0
341.6550929575416 -241.55583949536685 -0.003427 -0.429001 0.27905983 1.0
233.3758653609698 -192.11120566189638 0.700123 -0.23122 0.21445218 1.0
280.9150275476628 -228.8909343441881 0.116343 0.084524 0.26990795 1.0
305.96526692072916 -249.84809581118552 0.341336 -0.4444 0.31636447 1.0
331.08860547339424 -259.43180165645776 -0.202802 0.493881 0.3321654 1.0
335.81958017625607 -245.5445680522071 -0.091661 0.058186 0.30566123 1.0
336.6197168318987 -246.94864834360462 0.023302 -0.085063 0.30602908 1.0
362.65293240236844 -247.21404274814907 -0.318534 0.071889 0.30423924 1.0
407.0344488791908 -275.6299574874764 -0.113999 -0.359393 0.35438627 1.0
408.399939113107 -274.2140186885974 0.249258 0.107937 0.35165906 1.0
283.7100274164472 -201.86191484353589 0.046079 -0.100655 0.2366266 1.0
287.9025229579538 -253.34486649586833 -0.149859 -0.054254 0.3150518 1.0
296.24553473596507 -249.77236048409137 0.043193 0.370752 0.31942955 1.0
302.3261721376705 -276.9461618974955 0.110438 -0.352896 0.3354118 1.0
309.4196902223681 -267.04344296249246 -0.116223 -0.362382 0.33444592 1.0
270.80386424739135 -236.29109025270532 -0.238311 0.121105 0.2902153 1.0
229.72062097099356 -190.27889317126298 0.077214 -0.008506 0.21489608 1.0
235.25025450443403 -192.31525122306533 0.205967 -0.258058 0.21767057 1.0
334.91839626223003 -276.88033853985434 0.165309 0.118392 0.34306046 1.0
289.3986905054933 -225.59688274455982 0.108739 0.207878 0.2607676 1.0
337.64290313434987 -258.76864263226975 0.253122 -0.46773 0.3177802 1.0
326.658150283027 -241.88749798411644 0.180404 -0.055101 0.28410593 1.0
310.14553032257044 -211.5772452454089 -0.364843 -0.173265 0.23368673 1.0
233.7978701145924 -190.169407490214 -0.178187 0.139865 0.21480821 1.0
265.12439416835133 -210.44578865242428 -0.102575 0.12257 0.24278983 1.0
325.61223772492684 -254.65134889287944 -0.152192 0.200593 0.31701708 1.0
410.17980505978426 -275.5783157687639 0.243583 0.234693 0.3518498 1.0
323.9520619354077 -247.54082929981234 -0.129281 0.12412 0.3145919 1.0
336.5125695551148 -232.5961235705038 -0.10318 -0.269448 0.28442395 1.0
343.35355376340885 -234.72406758698926 -0.171469 -0.047522 0.28905094 1.0
365.0561579077501 -244.99599787843388 0.004602 0.002726 0.30438006 1.0
417.75732476752887 -272.7965991656565 0.037454 0.340042 0.35656434 1.0
284.07455350847926 -237.98419084389855 0.313044 0.138118 0.26484555 1.0
329.4042003659813 -281.05518676639787 0.051974 0.107249 0.3476451 1.0
330.12059359950666 -281.986747234095 0.306531 0.275032 0.34710255 1.0
296.20067793591863 -222.05094152687775 -0.088662 0.044732 0.2501628 1.0
288.4257227555666 -216.22654806329047 -0.20891 0.11166 0.24035388 1.0
389.81062449434705 -279.8847898648487 0.037468 -0.018059 0.34486872 1.0
401.95947010944485 -279.54627666834546 0.104043 0.055993 0.3425883 1.0
314.91777175151867 -215.0622119745863 0.13908 0.157708 0.23744376 1.0
233.99652044896348 -193.59514441372212 -0.083039 0.252094 0.21762377 1.0
324.0488959915787 -261.83580633338187 0.092964 -0.086314 0.329814 1.0
337.76536687497065 -257.6389015833421 0.040751 -0.050683 0.3183498 1.0
287.93594609425446 -208.03478604625977 0.22372 0.336608 0.2334405 1.0
386.6969264070753 -278.0124674135938 0.165702 -0.244587 0.35159263 1.0
405.6418166609492 -272.31168429893114 0.085477 0.238839 0.34126455 1.0
336.8837930626564 -268.1429802304211 0.072965 -0.096884 0.347955 1.0
352.6856168618593 -271.55024881276574 0.040513 0.439144 0.355798 1.0
351.8623506630721 -267.1958929570146 0.051036 0.21867 0.3461217 1.0
353.3609321537981 -266.9487383065441 0.122541 0.202019 0.34575066 1.0
355.80504107369023 -268.2765379573847 0.195371 -0.011872 0.34913647 1.0
337.7611242624101 -247.66974863680215 -0.127552 -0.272728 0.30743983 1.0
280.11637794844125 -200.78545889965145 -0.376342 0.374602 0.2301574 1.0
278.8379035726141 -199.7973062914187 -0.142981 0.109155 0.22840899 1.0
213.5638131155755 -150.4089080000281 0.292195 0.148853 0.16003859 1.0
296.64917096540375 -204.6980718194884 -0.246727 -0.425461 0.23414877 1.0
240.838035019429 -164.31410791144893 -0.119166 -0.162728 0.17705926 1.0
406.1776303964489 -274.87394139273573 0.099295 0.086714 0.3551083 1.0
407.0598110617576 -273.3261164792836 -0.116432 -0.128593 0.34999284 1.0
384.7537396090811 -266.52864742371156 -0.008961 0.396789 0.34992284 1.0
200.24884590013633 -171.86110877959266 0.089307 0.016941 0.1827201 1.0
291.70745822055983 -249.65986089721477 -0.208179 0.219528 0.30831036 1.0
239.20954687757876 -206.9392493428721 0.074643 -0.121963 0.24293233 1.0
191.51793327142443 -162.02759360846474 -0.099244 -0.107813 0.17903788 1.0
265.8517856783331 -224.93122418436275 0.217097 -0.232138 0.27174568 1.0
293.28747986917296 -243.5741548528634 0.160326 0.063106 0.30624658 1.0
224.36822510874364 -185.26608167753952 -0.137671 0.143987 0.21044935 1.0
188.25871158130732 -172.5850444224176 0.186899 0.039127 0.1775377 1.0
239.96732399524268 -219.9689204147809 -0.317286 0.201526 0.2480898 1.0
193.0274168558042 -174.4779080721312 -0.22752 -0.344601 0.18403926 1.0
265.9603946153649 -235.56234934985386 0.336762 0.044555 0.27374312 1.0
299.73034102309794 -255.97797154540814 -0.28672 0.123107 0.3137259 1.0
245.4141015178755 -208.29061089988244 0.008743 -0.058121 0.23506291 1.0
292.95630892915324 -252.20828685253397 -0.175085 -0.201722 0.31904924 1.0
202.3180240471367 -168.24757366103609 -999.0 -999.0 0.18423471 1.0
306.9532932273064 -252.91534765044898 0.00694 0.093709 0.31583306 1.0
253.3433046741849 -209.2783210314327 0.492038 0.019777 0.2522209 1.0
276.1629699799287 -224.1816792098389 -0.377734 0.084998 0.2818997 1.0
310.0150881541069 -221.51831773855847 -0.267555 -0.046207 0.27026895 1.0
311.5485546943966 -221.20667216981545 -0.186884 0.141575 0.27024788 1.0
308.8622812321089 -214.69813176565657 0.367735 0.071451 0.25733277 1.0
337.8740683768893 -233.14265046144286 0.238601 -0.196885 0.28825024 1.0
384.93961688246355 -265.3955604660899 0.02398 -0.182114 0.34839118 1.0
319.404390731769 -209.1052776890563 -0.134261 -0.252652 0.24726611 1.0
333.51921558493746 -215.42853929883393 0.280096 -0.443709 0.2544907 1.0
281.852245063455 -236.95855804626206 -0.336264 -0.121306 0.26647726 1.0
264.66096628727615 -217.27920222941813 -0.243277 0.212859 0.24242833 1.0
285.67792120902436 -230.36334916478773 -0.044043 0.029089 0.26192334 1.0
275.9720058313016 -197.36994720705243 -0.107924 0.042765 0.21064444 1.0
342.3162661793932 -244.79044951877506 0.226259 0.06949 0.27853274 1.0
344.45829590057747 -243.05873048304292 0.175296 -0.206322 0.27814972 1.0
277.76009439292113 -230.52472514470477 0.139377 0.205361 0.27039412 1.0
334.43598397291163 -275.63414824464627 -999.0 -999.0 0.35160568 1.0
353.7227978841508 -281.0666727158088 0.260605 0.113708 0.3583489 1.0
277.99120464035235 -192.916459100666 0.268589 -0.222904 0.20723496 1.0
308.139139055806 -211.20614564109079 0.01477 0.047124 0.23574273 1.0
404.96396810267106 -276.88224698792715 0.266143 -0.09152 0.3435282 1.0
313.546979440017 -213.79990514802404 0.091141 0.253304 0.23703381 1.0
315.5305825921485 -215.30025674888495 -0.279717 -0.087189 0.2390088 1.0
316.9676900309502 -252.18517865780555 0.230627 -0.151255 0.31378487 1.0
339.34882188582185 -253.05599074304618 0.443059 -0.027631 0.31586638 1.0
222.50749106643337 -163.28499525344617 -0.29223 0.034111 0.17381093 1.0
351.34399681604214 -245.5624120232057 -0.061977 -0.21201 0.29875278 1.0
340.1198045204917 -236.56767958655954 0.095095 -0.036971 0.28267053 1.0
356.6648955532509 -248.04934128954332 -0.07771 -0.025524 0.30098522 1.0
340.9947492424486 -232.2209310494192 -0.291905 0.203844 0.27402034 1.0
379.02373759241493 -253.8459459223751 0.064721 -0.009767 0.31172213 1.0
418.4436324771843 -273.56982074666746 0.172276 0.106222 0.34671056 1.0
294.92235371045615 -231.14156166265127 -0.066702 -0.00734 0.28386512 1.0
312.7990542313825 -227.27303897885415 -0.068057 -0.208792 0.2782197 1.0
331.4534375708837 -241.2966430665547 0.371784 -0.109884 0.29950306 1.0
379.0610309528876 -268.36380892269295 -0.146785 0.14365 0.3498193 1.0
336.72575442872994 -232.65693352704133 0.035808 -0.143186 0.28474218 1.0
347.3751236356445 -230.23694445966754 -0.184647 0.204901 0.27608904 1.0
420.00875147067205 -272.3345265881431 0.285773 -0.020537 0.35638076 1.0
383.1244148713891 -249.50922002429965 -0.21484 0.224957 0.30828774 1.0
375.9504367579896 -245.60258902014922 0.109393 -0.441756 0.31202966 1.0
320.71662454351656 -207.9911250204921 0.132906 0.122249 0.2475391 1.0
322.1091670302432 -238.3099669870227 0.05662 -0.042934 0.30404273 1.0
334.1951549669687 -244.83674423742244 -8.3e-05 -0.277348 0.31586248 1.0
321.7550933965064 -245.12920995477558 -0.091367 0.323064 0.31481367 1.0
278.3100079167761 -224.44892808911254 -0.042099 0.265675 0.28421032 1.0
314.930266413864 -249.05505700218856 0.043779 0.598073 0.31619453 1.0
320.3211727751925 -247.70041899369286 -0.186774 0.106977 0.3172824 1.0
324.5050162493106 -256.69555006143395 -0.108973 -0.196599 0.33832327 1.0
298.4819528463934 -228.56312615651132 -0.346769 0.510274 0.29190648 1.0
374.3833081270544 -232.41481572785472 0.054765 0.118627 0.29520285 1.0
336.0994858023632 -259.52966246570804 0.232948 0.4691 0.34480765 1.0
346.550632136545 -249.76539371321198 -0.068279 -0.013576 0.32116684 1.0
288.6080445597458 -225.92999375558364 0.024983 -0.186686 0.2833015 1.0
315.4009725271809 -244.80463778597021 0.099256 -0.161819 0.31323776 1.0
262.15621423290185 -219.42349036029734 0.038823 0.136478 0.2706968 1.0
261.7112686283931 -219.00821583649943 -0.328652 0.280954 0.269526 1.0
325.85881357233285 -233.87777718141314 -0.006444 -0.462786 0.29891154 1.0
350.1217852547681 -242.25434818816186 -0.02864 0.152783 0.32133052 1.0
325.3219798953554 -218.8816585529668 -999.0 -999.0 0.27546918 1.0
253.40151879035608 -164.2762886413296 -0.153674 0.097556 0.18905589 1.0
342.23052417081533 -253.7894308624479 -0.219159 0.190547 0.34198368 1.0
253.60126955169338 -177.29642584659462 0.471721 -0.361929 0.208169 1.0
281.3736359558399 -195.8553805870721 -0.30861 -0.373104 0.23446606 1.0
323.3290758502887 -218.57396218998707 -0.240488 -0.061825 0.27458033 1.0
361.06509594390144 -244.08402889494323 -0.286834 -0.133702 0.32058543 1.0
311.5569324852156 -210.54822399240192 0.264217 0.33202 0.25717118 1.0
303.93442076457353 -199.12209788836768 -0.167039 0.2936 0.23789221 1.0
327.77047231481833 -213.77095420375673 -999.0 -999.0 0.26383024 1.0
378.3412833178844 -245.46874168787974 0.173742 0.164358 0.3172174 1.0
346.98987935577156 -223.25140843480895 -0.075284 0.03553 0.27778372 1.0
349.3518965174426 -223.5898704352271 0.094024 -0.003884 0.2783 1.0
351.35443684653796 -223.02361952172598 -0.365677 -0.059768 0.27665237 1.0
316.44161966029725 -201.25677493476314 0.534889 -0.09726 0.23942068 1.0
310.42436841313094 -196.7453184684037 -999.0 -999.0 0.23970267 1.0
321.8401300564214 -254.57409437369674 0.010547 -0.495432 0.32780853 1.0
323.0191167042482 -249.8801508210991 -0.278704 0.168312 0.321287 1.0
319.3699141925464 -247.2258968139941 -0.084148 0.352236 0.31533298 1.0
293.8195060339579 -225.72378655213413 0.115452 -0.164035 0.28318626 1.0
197.87296198477492 -150.80868782084116 -0.018301 -0.062544 0.16819206 1.0
270.494963581889 -191.73459782697793 -0.089332 0.494136 0.28162372 1.0
273.13932948413793 -192.48134434145084 0.177479 -0.308746 0.28278106 1.0
363.11715802368013 -228.41809993579642 -0.062137 0.129746 0.35499862 1.0
390.83909672374546 -220.55229436601317 0.155655 0.293286 0.32296002 1.0
388.0329655925763 -219.9045090854845 -0.117766 -0.140799 0.31912687 1.0
394.52992522309853 -221.35260483763713 -0.176071 -0.128622 0.32605025 1.0
329.38729395501986 -201.39325627165152 -0.439492 0.11912 0.3055456 1.0
356.46839954688676 -213.37871171443786 -0.264816 -0.78028 0.32863986 1.0
390.40252073538824 -220.96317162670618 -999.0 -999.0 0.33995715 1.0
236.84076441369984 -130.52649768272155 -999.0 -999.0 0.16656144 1.0
322.96926432971554 -177.13390504970107 -0.156409 0.096814 0.24204217 1.0
399.27360268194957 -219.07047580233493 -0.019672 -0.037908 0.32643247 1.0
353.7866224512001 -219.33327676942653 0.218164 -0.3831 0.35824662 1.0
336.1543779551948 -205.27604863545795 -0.00243 0.238116 0.3247932 1.0
285.7588156792981 -171.97621303346386 0.075906 0.038491 0.25178105 1.0
328.70027358886693 -197.41555458259683 0.398656 0.068573 0.3053493 1.0
336.6928158816777 -203.07062190363413 0.35454 -0.105369 0.31516266 1.0
361.97021652946154 -203.76850558240255 -0.021757 -0.061967 0.3114544 1.0
326.095188787787 -182.29979963902795 0.469279 0.088836 0.26432404 1.0
402.53540374240146 -214.44844078419044 -0.037035 -0.001857 0.33130735 1.0
355.39561050021064 -205.0286252743679 -0.04214 0.405431 0.33425504 1.0
322.5041391972729 -197.16423808534265 0.242529 -0.052852 0.33427203 1.0
358.07502771861834 -206.82750603240999 0.114134 0.12027 0.3541365 1.0
308.42153723441385 -179.97563249878965 0.0214 0.135946 0.24197873 1.0
321.8227357208098 -183.54268380975213 0.313327 0.038257 0.24570428 1.0
284.7300407238174 -178.703780380572 -0.081535 -0.17211 0.252426 1.0
295.3272436392596 -179.26091846554806 -0.071946 -0.025258 0.25236076 1.0
366.05096547675697 -206.36259400952903 0.328814 0.252606 0.29641473 1.0
268.67582010141285 -174.5591879222558 0.048682 0.225086 0.2583735 1.0
290.60829088963357 -176.71884792660677 -0.156253 0.346087 0.25875157 1.0
337.7504853237053 -202.79535285080053 0.312686 0.035988 0.30853358 1.0
372.86698916459306 -211.36725408690845 -0.102758 -0.07243 0.32263488 1.0
409.88549382272345 -226.3969216368532 0.135406 0.33634 0.35339794 1.0
386.83310476954927 -211.76721633412203 -0.185803 0.426525 0.32354707 1.0
403.5301761194451 -213.88170227182223 -0.100464 -0.095654 0.3216698 1.0
365.40622947340097 -193.2587179972827 -0.25662 -0.081617 0.27707338 1.0
365.79498120428633 -193.48758832734597 -0.02148 0.179448 0.2770637 1.0
281.94393820680926 -169.26530512877716 0.073803 0.064123 0.2537528 1.0
343.8895674316128 -200.63454332802226 0.220839 0.023031 0.3166076 1.0
359.2867800493434 -208.1518347176624 0.092571 -0.010801 0.33584717 1.0
293.3200224664534 -163.1762172979911 -0.099821 0.143226 0.2360783 1.0
399.7845821274274 -213.70742132627777 -0.333071 -0.448332 0.33346438 1.0
402.7329155970115 -210.34657519958665 0.185298 0.068205 0.32251632 1.0
256.55200311909164 -211.19659414490195 0.252541 -0.187082 0.26578048 1.0
308.2097795490264 -244.70588110455884 0.048355 0.192439 0.32445616 1.0
359.37659403201206 -252.317917178051 -999.0 -999.0 0.34363323 1.0
334.7241851251517 -249.44694809999328 -0.108311 -0.030999 0.3557494 1.0
318.0972433085722 -232.2083875192481 -0.40158 -0.272674 0.32703185 1.0
400.9184353618514 -244.0139928480377 0.04632 -0.030238 0.3382783 1.0
423.2421365869448 -249.031193163889 -0.271823 -0.082327 0.34823433 1.0
222.4749280095685 -152.91920722600872 -0.260351 -0.423298 0.18959989 1.0
308.86888070724893 -210.66475351981515 -0.118507 -0.132536 0.2908397 1.0
295.61269529525003 -188.52004468899193 0.243014 -0.204655 0.24921326 1.0
300.23561466040707 -187.6753556507927 0.017444 0.123732 0.2431307 1.0
370.9329757015352 -228.03312505975381 0.32296 -0.168918 0.3227721 1.0
360.90264650766375 -221.5729145462799 0.212716 0.308846 0.30887112 1.0
343.5929415763614 -205.56096628921043 -0.29467 0.329087 0.27298126 1.0
397.99505957743725 -228.42478655871508 0.454846 0.105552 0.31497058 1.0
311.22112808693817 -229.31682608278345 -0.147773 0.094677 0.34748912 1.0
361.678737058184 -215.19393144793267 0.116209 -0.256979 0.30603415 1.0
309.3413240054426 -243.132413853758 -0.061459 -0.062446 0.31637824 1.0
289.9724035373631 -230.8714380690401 -999.0 -999.0 0.30461887 1.0
309.348138522168 -198.87917738834102 -0.070829 0.203384 0.24511725 1.0
247.90572342557388 -186.9308469283914 0.281277 0.132172 0.2412514 1.0
246.14696196573814 -186.46521329789994 0.133367 -0.730754 0.23702614 1.0
356.85166274892765 -249.68558166925732 -0.099924 0.440176 0.35677132 1.0
402.8259849536915 -249.96783644930957 -0.124847 -0.327095 0.34997728 1.0
410.1402748747802 -245.36796883059245 -0.302495 0.314921 0.33707923 1.0
208.8565347318796 -157.66974572110936 0.417784 0.081334 0.19796832 1.0
356.88323758032215 -244.94837986962497 0.273692 0.034728 0.3584192 1.0
357.8684884863028 -243.25207344358543 -0.161424 0.085289 0.35748434 1.0
372.125300200534 -235.28656980545884 -0.055391 0.288664 0.33184764 1.0
295.70278902577314 -205.43791432710262 0.107006 0.118821 0.28631586 1.0
209.32400101024754 -134.88199181842643 0.33013 -0.320594 0.16330379 1.0
373.1965651207428 -232.49703876960078 -0.066701 0.064246 0.33465165 1.0
361.8915607701395 -224.3853168122214 0.459104 -0.569403 0.31824937 1.0
404.2348853724764 -236.20092314775886 0.194222 -0.008488 0.34153175 1.0
381.4198990941193 -206.5261959488195 -0.176512 0.023125 0.33917868 1.0
391.8497688207724 -208.67971191575253 -0.01515 0.082405 0.33933353 1.0
401.3156317057787 -211.82245858591043 -0.17397 0.016066 0.34470236 1.0
345.6402499850814 -180.43902844776773 -0.162953 -0.267518 0.27339473 1.0
352.12841606897837 -195.046623222661 -0.536534 0.363407 0.3337011 1.0
300.6361726086382 -162.3099905255212 0.267319 0.214761 0.25065312 1.0
350.29139318103023 -186.26478990386798 0.498169 0.078783 0.31751078 1.0
338.67683639890987 -173.28341831152144 0.132553 -0.128362 0.2968235 1.0
346.673644733449 -172.4448036286569 0.324919 0.078653 0.2956634 1.0
393.31021780128447 -195.8885817198908 0.334867 -0.509939 0.35574815 1.0
272.4112905800051 -160.5785244424598 -0.30793 0.084291 0.25265372 1.0
340.587345144046 -199.62247563743844 -0.729221 0.015021 0.3384064 1.0
335.15961608311693 -194.2644676961352 0.192651 -0.129756 0.32444435 1.0
287.99281055940133 -164.8468568735084 -0.191105 -0.196708 0.25982645 1.0
355.65970360412564 -191.76855924688576 0.324434 0.348038 0.31117675 1.0
378.5400277110437 -203.79408305497012 -0.221993 0.038381 0.33822533 1.0
390.03332080241375 -199.709448290354 0.367785 -0.157532 0.3373192 1.0
249.89086292399122 -124.4688527198378 0.070613 -0.084682 0.17504235 1.0
268.54117862148803 -188.17919437389327 -0.00014 -0.458444 0.26504368 1.0
269.06822313066874 -188.3851951771455 0.19446 0.350052 0.26409227 1.0
369.3273887712588 -229.85130987685966 -0.165504 -0.226802 0.34357178 1.0
366.967468534136 -222.4839343143074 -0.081843 0.08332 0.3231474 1.0
368.39183147450893 -222.07562683943044 -0.032205 0.200649 0.3229351 1.0
236.8813797839056 -156.37677475300092 -0.006483 -0.188792 0.21186149 1.0
370.9212579226688 -223.68583593406737 -999.0 -999.0 0.3382771 1.0
283.84952740714726 -171.3188824548903 -0.012913 -0.279534 0.23050863 1.0
309.84099993346825 -178.86549458502944 -0.430255 -0.039937 0.24071372 1.0
320.1742181057664 -177.31485186359274 -0.355522 0.043363 0.23755462 1.0
397.2166356083583 -219.19598358280714 0.1159 -0.287149 0.31968236 1.0
276.7528582276495 -152.3462169085093 -0.395014 0.120366 0.19213061 1.0
392.6493814225088 -216.19142824002319 0.229418 -0.277149 0.3086586 1.0
302.291870385764 -197.40809569673337 0.208403 -0.095117 0.30055466 1.0
349.20825669833096 -223.0840203292142 0.414345 0.260354 0.3540652 1.0
365.52511051765555 -217.87399883169542 -0.19239 0.243895 0.3403188 1.0
367.4699882002378 -219.66110828470806 -0.069914 -0.210791 0.33936784 1.0
359.2094952115865 -205.34901206972359 -0.066966 -0.210037 0.30388495 1.0
319.6658083690591 -175.2574150629128 -0.086636 0.115345 0.2387393 1.0
402.09606559980864 -218.06845658165082 -0.073037 0.37309 0.32617512 1.0
362.55960935215285 -193.40081462684566 -0.32868 -0.17353 0.27490935 1.0
202.7517081025175 -129.57502035447558 0.046096 -0.106243 0.178632 1.0
333.10038332919544 -212.17997904161678 0.162968 0.012637 0.34831083 1.0
255.3777168513338 -157.34784974606364 -0.332655 -0.638256 0.22719286 1.0
285.87881163706817 -171.45113511761184 0.115777 -0.052586 0.25212014 1.0
350.71850780657076 -206.8131549282436 -999.0 -999.0 0.32598704 1.0
350.88844927609995 -207.39893687646327 -0.050079 -0.418938 0.3233449 1.0
389.88530804127487 -217.57673753971028 -0.073176 0.012987 0.34128997 1.0
402.6563227927762 -215.1321554000267 0.003606 -0.067848 0.33102417 1.0
403.49382875733437 -212.61803945544247 -0.092626 -0.10362 0.32153064 1.0
325.5054969755311 -207.21699595645094 -0.140007 -0.05897 0.34446356 1.0
264.2334713878063 -164.6468605095755 -0.239762 -0.211031 0.251007 1.0
281.62416818750944 -166.47067932443645 -0.169721 -0.068953 0.2519229 1.0
331.32453324317004 -192.7446685600789 -0.0957 0.206253 0.3058912 1.0
343.01726587433535 -198.56664630029914 0.154686 -0.004487 0.3181646 1.0
354.75535022472866 -205.08043800317398 -0.078271 -0.088419 0.33391967 1.0
354.3816509543963 -204.2411448702516 -0.045553 -0.019764 0.332886 1.0
357.20567778828047 -204.70100256296726 -0.452467 -0.076928 0.33439812 1.0
324.8460560525444 -176.8767532606245 0.046309 0.229302 0.2643872 1.0
328.08231233664213 -177.47506181234309 0.31464 -0.082223 0.26355243 1.0
331.90458426788257 -179.35005194681463 0.080158 0.106781 0.26677352 1.0
334.3960086833068 -179.25935280092315 -0.039143 -0.111015 0.26505235 1.0
306.55577965900164 -159.14265923738859 -0.139778 -0.602951 0.22393127 1.0
321.78619929164404 -165.6779724496641 -0.133079 -0.007594 0.23652598 1.0
403.7289321421019 -206.5579389430905 0.403165 0.054033 0.32453877 1.0
398.4540418339352 -204.15119812940645 -0.027012 -0.335116 0.31678325 1.0
325.9921939686832 -202.14990383039705 -0.082242 -0.139259 0.34621668 1.0
338.99450787883416 -200.53510675924377 -0.167888 -0.121232 0.33892813 1.0
215.72230631154858 -126.67431065556048 -0.345797 -0.065098 0.18251792 1.0
229.513433830193 -134.76670687932315 -0.2928 0.039922 0.19641355 1.0
355.8313598449742 -201.2491698566224 0.065456 0.049894 0.3345832 1.0
355.3925489104175 -192.9729406695295 0.048781 -0.249977 0.3111081 1.0
327.9625952192522 -173.67036914649543 0.151363 -0.368644 0.26464742 1.0
263.01973088815896 -187.60100793528554 -0.397419 0.16959 0.26610985 1.0
191.00448354536738 -135.24786983547517 0.197327 -0.129647 0.17448427 1.0
336.8452866116105 -221.92868911454966 0.217822 0.095789 0.33701906 1.0
365.49630904309765 -227.4615329276189 0.323024 -0.327325 0.34512675 1.0
383.2597071753824 -228.62852370280135 -0.177015 -0.120022 0.34315014 1.0
334.4374783191536 -199.03169804140452 0.029892 -0.348173 0.27847964 1.0
314.9653775972348 -180.7812072706518 0.182316 -0.096473 0.24290659 1.0
299.9382576137491 -167.94433810485108 -999.0 -999.0 0.2168247 1.0
388.95721333827413 -218.56493447618035 -0.015284 0.014472 0.3081506 1.0
294.3886227088727 -205.09250156693096 0.042385 -0.235467 0.31399688 1.0
233.89541602967134 -151.63229291252716 0.051979 0.103374 0.2058479 1.0
216.78411223426312 -140.20874420863288 -0.091094 -0.11762 0.18487711 1.0
243.02468850020628 -143.79857799753512 -0.248481 0.032306 0.18628474 1.0
322.97179993381775 -187.54688977016798 -0.077321 0.3251 0.26454917 1.0
304.5284922487402 -174.01803808895045 0.239458 0.489527 0.2397158 1.0
389.1631473711917 -224.18787166069515 0.149699 -0.006598 0.34053546 1.0
308.1403437748165 -176.35774123527855 -0.303376 -0.080202 0.24093136 1.0
308.569148337312 -175.3063217936683 0.218892 0.030803 0.23966303 1.0
318.8498382039701 -181.49766978658013 -0.318338 0.042166 0.24941349 1.0
397.501979911922 -222.74857751604208 -0.295443 0.395289 0.33104476 1.0
319.85125979121943 -175.70780219864193 -0.151485 0.215084 0.23918995 1.0
398.3373498824112 -219.2650870681211 0.151182 0.260362 0.32226634 1.0
372.8526175112068 -201.56329185107836 -0.148338 -0.085222 0.28607696 1.0
335.85880528138154 -207.30761350366024 -999.0 -999.0 0.32046127 1.0
353.148874886694 -209.50039457586712 0.432611 -0.111396 0.32452056 1.0
352.7593044489493 -209.17697357943737 0.212745 -0.032939 0.32260078 1.0
277.25896043167984 -160.30644749565087 0.085398 0.027336 0.22415349 1.0
343.4828500728153 -189.7393564780268 0.033296 0.080299 0.27686232 1.0
346.0202787984376 -190.99049852876058 -0.177082 -0.340003 0.27723885 1.0
387.6352543437334 -213.65223668379204 0.054704 -0.291712 0.3257213 1.0
383.9603265617907 -210.50989371905504 -0.009635 0.083145 0.32024893 1.0
401.7570841670585 -214.5934482259784 -0.015723 -0.089738 0.32350737 1.0
408.0063567318991 -218.26481157613662 -999.0 -999.0 0.3293414 1.0
240.8531920189816 -155.77108031397327 -0.321089 0.234429 0.23009713 1.0
308.71126527977265 -197.0960488744562 -0.312059 -0.242897 0.3137568 1.0
314.2319306497411 -196.8198096224567 0.00398 -0.145643 0.3151598 1.0
342.8294101906299 -199.71680161724532 0.42924 0.481561 0.31495827 1.0
336.7189829094432 -195.0826409323848 0.411747 0.039379 0.3004599 1.0
329.2662037497887 -180.72715674161995 -999.0 -999.0 0.26549298 1.0
342.13818712357477 -185.154330873167 -0.192809 -0.308026 0.27757984 1.0
394.309783130998 -213.42678866307543 -0.244536 0.116835 0.33407208 1.0
299.6601689711736 -159.85705468805386 -0.174532 0.083459 0.22637267 1.0
415.3018235275634 -220.78305754809904 0.351891 -0.017225 0.34951806 1.0
189.22959977328793 -119.31157646657302 -0.233431 0.030365 0.16840246 1.0
240.14310843991709 -149.42888031768715 0.029469 0.133749 0.2234892 1.0
263.1258466734807 -163.0475388818147 -0.064567 -0.091198 0.2508008 1.0
264.66100360591525 -164.65022557109282 -0.094092 -0.117214 0.2519121 1.0
390.7824268996481 -212.3188541821622 0.079564 -0.190793 0.3491301 1.0
225.44006296264024 -119.86956050560221 -0.057328 0.038206 0.16105148 1.0
303.7445891449666 -243.02235553394638 -999.0 -999.0 0.32283187 1.0
252.97394115068857 -195.15035315471565 0.220958 0.113046 0.23613602 1.0
215.33834064039573 -169.92021412428042 -0.331026 0.014417 0.20310082 1.0
305.95413378009044 -235.05614829768302 -0.036259 0.315898 0.31282797 1.0
318.6698492897545 -238.10025395603918 -0.053135 0.193722 0.31655765 1.0
273.63304075532864 -191.73693520075392 0.13301 -0.17513 0.23423144 1.0
351.2629967392099 -240.99690342375925 -0.078182 0.265633 0.32179865 1.0
352.97317975289604 -221.73226349319242 -0.272372 0.017769 0.27574044 1.0
304.8377096529653 -234.55880583729294 -0.056415 -0.312549 0.32700545 1.0
243.41045876987425 -186.41002126887008 -0.456275 0.22216 0.2366192 1.0
297.74359451230004 -224.40546611495688 0.050093 -0.027192 0.3053376 1.0
227.5862769527367 -167.9029265358318 0.10289 0.078084 0.20428851 1.0
301.56768622518655 -220.1019438011466 -0.024583 0.244805 0.29375848 1.0
347.3060835285335 -242.6724719909517 0.020077 0.262408 0.33839825 1.0
313.6438030841392 -220.8106792771376 0.230836 -0.111403 0.29098168 1.0
285.0041540320779 -199.0843111065593 -0.300701 -0.100041 0.25161135 1.0
318.49898886580746 -219.6531963726507 -0.05756 -0.048797 0.28757304 1.0
252.674012379198 -160.87573247234226 -0.025003 0.189905 0.18729933 1.0
309.6941515647312 -195.35173418791075 -0.145799 -0.393219 0.24131437 1.0
354.87420342713364 -216.8881965201153 0.038607 0.341421 0.27884912 1.0
407.8459675853007 -249.51128556843557 -0.042179 -0.070681 0.33732364 1.0
304.180910906766 -228.0589738586095 -0.060435 0.323265 0.3213903 1.0
306.74929988333736 -231.4011611544295 -0.246798 0.113555 0.32663786 1.0
245.56484183228181 -182.50823013316716 -0.026249 0.038525 0.23561959 1.0
354.5163665059864 -246.92048804845422 -0.055867 0.106491 0.35849398 1.0
372.52068893921205 -243.87791252223357 -0.037642 0.09346 0.3436055 1.0
361.037277140971 -234.67152639940784 -999.0 -999.0 0.3239227 1.0
275.2929074917129 -175.06706020588996 0.308015 0.021519 0.21786821 1.0
389.26741496436796 -242.7800004763137 0.302623 -0.473426 0.3421088 1.0
403.78689934465586 -242.17823821180392 0.009787 -0.150429 0.33664027 1.0
405.1450776442936 -243.26993878739634 0.168649 -0.002441 0.33786514 1.0
302.9296627542147 -179.93564767183028 0.127963 -0.037999 0.22191915 1.0
342.5605644861037 -201.42831148997143 0.058628 0.035864 0.25635028 1.0
295.55094736339487 -222.92259357037358 -999.0 -999.0 0.3207863 1.0
241.19511508776506 -164.11355262996753 0.016653 0.001082 0.20726241 1.0
360.88163974169964 -242.89437178121855 0.15241 -0.017201 0.35928106 1.0
334.0407076821473 -224.56799583936063 -0.171979 -0.046499 0.31820494 1.0
319.1344657046934 -212.3116604283963 -0.514743 -0.226438 0.2925707 1.0
343.9144511707017 -225.7179038869459 -0.183667 -0.152142 0.32022032 1.0
346.1165336249061 -225.53292384052943 0.158086 0.278018 0.31981674 1.0
270.94804916111576 -172.31249014318178 0.041547 -0.222185 0.21777634 1.0
362.9378841890404 -227.76151051928906 -0.163521 -0.049437 0.31878996 1.0
378.34407374712157 -225.06538758140297 0.706205 0.24648 0.3118801 1.0
379.9006767006446 -224.91683843976722 -0.228417 0.078149 0.3119873 1.0
313.95718938462767 -221.77847133551725 0.113149 -0.142182 0.33082002 1.0
247.9079343901155 -174.9231969522384 -0.168471 0.116633 0.23482373 1.0
339.80746859954655 -229.72396436483714 -0.042706 0.40552 0.3443503 1.0
334.6676159228429 -225.83580551538145 0.14369 0.034078 0.33564612 1.0
227.63170009381054 -145.02956688137579 0.114529 0.418881 0.18236034 1.0
361.13459667061136 -230.06874938984882 0.286202 0.017187 0.3401216 1.0
364.1046054526795 -231.79389701600908 -0.147073 0.060148 0.3441364 1.0
277.9950339786531 -173.56413316943886 0.233469 0.208266 0.22924878 1.0
296.4950155457285 -184.56914224968955 -0.124594 -1.4e-05 0.24839754 1.0
366.36153627682023 -228.2443129279178 0.055982 -0.117159 0.33529076 1.0
275.35602130059954 -170.66422314741817 -0.128656 0.369538 0.22467197 1.0
281.11972362872393 -174.59019039088568 0.095131 0.156202 0.23018254 1.0
304.14380050998636 -183.68278309887958 0.239305 0.457957 0.24265933 1.0
329.2567384286619 -187.116669865662 -0.315457 -0.319867 0.2481599 1.0
312.1245147828213 -245.7212907424963 -0.322799 -0.397235 0.3215266 1.0
312.14557747455586 -245.4765709443503 0.150465 0.028957 0.32062578 1.0
313.0637532478235 -245.37246940622953 0.292614 0.062089 0.32169268 1.0
336.2722745299322 -244.8880627710841 0.303185 0.170082 0.3167591 1.0
349.9498757354374 -253.05066524118814 -999.0 -999.0 0.34134445 1.0
405.92448946249357 -255.61383632715857 -0.670081 0.19393 0.33761337 1.0
328.69169512472075 -236.64474789092958 -0.435486 0.346777 0.32131287 1.0
287.64123008708003 -201.33065972171218 0.165842 0.401805 0.2548061 1.0
251.137282228917 -174.27620349773895 0.052093 -0.027931 0.20915611 1.0
313.98067020476316 -206.20844254070508 0.387722 -0.080673 0.25651726 1.0
394.0478201987194 -245.34459009513714 -0.258912 -0.207408 0.327421 1.0
325.2123487187466 -201.1432377868997 0.236424 0.083363 0.24659148 1.0
288.1253655593954 -224.68271406277898 0.027962 -0.107046 0.31036228 1.0
248.76276751199526 -172.16309227793198 0.011441 -0.277422 0.21370184 1.0
265.9385463313506 -184.17032079861312 -0.591309 0.113305 0.23266095 1.0
347.54262466245075 -242.3437110197004 -0.013934 -0.020618 0.33845428 1.0
349.51979945558185 -233.51370013357678 -0.174176 -0.009185 0.3203108 1.0
395.91684533008555 -244.1689102501622 -0.084088 0.000569 0.33811888 1.0
412.5031597318092 -251.92603194139238 -0.159826 -0.288618 0.3532425 1.0
297.48007288688524 -223.8416304478032 0.257199 -0.292005 0.31993175 1.0
303.7744794244093 -225.51011446250973 -0.11989 -0.284901 0.31898367 1.0
326.4602093370537 -225.59456357013107 0.277625 0.084037 0.31889024 1.0
243.73274834434733 -164.87771459539886 0.353274 -0.317411 0.2074337 1.0
363.6973572075306 -237.87615274035264 -0.317703 -0.13173 0.34299752 1.0
363.0271215379605 -237.6582767640971 -0.194636 0.055638 0.34192666 1.0
211.52313562180575 -135.89180534657086 -0.072962 -0.232134 0.16031103 1.0
363.0428636793871 -232.8030701782824 -0.053092 0.103549 0.32592767 1.0
361.30567817797345 -229.75907334129136 0.011906 0.065547 0.31961644 1.0
375.3333813116278 -235.5283175322502 -0.070372 0.454249 0.33449474 1.0
335.63201792692263 -210.09368060804164 -0.074924 0.003978 0.27858648 1.0
365.2368027683682 -225.03088888695297 -0.296551 0.117432 0.30935416 1.0
339.84342696385033 -208.48806861447238 -0.088029 -0.280327 0.27789375 1.0
341.21131085696385 -209.215428961249 -0.316242 -0.100101 0.27925164 1.0
378.93749374260193 -227.8136399791814 0.090179 -0.089749 0.31045353 1.0
428.75622726355783 -250.2599250200994 -0.156584 -0.510902 0.3561478 1.0
237.16650325349198 -168.3093082260915 0.125148 0.312951 0.22158928 1.0
241.0862889384477 -170.33784857034354 -0.091862 0.025641 0.22357102 1.0
296.35557011131704 -205.75809520309505 -0.125237 0.623014 0.28694865 1.0
274.000721442055 -185.58146632403034 0.094956 0.303873 0.24941178 1.0
329.21743733963604 -221.78499485330795 0.068956 0.140854 0.31876707 1.0
322.20855656144283 -214.36726301812953 -0.203257 0.221182 0.30603638 1.0
350.576409499464 -233.56997534082026 -0.253883 0.104633 0.34208107 1.0
225.50836664902002 -145.992546173269 0.396227 -0.323687 0.18262541 1.0
338.5642568841955 -220.1026610356704 0.355248 -0.013869 0.31445682 1.0
210.49044866914207 -132.93956388046323 -0.194288 -0.20603 0.16073306 1.0
388.14784219376855 -236.0797292164637 0.258274 -0.481388 0.34489006 1.0
405.53584839741507 -243.82232304145404 -0.291261 -0.312873 0.35785842 1.0
371.34382218735203 -218.74098553080424 0.191638 -0.267033 0.3059914 1.0
380.19378925845405 -223.04216966308474 0.000299 -0.090412 0.3123507 1.0
330.0944133529318 -194.45109531265675 -0.228686 -0.032893 0.3191907 1.0
305.764720930059 -171.18047817538212 0.14586 0.236295 0.2611605 1.0
258.86330882203475 -142.6903001311338 0.063704 -0.09585 0.2036083 1.0
403.242381153511 -212.99257117975466 -0.501641 0.095064 0.34774542 1.0
352.4487536610336 -199.9157294199427 0.244667 -0.2027 0.34382072 1.0
218.8791226262416 -115.33311440109435 0.035294 -0.163168 0.16214506 1.0
398.93515348865515 -208.4040072335564 0.41121 0.090664 0.35379305 1.0
392.3477975062706 -202.57708614232314 -0.236229 0.086962 0.34026805 1.0
236.1541878856184 -121.27574002978785 0.103861 0.101445 0.16931956 1.0
351.134279487955 -176.102739651539 0.114581 0.016824 0.27435276 1.0
246.3954473094736 -122.90657261911974 0.2453 -0.175704 0.17201275 1.0
403.95658573226405 -203.43069339887813 0.088809 -0.123085 0.3338415 1.0
247.95964372525322 -123.8461351469564 0.108346 -0.136709 0.17279705 1.0
258.13378935677446 -141.0756779822255 -999.0 -999.0 0.21855123 1.0
351.6263435546824 -192.3141939899362 -999.0 -999.0 0.33547437 1.0
354.72802636977895 -190.65792482816332 0.096828 -0.38552 0.3297134 1.0
271.5056101778011 -140.58618084718663 0.0525 0.225053 0.21717684 1.0
384.35510663773255 -195.09383285576436 -999.0 -999.0 0.33131316 1.0
386.0150477328151 -194.96097758703317 0.23575 0.062361 0.3300727 1.0
400.2174749195002 -197.71306382812932 -0.152292 -0.122534 0.34128675 1.0
214.5467372558127 -108.59410475765146 0.21914 -0.278769 0.16278051 1.0
357.65126464647653 -170.28010412609697 0.280113 -0.181253 0.29311493 1.0
354.853883587349 -203.84916844986438 -0.353389 -0.394567 0.3530639 1.0
284.8838458544318 -162.6574169831029 0.037443 0.054147 0.25485113 1.0
291.6668207823707 -161.9631950822038 0.065112 -0.086651 0.25102112 1.0
362.0201368840371 -200.21399141247014 0.265196 0.233069 0.33774874 1.0
355.9552764602644 -191.69661060063953 0.251447 0.480868 0.3120776 1.0
393.583895010774 -210.98549539024873 -0.163486 -0.218595 0.35593274 1.0
327.0552385586307 -172.3789155890331 -0.07103 -0.151095 0.26469103 1.0
404.5262732858895 -212.73339447728154 0.317057 0.381142 0.35513508 1.0
340.59168545390867 -175.0577030755097 -0.280396 -0.290783 0.26679417 1.0
421.8812720060628 -212.76313133835455 0.106111 -0.007671 0.35048795 1.0
334.22909979844417 -188.24647471213504 0.157233 0.145582 0.32317713 1.0
354.1402647767217 -196.69893413306696 -999.0 -999.0 0.34527257 1.0
356.94749755686087 -193.7832542008284 0.126588 -0.092082 0.33356678 1.0
249.05617235492252 -132.9836762365881 -999.0 -999.0 0.19676916 1.0
399.4403643443681 -198.88472868461994 0.082809 -0.508346 0.33320874 1.0
291.0504506438121 -152.85730684847147 0.11518 0.331137 0.24481872 1.0
298.8862733133947 -150.75549570463133 0.137315 -0.245161 0.23742014 1.0
295.8455289599636 -145.75100138349356 -0.343171 -0.132986 0.22764333 1.0
404.9593111740768 -196.3591324919677 -0.252111 0.240817 0.34236062 1.0
352.4715567723865 -174.6696307269548 -0.28347 0.611683 0.3090595 1.0
227.4620451903803 -109.05650132367748 -0.29409 -0.035294 0.16126637 1.0
