0.11777 2991.97000 182.07900 57.21170 15.27810
0.15961 2263.12000 115.89700 36.45080 10.31620
0.21632 1628.53000 72.83760 23.19060 6.00115
0.29319 989.10300 41.16550 13.00510 4.12412
0.39736 719.16800 32.46680 12.18910 2.25285
0.53855 454.11400 21.42230 6.74997 1.97219
0.72991 317.56100 14.02170 5.59978 1.17006
0.98925 219.48100 9.43570 1.64470 0.78555
1.34075 155.00300 6.68601 2.06310 0.53740
1.81715 122.67200 5.56494 1.21641 0.37788
2.46281 96.70190 4.05844 0.94784 0.30105
3.33790 81.14260 2.98981 0.76119 0.22523
4.52391 64.84650 2.58488 0.70574 0.16706
6.13134 48.39640 2.32955 0.60067 0.12968
8.30991 36.61620 2.01139 0.47930 0.09539
11.26260 26.22370 1.73339 0.15610 0.08422
15.26440 19.93950 1.55705 0.14133 0.05993
20.68810 13.24870 1.11810 0.19577 0.05147
28.03890 8.18738 1.01370 0.16848 0.04565
38.00170 5.01572 0.90626 0.12773 0.04223
51.50430 2.60003 0.75001 0.07275 0.04046
69.80470 1.49737 0.63716 0.02637 0.03340
94.60760 0.85001 0.55504 0.01940 0.02136
128.22300 0.35983 0.49886 0.01508 0.02420
173.78300 0.11657 0.41073 0.01885 0.02026

