X Y e1 e2 Z WEIGHT_SEEING
639.7148239801998 102.37112578385195 0.360091 -0.024206 0.2655583 1.0
845.2738459428103 95.97566180623578 0.028631 -0.02319 0.3198067 1.0
847.5860154001327 95.37583437882594 -0.000325 0.064479 0.32149857 1.0
870.219267693208 96.80143147447615 0.038514 -0.160236 0.33630866 1.0
777.694643724246 78.83636770029081 0.051539 0.018401 0.35458848 1.0
750.6885149226567 69.12448339288345 0.237026 0.049689 0.3300998 1.0
731.3687825652252 82.89124780277336 0.027736 0.386265 0.3228891 1.0
665.3455443302803 73.64847481263182 0.287445 -0.222738 0.28075135 1.0
575.5088009722059 62.250779289538286 0.314172 0.257187 0.23039165 1.0
509.344276581065 50.84673157435862 0.09406 -0.883707 0.19382282 1.0
733.1760301842645 89.47122980652915 0.084552 0.005689 0.32143232 1.0
717.8309015218441 86.67577521230265 -0.181069 -0.105399 0.31244725 1.0
752.3917944542218 91.16223218661729 -0.014799 0.34996 0.3331862 1.0
765.7068410184023 90.89960792135736 0.25409 -0.088653 0.34295425 1.0
738.722931089419 86.91875949719719 0.257681 -0.208981 0.3239668 1.0
703.4490622008569 82.92626635573995 -0.364798 0.004196 0.30097938 1.0
744.6111437583306 85.2071292075452 0.350806 -0.231028 0.32550174 1.0
767.8817472850934 83.339628193813 -0.812059 -0.294208 0.33640227 1.0
783.5279207088507 83.79430524581605 0.313727 -0.040276 0.34632814 1.0
595.5210002204866 63.55655162150752 0.240377 -0.009152 0.2346041 1.0
496.68873945968784 45.92781412010673 -0.883951 -0.1811 0.1826479 1.0
722.1823330880808 106.46583818320438 0.136106 -0.152951 0.2995639 1.0
733.1264714824988 105.03879631741276 0.315837 0.090189 0.30310306 1.0
773.8755782054544 111.03812314245353 0.00407 0.030537 0.32878953 1.0
817.447612275418 113.79727405780082 0.04523 -0.141166 0.3562056 1.0
712.1018368612336 98.06111182330167 0.186305 -0.187654 0.2882863 1.0
741.4010779500586 100.9902359336366 0.37369 0.173124 0.30542257 1.0
665.0967433629036 86.55516996918674 -0.220812 -0.391445 0.26026937 1.0
717.5694480730523 89.10696121210859 -0.020447 0.083951 0.2883347 1.0
745.537860890238 92.0602699693684 0.234381 0.067416 0.30358672 1.0
717.6248026931767 87.38826882907583 -0.224981 -0.30075 0.28715265 1.0
826.4002068281721 101.23475604112373 0.635648 0.39357 0.35332814 1.0
733.1390672798257 89.0856301540448 0.291412 -0.102243 0.29369304 1.0
528.5612354718272 62.90263446229347 0.576994 -0.508217 0.18975769 1.0
766.4442686009213 86.75591379042118 -0.439611 0.293453 0.3110152 1.0
812.3246801555783 91.46282408081427 -0.046623 0.056906 0.3384612 1.0
847.1531133063609 83.25295094183619 0.001362 0.320331 0.35571587 1.0
845.0285620775812 82.20354158467944 0.139325 -0.016576 0.35118937 1.0
774.7898696177236 131.4497337662918 0.191805 0.059553 0.3363655 1.0
536.1498910572343 86.11812483940953 0.517362 0.719852 0.20000237 1.0
819.735691999219 120.71471432660293 -0.005123 -0.021952 0.35433468 1.0
825.1459510280494 118.51370732911859 0.079317 -0.119045 0.3559172 1.0
644.1967959481816 87.83214635715237 -0.644283 -0.44628 0.24752682 1.0
712.5491459659131 95.12376173545502 0.042413 0.285844 0.2829903 1.0
806.5415597062506 103.4903284711947 -0.038544 0.08848 0.33391947 1.0
651.1934508983348 81.85631474396904 0.170003 -0.106339 0.24727158 1.0
651.6094989169671 81.03982848819908 0.024276 -0.128761 0.24691701 1.0
669.795765802425 80.78010276798193 -0.099665 -0.308764 0.2545957 1.0
828.5736334743766 96.22486139942146 -0.686378 0.185418 0.343796 1.0
823.1193535586563 95.58781983481055 -0.278143 0.111863 0.33982566 1.0
839.1573590161478 85.97594507968365 -0.228076 0.393709 0.34521234 1.0
800.809795591466 78.32147259793915 -0.268768 -0.034105 0.31998488 1.0
857.4776429030333 80.64366911552673 -0.003694 -0.080186 0.35151726 1.0
784.6930491671798 138.54302774201145 0.001779 -0.021482 0.33740664 1.0
645.16122807079 113.48710504463244 -0.017923 -0.559049 0.25405726 1.0
812.9027866450085 104.76335993021765 -0.062995 0.012023 0.33341902 1.0
757.5892545485375 92.86441758267266 -0.151657 -0.044292 0.29688424 1.0
747.7727712638781 86.3134350102169 0.037503 0.280353 0.28967074 1.0
689.5793096917467 71.63817102268881 -0.362253 -0.066907 0.25529903 1.0
864.1147781617087 89.89975220245645 0.312641 -0.300019 0.35259768 1.0
793.6483589183285 144.13356993666326 0.018687 0.090788 0.34014988 1.0
768.6711581258353 138.7097165745091 -0.022027 -0.150367 0.3223435 1.0
772.5063215869558 134.4453965406847 0.57731 0.029589 0.32230753 1.0
769.9374915862796 130.92469341821345 -0.036063 -0.0674 0.3194042 1.0
625.4899263238965 105.47845241332226 0.117697 0.186472 0.2381504 1.0
641.99717241971 108.62884825852608 0.518129 0.548442 0.24673477 1.0
765.7894318731952 128.83965086366103 0.168793 -0.758718 0.31443432 1.0
703.4889319800172 117.71909301160464 -0.057895 0.064279 0.2791046 1.0
549.8386417686405 86.74050048289784 0.129587 0.157245 0.19911811 1.0
656.5649841926593 102.20382667026887 -0.032354 0.102343 0.24980825 1.0
817.0271873764864 106.13503884966833 0.153019 0.017516 0.3302381 1.0
556.0804079287152 72.27185094528382 0.259713 -0.354138 0.19432299 1.0
819.3330372400235 104.89168405748278 -0.316248 -0.362908 0.32891056 1.0
830.4378864999381 104.92892381011755 0.241797 -0.250484 0.33471045 1.0
748.1074633554917 87.6680135081039 0.00597 0.162189 0.28425136 1.0
758.7522319238726 72.67692863370594 -0.238011 -0.324087 0.28324458 1.0
857.8351079454691 80.27441428725953 -0.09171 0.95333 0.33965003 1.0
786.8598084335779 134.11344842274025 0.228745 -0.533672 0.32188883 1.0
784.9876241389309 131.94942713431257 0.083379 -0.099033 0.32035932 1.0
803.2476278918876 135.28465808468695 -0.095901 -0.101657 0.33079714 1.0
839.0179148279269 137.06773406740163 -0.385945 -0.597596 0.35104483 1.0
746.7514643368064 84.85638944518615 -0.560052 -0.109489 0.27883625 1.0
684.9548521570365 70.86553822630131 0.208994 -0.109972 0.243636 1.0
685.2504423588368 74.75663740024386 -0.121466 0.354473 0.2426229 1.0
752.971494805318 82.32395518782148 -0.279271 -0.227136 0.27459663 1.0
777.9809358478008 72.91135273993218 0.614264 -0.15454 0.3544129 1.0
741.5859599493745 77.98147311807071 0.241364 -0.327832 0.32972446 1.0
739.6848790857496 78.47172420560555 -0.293642 0.432741 0.3281137 1.0
665.6463507406459 66.39786365235939 0.0092 -0.014941 0.28014994 1.0
619.9052259987682 60.53873994310631 -0.333365 0.629703 0.25255626 1.0
591.1303679732418 56.748177740016125 -0.206246 -0.420631 0.23515569 1.0
742.9807821345971 89.57973188568715 -0.420529 -0.193834 0.33230227 1.0
728.765694142867 88.03810088195654 -0.326108 0.210376 0.32143658 1.0
725.7062421676164 86.90583606274066 -0.137671 -0.271873 0.32000023 1.0
726.7273110655672 85.61196458021992 0.092013 -0.013987 0.32115942 1.0
697.0788135131493 82.22393278683055 0.09468 -0.40196 0.2995331 1.0
736.1508232284951 84.22760330901951 -0.043283 0.076412 0.32406715 1.0
781.7813952026685 84.98876584079545 -0.086222 0.024739 0.35194132 1.0
781.7999347755268 81.28110481096162 -0.429046 -0.114514 0.3495672 1.0
781.2579212309373 81.57397473658155 -0.027355 -0.431826 0.3493328 1.0
590.7416209240256 61.30895737572793 -0.041384 -0.254048 0.2347798 1.0
711.7603216048441 91.9209989043772 -0.037262 -0.02167 0.3103456 1.0
634.6104454550672 79.00699953619512 0.078889 0.248465 0.26165134 1.0
596.0222781919142 67.17282052768267 0.497531 0.161705 0.23618524 1.0
752.2185359353648 84.7269443128026 -0.141617 0.493263 0.32743695 1.0
600.4004004735832 65.99158979574393 -0.46473 0.272088 0.23770516 1.0
626.9842305479737 91.65728540156827 0.124073 -0.151633 0.26158905 1.0
733.1334975289201 102.72207854911636 0.093552 -0.149382 0.32439998 1.0
606.2811428718567 84.71640906085554 -0.232618 0.044184 0.24667136 1.0
602.1850072084814 78.33042766071772 -0.136552 -0.070673 0.24251726 1.0
650.85031564655 79.1313626723001 0.163589 0.202157 0.26487428 1.0
764.1445755484674 90.46784294064868 0.167412 -0.032656 0.33427826 1.0
768.0271769757422 91.85308819287962 -0.031023 -0.707936 0.33509478 1.0
762.9310526032025 90.27214843450321 -0.186893 -0.658178 0.33324555 1.0
741.6868836876506 87.0211484578091 0.008803 0.065999 0.31670493 1.0
767.9194548091064 89.42712967750407 0.015357 -0.050731 0.3356904 1.0
598.236436644425 67.82597423225376 -0.184003 -0.354213 0.234443 1.0
689.1865595103967 75.60459981140684 0.102113 0.392977 0.28342518 1.0
706.4767777213882 76.16061885159925 0.03154 0.009751 0.2911427 1.0
623.436024705206 63.18097309356718 -0.079993 0.084012 0.24290681 1.0
604.0796349303145 58.577182054577214 0.181695 0.078395 0.23161492 1.0
712.7161202280403 69.17944105230896 0.398815 0.662363 0.2895285 1.0
710.839983780248 67.59805692972124 0.277133 -0.193021 0.28893495 1.0
710.1962777018892 103.98630844728912 -0.156095 0.364665 0.3040745 1.0
610.1227636745074 74.57524720856074 0.079052 -0.014077 0.23951793 1.0
807.4154041996492 97.01458515703371 0.085601 -0.327082 0.35443646 1.0
731.9589516785379 80.3309826459129 0.062442 -0.080648 0.30200294 1.0
726.0499023250151 69.86784396373669 0.212393 0.051665 0.29286447 1.0
755.194560552777 126.03348094519257 -0.429394 0.047237 0.33724242 1.0
550.8441520878846 88.49166161068295 -0.08425 -0.374136 0.21685025 1.0
555.8403708395742 87.65690878917846 0.057763 -0.23993 0.21883869 1.0
547.3783725886404 87.28162850847129 -0.460125 0.0774 0.21324883 1.0
559.4356883766793 87.54949891898859 0.314993 0.429531 0.21941467 1.0
518.0592457760679 78.03836114292295 -0.123506 -0.201448 0.19753939 1.0
616.1019603963604 93.74831610505647 0.070952 -0.231312 0.24735437 1.0
751.5309916297251 98.0538966557147 -0.43888 -0.175476 0.31809118 1.0
779.8258842625482 100.1956657192161 0.399961 -0.167486 0.33301848 1.0
656.7906488463465 78.59085954194876 -0.033789 0.348982 0.2587496 1.0
625.1795989515234 75.43471688601366 -0.154791 0.142926 0.2403722 1.0
678.2703813947204 80.49947689335222 -0.498164 -0.160475 0.26765794 1.0
709.5191420195715 81.90637100138724 -0.076325 0.358257 0.28586578 1.0
721.6133382537256 82.72221318763403 0.18974 -0.411915 0.2908049 1.0
647.4698980133977 71.31225731973302 0.469916 -0.17635 0.24996825 1.0
646.2329731441109 71.26182249518585 -0.047548 0.055654 0.24903621 1.0
799.4613404602917 86.41790456371845 -0.191798 0.075265 0.3357376 1.0
727.4481131730571 76.47982766899199 -0.077427 -0.10074 0.29097146 1.0
825.3875528951083 86.3575748990511 -0.220449 -0.185055 0.34844843 1.0
616.7919952881198 62.78832570750934 -0.485142 0.413227 0.23180786 1.0
659.4887237792383 71.18328207595653 0.292131 0.104572 0.24916092 1.0
783.0781173842865 130.40772218591385 -0.291798 0.226645 0.35248378 1.0
625.5422259124848 99.9958213323772 -0.038068 0.156012 0.25271675 1.0
622.177400615025 97.81923754778916 0.092305 -0.079158 0.24826537 1.0
620.4205159551478 81.27270164112039 0.059774 -0.120332 0.24018085 1.0
665.0332695541838 86.13527841224231 -0.297642 -0.568161 0.26159066 1.0
595.6653311100123 75.27514481609538 0.220516 -0.270912 0.22489873 1.0
630.0251356152603 78.0745908751274 -0.094789 -0.292982 0.24300805 1.0
629.7471753204399 76.31060745792588 -0.168923 -0.32436 0.24170876 1.0
629.5259805131053 76.61044809556958 -0.365186 -0.900247 0.24235709 1.0
822.6207411044993 98.05063269330691 -0.344344 -0.020068 0.3538142 1.0
583.8555024883644 70.196698787226 -0.066235 -0.000433 0.21891047 1.0
644.4238621883908 77.33363569819838 0.389003 0.219611 0.24892846 1.0
536.7251763187668 62.634682011588914 -0.885262 0.010531 0.19571249 1.0
720.7554644871492 84.29757732336867 -8.9e-05 -0.162668 0.28960913 1.0
810.0514299039328 94.73530735086838 0.741786 -0.435054 0.34259748 1.0
723.3433636140193 84.27135583865797 0.209716 0.472151 0.29053587 1.0
809.7027216531254 94.91483775222677 -0.01597 0.209159 0.34161365 1.0
807.3750299789008 91.91608062991298 -0.129035 -0.523117 0.3405986 1.0
649.8510031862473 72.15621260854554 0.045262 0.148263 0.24800822 1.0
714.136606105248 78.66962037390029 0.81525 -0.301475 0.2818484 1.0
651.8441567027729 71.01600234847712 -0.591907 0.003 0.24831624 1.0
598.749665213215 101.59607536979074 -0.292479 -0.360271 0.23702529 1.0
668.1127076927152 112.75478955629997 0.020386 0.135563 0.27429065 1.0
539.448758550221 88.75751578934707 -0.453104 -0.129976 0.20431669 1.0
535.6539657946122 87.31458276282761 0.4816 0.445286 0.20172009 1.0
769.5228571707702 122.77575865284346 -0.186489 -0.383948 0.33158225 1.0
749.9544406993386 117.7688122201691 -0.000592 -0.36692 0.31799144 1.0
530.167698252475 80.35691688194898 0.185859 -0.17116 0.1973246 1.0
710.390820803205 105.87929647239592 0.015019 -0.328388 0.28964898 1.0
711.5558607867061 103.28736582073675 -0.078688 0.252337 0.28939146 1.0
712.9911209947575 102.44866193084442 -0.048494 0.08284 0.2895166 1.0
741.8677552573323 105.58367080705244 -0.062048 -0.140089 0.3049142 1.0
743.5064762989074 103.17548859414768 0.218675 0.059292 0.30626237 1.0
742.7351919637998 102.99008101950845 -0.071604 0.150269 0.30433378 1.0
746.0395664367278 103.26996097786888 -0.222574 0.425107 0.3058602 1.0
624.7596249366902 85.94761749570459 -0.31526 0.034276 0.23983295 1.0
673.6945620806426 89.18176708035674 -0.025688 -0.134581 0.26418477 1.0
607.0596959893819 76.49235861147262 -0.683817 0.496708 0.22744836 1.0
652.2571782503014 82.15217505552083 -0.400588 -0.022885 0.2494143 1.0
798.976870403354 100.41630432197964 -0.230606 0.102101 0.3340152 1.0
838.5208138910917 86.82258382074812 0.205328 -0.401731 0.34683242 1.0
743.878732830676 77.1276153198967 -0.226796 -0.131982 0.29031593 1.0
847.1207128694106 87.81479210213975 0.30834 0.191294 0.35224146 1.0
814.6969934411937 81.48854411647112 -0.241422 0.304286 0.33244365 1.0
637.6569751541617 109.38247623448056 0.319683 -0.194562 0.25241747 1.0
756.2768061957124 128.62709599944048 0.361382 -0.274161 0.32113862 1.0
755.633521432132 125.18106799081617 -0.685276 0.221375 0.31738666 1.0
815.0811109324419 126.99365116500374 -0.336373 -0.273918 0.34940016 1.0
715.5708918249264 109.02900563688546 -0.536752 0.050872 0.28731847 1.0
630.2529709271774 88.42491960225604 -0.06699 -0.141876 0.23931468 1.0
550.9919861391268 75.99130028863395 0.008242 -0.227794 0.19922447 1.0
758.1873213935446 103.62692363752033 -0.193422 -0.076246 0.30491295 1.0
814.6522295107916 103.5718038783383 -0.31101 -0.047051 0.3359299 1.0
676.4373894724725 70.10971885468271 -0.010033 0.381029 0.25113112 1.0
678.6008233437981 70.42274706897472 0.209598 0.071139 0.25111794 1.0
656.3999923272784 63.73208253137043 -0.087565 0.144103 0.23909007 1.0
842.7159417499519 81.02220374611865 0.321227 -0.120966 0.3416083 1.0
839.306338757658 80.60261332757307 0.28548 -0.185068 0.33962777 1.0
828.2338727605837 81.1595183440947 -0.301605 0.10754 0.33091593 1.0
646.5750302430296 114.72918460379256 0.331715 0.295222 0.25364482 1.0
650.8652712020071 111.78075574540635 0.066415 0.224551 0.25446245 1.0
762.8798520659518 125.49766194434734 -0.169795 0.074126 0.31443843 1.0
758.4336752223332 124.05226977929011 -0.492374 -0.258111 0.31279474 1.0
767.1506013019012 124.662578148909 -0.153807 -0.632085 0.31562737 1.0
721.9683874579868 110.86765633682974 0.046354 -0.242456 0.28696695 1.0
724.8311554037366 110.65896728468712 0.112748 0.004589 0.2878333 1.0
707.6385576910809 90.99869786084683 -0.10171 0.450947 0.26957378 1.0
620.9902662975683 69.22348373117289 0.121146 -0.04716 0.22140354 1.0
820.3665994237523 79.5486807528122 0.158001 -0.12662 0.32006878 1.0
810.9636254768817 138.62055267511036 -0.266776 -0.07068 0.34061646 1.0
812.5636640276296 137.4061560778443 0.639757 0.49113 0.34153432 1.0
827.1678691512576 133.76486632645666 0.189601 0.162122 0.34595293 1.0
824.1745523369079 133.9525549075009 -0.031041 -0.058934 0.3451518 1.0
751.9491117421192 120.19039794805572 0.110499 -0.120166 0.30044883 1.0
670.703896977934 70.96793134855197 0.018999 0.02528 0.24037066 1.0
824.3661203689994 86.14087353662451 0.34411 -0.367251 0.3192221 1.0
829.7843634185565 85.72878598306424 -0.048989 0.394546 0.32282594 1.0
743.3820902431654 74.08408292054172 -0.127168 -0.035949 0.2747731 1.0
708.660535132984 96.86435856118547 0.042351 -0.053309 0.3095077 1.0
709.7391581594733 96.21549146729285 0.175331 0.556972 0.31100437 1.0
704.5204829287773 94.80608393989397 -0.650684 -0.551153 0.30773148 1.0
741.2024682501759 98.0277132685591 0.312028 0.035754 0.32802466 1.0
513.2735048257223 62.283743948377236 -0.514849 -0.46549 0.1960148 1.0
736.9198620392968 84.92469011170535 0.415378 0.216074 0.31840658 1.0
597.382007946004 68.62799732581144 0.153303 0.240914 0.23582944 1.0
690.9262178585332 77.7510605621515 0.145377 0.135207 0.2882994 1.0
720.6596778025972 81.70631162834182 0.056912 -0.203817 0.30445167 1.0
588.2309276412118 63.155186738061374 0.043641 0.186232 0.22962572 1.0
613.2944771493144 61.45079268519137 -0.216412 0.22279 0.24075677 1.0
598.3349108239894 60.057621441187706 0.102357 -0.453856 0.2325186 1.0
754.5110396228723 74.65160049161098 0.011992 -0.10005 0.3198115 1.0
747.5456697744243 114.17402664935908 0.148507 0.079449 0.3366185 1.0
626.2007989170311 95.70887330875499 -0.098699 -0.147592 0.26093686 1.0
626.4896734173627 94.79540270802477 -0.044775 0.023538 0.2602658 1.0
612.7187997234594 91.4976472910093 0.200289 0.135607 0.25153992 1.0
609.8995069774002 89.96194261818106 0.19764 -0.133843 0.2511543 1.0
594.0563780286296 85.78710596579242 -0.04926 -0.169111 0.2397091 1.0
707.2828534911666 99.61755805659338 0.020299 -0.001856 0.3051175 1.0
689.1566487232103 96.84012964355271 0.252149 -0.013886 0.293507 1.0
577.1569546659977 76.61724510277286 0.512978 -0.386308 0.22819145 1.0
681.2404866531658 87.09700515727127 0.146206 -0.224782 0.28285417 1.0
615.4521838306687 71.9945423971519 0.030613 -0.271575 0.24156947 1.0
613.5367785685264 71.8860758527409 -0.040929 0.14285 0.24031526 1.0
762.4030970209928 89.29749159655312 -0.870539 0.128168 0.32698748 1.0
717.9965706452996 69.70807312169218 -0.110667 0.163223 0.2901718 1.0
776.7766999064629 74.12884103156715 0.118321 -0.253471 0.3257418 1.0
722.3788649135936 68.38613328976102 0.234318 -0.004974 0.29177046 1.0
718.1575913046083 67.87188244979698 -0.210951 0.258097 0.28899446 1.0
513.1409827229259 83.67814594729678 0.09692 -0.421822 0.20049168 1.0
708.7405849374803 113.65500955979846 -0.327199 0.302488 0.30948633 1.0
729.7702529219548 113.94040642905408 -0.083141 -0.38744 0.31916997 1.0
700.5400708552638 107.5262810921678 -0.068015 0.006927 0.30021498 1.0
566.8150313488322 82.47421079862791 0.011173 -0.03825 0.22255221 1.0
713.604645256437 103.17593641612676 -0.540585 -0.194592 0.30514178 1.0
715.8424619204309 103.06453170128954 -0.197782 -0.171143 0.30348757 1.0
611.6102239661429 87.0421131837959 -0.020023 0.355596 0.2452827 1.0
722.046402242634 99.47692220331729 -0.213621 -0.116834 0.30539104 1.0
581.6944301352075 78.59726931514224 0.211744 -0.211755 0.22688529 1.0
687.0514259039782 92.876624119677 -0.065497 0.185772 0.28299665 1.0
806.5083241226733 101.28167832576798 -0.153995 0.154379 0.35477394 1.0
752.7152854613045 91.20053369099936 -0.084308 0.169071 0.31706265 1.0
648.5407705824254 78.15620924129881 -0.254051 0.000523 0.25621694 1.0
654.9768138915656 78.48418098608398 -0.018385 0.20562 0.25940016 1.0
665.2689796084957 78.11511173536452 -0.353573 0.018925 0.26348788 1.0
676.2736042523082 77.91050121348822 -0.449015 -0.500375 0.26835608 1.0
636.5431093406818 69.45140795109364 0.126025 -0.182967 0.24570034 1.0
720.5067048953188 77.39038974942743 0.532041 -0.052053 0.28972542 1.0
708.3084037053632 106.8196027345977 0.146943 0.446805 0.29737756 1.0
709.4379080769183 99.14775776169942 -0.071852 0.451495 0.2933366 1.0
462.61160486162976 50.09959835721691 -0.230069 0.087539 0.16017061 1.0
827.1253340733905 83.24896481166847 -0.166055 -0.066609 0.34505343 1.0
595.7091747710832 58.34898226617817 -0.025184 0.114199 0.21833657 1.0
590.5609370880468 58.36846225188341 0.018888 -0.110658 0.21505924 1.0
828.2854612001634 81.4725797263999 -0.359604 0.113487 0.34535173 1.0
736.4143355778311 71.30428257287214 0.196146 -0.077979 0.2902416 1.0
747.9809887716408 83.80342627893708 0.002147 -0.187229 0.27655035 1.0
576.9656586189609 57.28982465133 0.042379 0.259453 0.23214321 1.0
505.3739670495465 57.23051548912531 0.023383 0.285558 0.1956269 1.0
506.4059973684692 57.11425080728393 0.06286 0.053752 0.19628273 1.0
730.324791020761 81.30007051369415 0.204403 0.12162 0.3223042 1.0
579.673856961161 62.549396243159734 -0.064945 0.022475 0.23274605 1.0
579.4344200241419 60.97363132977317 -0.156973 0.554386 0.23133418 1.0
507.66149528472715 51.694714153299415 0.013143 0.093988 0.19312488 1.0
573.9177671935893 72.24609426447107 -0.139546 0.108481 0.23132104 1.0
577.7121879896731 71.07370864560107 0.030151 -0.042947 0.23203923 1.0
501.2776664866902 59.82023732060132 0.085859 0.300657 0.19132766 1.0
763.903131724553 83.37261260287492 0.042675 -0.307047 0.3360056 1.0
597.3532783677371 60.86036816132712 -0.015752 -0.410411 0.23398705 1.0
599.2580620957834 60.93262320082179 -0.40921 0.021728 0.23442477 1.0
761.7759930069832 128.62605823776474 0.180854 0.105779 0.33366787 1.0
713.925373998885 106.2003462008617 -0.556296 -0.450674 0.29589617 1.0
722.5172126661541 106.49999441672207 0.144922 0.080325 0.29976797 1.0
716.5480425145944 98.48589607641811 -0.028742 -0.057443 0.2918858 1.0
610.5185402762507 80.6788462016402 -0.203854 0.237478 0.23286825 1.0
669.6894255272273 87.16998556491126 -0.004551 0.188666 0.26270375 1.0
553.4173839525091 70.82510458846835 0.163068 0.414243 0.20409457 1.0
534.1048199506419 67.92786954101616 -0.732217 0.053807 0.1939958 1.0
530.6839229666842 65.98243757795346 0.04435 0.106223 0.19293174 1.0
537.4285232804147 66.76118257938005 -0.107717 -0.025668 0.19541593 1.0
603.9360831332402 75.01515391546323 -0.090237 -0.007395 0.22764872 1.0
535.791542274972 66.25876350435867 0.353963 0.259282 0.19508797 1.0
507.3193948357582 58.85374189176637 0.007324 0.022931 0.18031126 1.0
506.61064912125534 58.47736358918264 0.182697 0.076414 0.17982005 1.0
466.00321689183903 50.4998799807786 0.510979 0.103599 0.16115336 1.0
464.3723616805089 49.23952574371715 -0.50052 -0.114192 0.16035667 1.0
849.1685962945292 82.57913171833226 -0.158692 0.025986 0.35581723 1.0
470.7366475512631 43.85517865817279 0.267211 0.138811 0.1604888 1.0
534.347828491052 92.32953284648757 -0.182845 -0.153877 0.20256953 1.0
531.6282606645149 90.88274074688674 0.138926 0.158627 0.20142144 1.0
698.7861269915676 115.14541083832185 -0.264476 0.18823 0.2851663 1.0
536.4936804023616 87.12742877818108 0.139483 0.041035 0.1996415 1.0
497.9866072256314 77.08574670988888 -0.066206 0.654783 0.18160914 1.0
461.98659177821764 67.60380675041174 0.069688 -0.00978 0.16268574 1.0
558.2983716755631 79.98240584188262 0.033935 0.263672 0.20547701 1.0
754.2473388486874 103.65077818245656 -0.284387 -0.083561 0.30702123 1.0
651.6291603000129 82.17299181488072 -0.084556 -0.106996 0.24743584 1.0
730.6545063635181 86.72602069964616 0.003372 0.103718 0.2865912 1.0
824.8697873163939 95.75601442444724 0.000419 0.084979 0.3409518 1.0
772.2143926088744 88.26452265761631 0.238993 0.205511 0.30922878 1.0
832.9187915007979 93.17238059637883 0.24786 0.555873 0.34401333 1.0
818.0719720379533 84.12656566459094 0.12509 0.246324 0.33163628 1.0
805.5684267220429 138.37787451652906 0.242165 -0.687546 0.3485019 1.0
778.8941881207166 129.95785934036368 -0.005478 -0.00307 0.3289457 1.0
500.4247143156079 80.01551952542819 0.220111 -0.189894 0.17993839 1.0
657.1557108342412 102.78403604439512 0.234585 0.539114 0.2540803 1.0
720.632753994514 109.26758918880951 0.004297 0.009005 0.28703228 1.0
743.4517008713997 109.36099996178379 -0.019362 0.37374 0.30020887 1.0
597.6156294603934 80.82622713192315 -0.081579 -0.101201 0.21795806 1.0
811.4193078102079 108.8596962310669 0.01018 0.100525 0.3337304 1.0
811.6907717039444 106.55855197752084 0.037465 -0.098699 0.33315364 1.0
687.9431582392301 71.40398168954519 -0.100585 0.034272 0.2550903 1.0
850.2473962314153 87.01970345140052 -0.482275 -0.335318 0.34526098 1.0
685.4981726147598 69.40527405091208 -0.250893 0.336733 0.25346392 1.0
542.515785888511 97.34024573287248 -0.105326 -0.385137 0.2010114 1.0
806.9148973646885 136.78999357191296 0.117985 -0.097189 0.34077862 1.0
790.513629403875 130.72470009700575 -0.124605 0.09489 0.32889318 1.0
829.6161047235819 129.2442751040352 -0.428298 -0.162944 0.34909287 1.0
557.7498766372619 72.69475574428495 -0.051937 -0.021016 0.19559859 1.0
551.0758110720653 71.22891007330986 0.285086 0.031138 0.19325997 1.0
568.1604098216793 73.44706775255307 0.009144 -0.08113 0.20032252 1.0
714.9804392370285 90.87342562357759 0.156373 -0.305642 0.2696504 1.0
832.2980306723341 105.21892971386643 0.039478 0.551144 0.33664393 1.0
827.1290070649803 104.45027725911946 0.336091 0.055858 0.33250654 1.0
688.6860011653121 84.43748970672804 -0.437807 0.380993 0.25644752 1.0
853.7742207333897 93.65906717790484 0.025186 0.167507 0.34240428 1.0
552.4742376650097 96.97680311238351 -0.051257 -0.31217 0.19974181 1.0
786.700497403129 134.0700832962553 -0.527035 0.296545 0.3217769 1.0
787.4574266207002 132.13563500589953 -0.010363 0.126468 0.32071665 1.0
761.170304089871 81.69097913221985 -0.343242 -0.197177 0.2826725 1.0
504.5968465567194 53.23231772288822 0.251615 -0.055741 0.194631 1.0
577.071115654055 59.7548544341153 0.018593 0.13398 0.23228277 1.0
660.7296046845075 67.35188147063992 0.064081 -0.093515 0.27729878 1.0
753.9422731954377 75.63811551790683 -0.091101 0.260223 0.33482245 1.0
489.3300909417159 45.096284390589865 -0.121983 -0.009481 0.18350822 1.0
506.8453146051389 58.962362990892125 -0.276733 -0.405037 0.19542372 1.0
702.7976530478394 80.6292736641226 0.176187 0.134313 0.30387366 1.0
738.9585888661794 84.58789678653129 0.074215 0.125124 0.32584906 1.0
733.5996344031972 82.69451598560401 -0.054736 -0.60155 0.3225504 1.0
582.5381906631603 63.795017505559024 -0.229175 -0.281976 0.23244514 1.0
584.7153811739871 63.90068786220816 -0.597436 0.174524 0.23370466 1.0
469.8284289251805 51.28819166229571 0.084301 0.06216 0.17597203 1.0
593.7341972336421 61.64682119361024 0.122479 -0.090529 0.23481648 1.0
447.5936612296984 64.40751709387366 0.222914 0.338521 0.16825046 1.0
603.0956034833794 80.80056124259943 -0.090393 -0.117842 0.24335442 1.0
511.2973286684196 66.5891999470325 0.017282 -0.12513 0.19583845 1.0
604.3489505098918 77.98658822667485 -0.280918 0.519325 0.24370553 1.0
599.4464695764417 77.929295862627 -0.024293 -0.635841 0.24097443 1.0
515.8201864062568 65.96777842919296 0.110337 0.316524 0.19695441 1.0
510.8310914221917 65.65154355054098 0.029687 -0.270123 0.19412217 1.0
509.2897144979849 62.86783781508489 -0.16831 0.350077 0.19311956 1.0
513.9674414123471 62.6771995452152 0.003677 -0.06383 0.19546825 1.0
508.80943878714896 61.88660419857508 -0.122426 -0.035855 0.19303192 1.0
743.7913059896844 92.24174991397074 0.103625 0.088666 0.32058096 1.0
507.0426897248262 62.335849939036315 0.484859 0.201797 0.19088873 1.0
637.8024490673389 78.01507947308203 -0.274075 0.130086 0.25721878 1.0
608.1175986242004 68.9899766388411 -0.264347 -0.057542 0.23985186 1.0
602.379610213991 68.91518815331764 -0.082691 0.155584 0.23582803 1.0
605.586111135909 69.36187134145472 -0.281629 -0.122115 0.23809522 1.0
742.2204665591629 84.07197067014108 0.286329 0.190468 0.31428567 1.0
768.8255874306311 85.62508481011982 0.166445 -0.215323 0.33130434 1.0
706.2203909581186 77.53289152170117 0.160985 -0.370599 0.29110557 1.0
709.7144820097407 69.4982243533354 -0.140388 0.148863 0.2904781 1.0
713.6748622476093 67.63021988851278 0.019239 0.060953 0.29066545 1.0
503.4884275497925 46.36702654143746 -0.005271 0.431786 0.18220174 1.0
761.0782292666939 118.3509796237787 0.061474 0.214686 0.34591153 1.0
614.9148287329341 92.83237495210828 0.585529 -0.097893 0.251625 1.0
759.783666234804 103.3763814480569 -0.155187 0.27573 0.3329022 1.0
607.262248418223 78.72355444596124 0.097022 0.495316 0.24071898 1.0
445.10977889796044 55.05713907663743 0.339234 -0.274924 0.16023824 1.0
601.6168073173103 70.83707347213962 0.192157 0.054504 0.2339091 1.0
600.9492253799286 70.95785571660214 0.011542 0.060241 0.23339437 1.0
608.6547166301997 72.12193575804672 0.214389 0.047671 0.23592907 1.0
784.7071853922822 92.07692122671746 -0.361582 0.146179 0.33627242 1.0
539.0424655924098 60.72699398180383 -0.282297 -0.198815 0.20022757 1.0
537.0027065949665 59.44779189963318 0.1618 -0.11371 0.19993494 1.0
607.7041711665549 67.20610057638906 -0.16601 -0.417764 0.23389591 1.0
527.2692038846403 55.531434512998395 -0.0023 -0.142338 0.19267605 1.0
533.329448284212 87.27731367804266 -0.218744 -0.237577 0.20948514 1.0
629.9577881485553 102.41854593460134 0.240431 0.195797 0.2603681 1.0
531.1953442912611 85.81042559943137 0.01011 -0.13431 0.20607801 1.0
656.7860815333509 105.95334553504239 0.448256 0.378599 0.2748674 1.0
718.8446430182317 110.03238866743517 0.192872 0.083559 0.30825624 1.0
528.5067994296055 65.74236903323246 -0.001875 -0.197731 0.195299 1.0
624.6665342801881 75.38490427879982 0.190134 -0.025099 0.24023263 1.0
543.8713542315407 65.10933594542345 -0.009193 0.02572 0.20050566 1.0
674.1366768018956 81.00921358044026 0.197161 -0.434108 0.26778167 1.0
659.789913066168 78.97258909087485 0.044851 -0.115008 0.2603974 1.0
647.3295961043035 76.42035824893657 -0.242319 -0.210826 0.25084394 1.0
756.4458170844881 87.76144872286338 0.218177 0.208869 0.31269845 1.0
531.8893718084314 60.71828294510962 0.02183 -0.068185 0.19448876 1.0
720.3134352560351 80.07274845131293 0.1314 -0.17546 0.29052168 1.0
800.0689551112249 86.46281215835805 0.054017 0.337411 0.336222 1.0
470.2862268917803 48.73429984597129 0.155662 -0.239162 0.16398871 1.0
471.89151640745825 45.69574628580459 0.39886 -0.487108 0.16324042 1.0
840.7969856882984 79.72209853333909 -0.0742 -0.346187 0.3537559 1.0
795.4057432095005 75.98908177475899 -0.123421 -0.023107 0.31908706 1.0
846.7920718302321 79.54199343994676 0.120357 -0.135172 0.34976175 1.0
520.6565686713291 86.51194732025891 0.149374 0.421941 0.19986969 1.0
720.2065025138622 113.67340724250889 0.391531 0.074706 0.3072445 1.0
721.0178153021574 104.72859904487731 0.213364 -0.350429 0.30133837 1.0
729.3505588141556 104.78031655733258 -0.071866 0.113636 0.30333513 1.0
620.2730739054703 81.08113086075751 -0.08473 0.187072 0.2381598 1.0
625.4220644948911 80.73916798068154 0.170151 -0.097103 0.24032333 1.0
790.2159990557291 97.63254380850141 0.1746 0.548062 0.3334225 1.0
807.8575124154653 94.58625512800991 -0.081733 -0.256097 0.34123725 1.0
761.4838415486715 88.10660664986246 0.502187 -0.310759 0.31332567 1.0
764.0901214565812 88.25821855012744 -0.442242 -0.0209 0.31379753 1.0
646.8422914616731 73.20574723968775 -0.186042 -0.227178 0.24862102 1.0
804.2994396691022 89.85477400246104 0.098786 -0.06213 0.3368077 1.0
650.2302417709129 71.89859713446847 -0.319436 0.428335 0.24868147 1.0
810.1614937285219 89.61524970646353 -0.013729 0.233218 0.34068865 1.0
521.6020590394503 88.56085894465414 -0.091022 -0.144386 0.19686992 1.0
519.7356550492906 88.14235102130003 -0.181746 0.110083 0.19578283 1.0
530.1222987918936 89.23158267146661 -0.053124 -0.145915 0.20013873 1.0
532.0537116882025 88.03434972133981 -0.006574 0.020443 0.20091207 1.0
531.9115592311043 87.43430703525152 -0.22398 -0.134421 0.20030533 1.0
623.51637124839 102.07750308841655 0.306468 0.026821 0.24640062 1.0
532.6502811751626 85.1643551900768 0.379116 0.051691 0.1996484 1.0
749.9934095600242 116.51461329318161 -0.088122 -0.148079 0.3175252 1.0
711.003616790199 105.1232404372437 0.338587 0.056063 0.29080787 1.0
812.6497551819842 121.32868509553731 0.108326 0.520376 0.35201523 1.0
713.9123265626304 102.33789556733255 0.197973 -0.354015 0.29029456 1.0
740.9189419889069 105.07234232464722 0.392303 -0.514876 0.30418846 1.0
821.5006453544976 114.63732375423798 0.54581 -0.164641 0.35574895 1.0
713.6936132227224 98.45962147264066 0.209525 0.219756 0.28834257 1.0
614.1796759981748 79.51133367376534 -0.516693 0.451903 0.23165323 1.0
803.7385713284154 99.50471422527582 -0.14803 -0.470537 0.33525702 1.0
544.0865243967897 65.96128647244686 0.01488 0.213178 0.19602983 1.0
807.2512277619039 95.778104339651 0.15865 -0.334375 0.33593014 1.0
818.9944251372317 94.86785380958322 0.104253 -0.031315 0.3391873 1.0
482.6673616937806 53.86937183747085 0.548896 -0.401744 0.16718899 1.0
673.5977110791655 73.36208949051999 0.683667 0.474692 0.2554373 1.0
830.7907495570864 87.5121195830078 0.07721 0.103399 0.34469327 1.0
528.7019479973097 88.00240646217432 -0.079221 0.060456 0.19694352 1.0
532.7838529039528 88.22274427854937 -0.123259 0.003085 0.19843051 1.0
758.4298774818702 125.4772714181332 0.057235 -0.021488 0.31908682 1.0
776.0592023612804 126.02360470559066 0.139129 -0.021275 0.3302712 1.0
498.63692079558416 78.21793900147061 -0.144629 -0.140967 0.18049048 1.0
632.4579919426843 90.57089181546291 0.278471 0.101236 0.2400983 1.0
636.3498769335231 89.22466496200119 -0.008961 0.174683 0.24239117 1.0
811.4495029090141 105.33059913938959 0.202096 0.37859 0.33568352 1.0
644.7612439092921 81.66110056837327 -0.001574 0.188172 0.24066359 1.0
838.768361118526 96.45870793063361 0.101851 0.265559 0.3442895 1.0
648.3752367430202 71.57106597805415 -0.029931 0.286367 0.23847829 1.0
654.6197529655444 64.35616176696617 0.264646 0.020338 0.23876405 1.0
861.3851730105189 79.3496431770923 -0.368887 -0.013764 0.35020047 1.0
809.4600198651789 138.25986093692742 -0.098656 -0.234112 0.34799656 1.0
766.4857745186816 129.90930719518636 0.163077 0.096114 0.31919158 1.0
781.6938399848532 130.14698846611765 -0.196444 -0.060778 0.32873926 1.0
766.1124613567017 126.06000336231486 -0.647664 -0.4875 0.31631178 1.0
763.4008345659306 125.32019923227371 -0.092417 0.224921 0.31504762 1.0
639.2713167902612 101.7708948229379 0.276599 -0.20202 0.24406956 1.0
830.7012053961447 124.96822197780969 0.08122 0.184909 0.3507732 1.0
848.7908562395417 85.25266305520861 0.150513 0.16889 0.33968908 1.0
738.7882916337019 73.54998738832703 0.152616 0.17274 0.27626467 1.0
815.7519704092832 78.62803935616319 -0.055267 -0.36134 0.31874827 1.0
661.191413738025 63.09070366711937 -0.342545 0.320337 0.2370264 1.0
662.6692075468619 61.710382293691225 -0.004912 0.310851 0.23662764 1.0
765.6403641975966 137.07969622923477 0.197126 -0.465732 0.3164668 1.0
661.5023858222156 107.51624914956001 -0.178599 -0.24885 0.25150862 1.0
572.2711849184974 74.72703653564756 0.131528 -0.130708 0.20009378 1.0
553.8657132063774 97.55648800236753 -0.270485 -0.500575 0.19978796 1.0
507.10197976043474 86.38536664916228 -0.358848 0.30422 0.17768504 1.0
759.9482425502922 83.71871420566899 0.134952 0.335636 0.28135172 1.0
760.7321203713473 82.64493511308791 -0.177944 -0.143279 0.28255588 1.0
705.2849619256027 94.8437597579797 -0.432584 -0.459514 0.30825892 1.0
745.7167777400508 100.09856098505118 0.221584 0.332992 0.3315918 1.0
496.6486289213328 60.10798882672535 0.075253 -0.122312 0.18800576 1.0
745.7683904067152 88.05778522674322 -0.268746 -0.19201 0.32365176 1.0
746.5323950669886 88.65183304894505 0.505243 -0.31038 0.32386717 1.0
652.3854679460511 76.27406126598264 -0.543677 0.277638 0.2662972 1.0
689.6184205547779 78.31580534323871 -0.067906 0.037933 0.2882544 1.0
521.0810734183375 55.52369136795829 0.06336 -0.171781 0.19581878 1.0
702.540272639224 73.21540540690653 0.484886 0.295707 0.28943157 1.0
518.1587017488391 48.857671799335904 0.723222 0.282769 0.19160822 1.0
520.9036189295225 48.80256536665652 0.060924 0.10147 0.19179644 1.0
501.124941887042 46.30972469981874 -0.554811 -0.126222 0.1829584 1.0
680.1339596122178 87.06860093502796 -0.215972 0.139182 0.28176725 1.0
602.1140334938528 73.97596796892843 -0.056348 0.308408 0.23627084 1.0
608.7836642449048 71.25621667667072 -0.196241 0.002209 0.23817937 1.0
607.2477134230973 70.54710726026606 0.056736 -0.164534 0.23779567 1.0
603.1043005851499 70.34421766988672 0.030737 0.178745 0.23543863 1.0
610.5014060815454 71.3062742601953 0.002383 -0.02183 0.2391343 1.0
812.9251883039427 95.41237413150124 -0.079207 0.188694 0.35876435 1.0
743.2009404058575 85.20692225742383 0.01161 -0.387713 0.31457424 1.0
505.39527415343457 49.41178581250941 0.331779 0.074881 0.18333963 1.0
504.31958984247603 47.77965524459263 0.13194 -0.703327 0.18217278 1.0
510.4948787935931 85.11801157594059 0.008805 0.074282 0.20052181 1.0
544.4914084569672 88.26263961288039 -0.221447 -0.133248 0.21635135 1.0
557.8335296072785 86.141118059439 0.098003 -0.23642 0.21951368 1.0
693.4124879539942 103.55417037532942 -0.189609 0.088696 0.29243588 1.0
696.9646498364629 96.34097070279923 -0.037818 0.128406 0.2909291 1.0
521.546541785117 67.77720884451963 0.00366 -0.046721 0.19408129 1.0
526.3970513003993 65.2276363981833 -0.140887 0.096439 0.19626334 1.0
449.4223715942989 54.82361132520003 -0.150318 -0.04604 0.16108268 1.0
654.5613221051746 78.81415107843445 0.072719 -0.295074 0.25958222 1.0
524.4927566227394 63.11084677579374 0.567411 -0.559306 0.19381367 1.0
456.5315181970082 54.62909038185448 -0.160892 0.272883 0.16239 1.0
608.7454115367327 70.77685129350829 0.186338 0.328136 0.2347987 1.0
618.5733785732539 69.428230463301 -0.115472 0.102714 0.23781721 1.0
792.598944500138 86.70231222138278 -0.178278 -0.019001 0.33639014 1.0
666.1557804098913 106.09861984253023 -0.043104 0.15495 0.2758955 1.0
626.3895470385705 96.99232057439254 0.151478 -0.000658 0.25195783 1.0
789.5226842956956 96.53328270402224 0.051885 -0.056956 0.33435118 1.0
461.2830336265831 49.46909047838845 0.25365 0.008395 0.16011263 1.0
470.5829698788042 47.7995323471996 -0.061425 -0.221648 0.16250855 1.0
829.5898640009674 83.55017311084082 0.095963 0.137398 0.34625912 1.0
582.2403594842856 54.629993951219994 -0.197333 0.151744 0.21038122 1.0
631.027759781314 109.04473256202634 -0.029205 -0.016886 0.25785527 1.0
761.0396109529056 130.31477950517123 -0.017048 -0.095177 0.3357298 1.0
741.5297377367837 130.01336072205302 0.014248 0.000866 0.3182269 1.0
534.4839637427864 94.18877876301246 0.120742 0.116168 0.20285313 1.0
670.2181922640367 114.45773645316497 -0.202481 -0.024209 0.2866248 1.0
641.5639381999885 116.49563203083396 0.01386 -0.277697 0.25589776 1.0
757.6488272752149 131.61544571543047 -0.024601 -0.034672 0.33246434 1.0
448.85820656835716 76.75849877294654 0.03538 -0.155562 0.16612299 1.0
528.3532976912999 92.14481120904112 0.472972 0.317838 0.1999549 1.0
645.5543983728268 117.05860522988583 -0.221242 -0.478621 0.2578964 1.0
487.0077118739521 83.58664721074594 -0.140786 -0.150997 0.18890582 1.0
771.83885433984 131.55778118811835 0.112249 -0.100541 0.35441396 1.0
762.0201871688097 129.797341647562 0.006131 -0.068982 0.34425962 1.0
462.34657314046825 77.34297666920637 0.316225 0.023747 0.17578086 1.0
434.7053302470489 75.05005629445603 0.023374 -0.374393 0.16145723 1.0
533.6518208211544 94.5938816689398 0.450103 0.121826 0.20176816 1.0
776.8585931029304 135.73721044719113 -0.223017 -0.095968 0.33680534 1.0
668.499591738504 113.62074179200036 0.015667 0.246884 0.28692833 1.0
491.270106959788 83.82369500113657 0.068261 0.024653 0.18846485 1.0
515.2206636766402 87.66407747723677 0.257847 0.128136 0.1998396 1.0
638.9274322508757 108.81407434334666 0.060354 -0.028844 0.2648556 1.0
658.8718966450504 116.67828058109683 -0.030618 -0.127847 0.2745025 1.0
761.0301122625906 133.1495553359107 -0.109825 0.115217 0.33634293 1.0
559.159324348556 103.04381070744203 -0.238252 -0.701519 0.21891256 1.0
727.5546569835237 127.44630312393264 -0.10113 -0.377211 0.3242768 1.0
736.738285364619 131.88487237532155 0.197156 0.236534 0.3209917 1.0
763.0902726348215 134.65260139513774 -0.274178 0.293205 0.33598414 1.0
526.1123872273123 92.01220296129172 -0.164703 -0.085774 0.20153543 1.0
731.148527249152 130.37005837796508 0.074773 0.000283 0.32709458 1.0
753.2357938429153 134.8096006618936 -0.374887 -0.100412 0.34166554 1.0
567.5042581739028 103.0284454447056 -0.040777 0.202576 0.22561477 1.0
536.6010797065003 97.84249665816235 -0.224549 -0.129723 0.20302323 1.0
532.8960465653655 96.08532516162404 0.020602 0.212231 0.20198363 1.0
522.5030167046841 93.15673066436624 0.052699 0.097437 0.20611155 1.0
760.9520706917077 120.90761278761074 0.179702 1.1e-05 0.30100793 1.0
831.2875171804483 111.18323617825278 -0.271369 0.174816 0.3339935 1.0
768.1798537282851 104.69476559011919 0.333613 0.785529 0.30091614 1.0
765.2447324516744 122.05146182061618 0.142058 0.265253 0.30153292 1.0
878.7342413022759 103.2138158619856 0.026526 0.186308 0.33774757 1.0
882.7029007420533 106.8756543424591 -0.113038 0.020803 0.35754293 1.0
706.6668173403806 91.85343533360512 0.045598 0.129329 0.258263 1.0
766.712936917317 97.35970021518416 -0.127989 -0.24742 0.29511026 1.0
835.7026578848255 106.29559341914899 -0.16202 0.005332 0.33427417 1.0
743.5753366690655 99.8312183025142 0.524273 0.536549 0.2808035 1.0
842.5997582784128 110.5186794735909 -0.482681 -0.300985 0.33345598 1.0
881.662300318967 110.12446973340518 -0.026548 0.014391 0.355264 1.0
841.6385980556056 103.41315974849189 0.105422 -0.181741 0.32929176 1.0
632.02025039306 84.17507520894043 0.101811 0.019184 0.22148243 1.0
829.1834062289233 110.90796088766784 0.106339 -0.507057 0.3327374 1.0
742.3474693945383 96.72145184723684 0.217194 0.181783 0.28063178 1.0
771.060626332908 94.34571598627706 0.048836 -0.075002 0.29506063 1.0
834.6041154011416 99.75039763476994 0.037935 -0.067019 0.32951647 1.0
752.6386113635942 89.91167452967592 0.176027 -0.125308 0.28350452 1.0
844.73530357623 96.30937232156101 -0.214555 -0.092597 0.33183676 1.0
842.5444179924558 139.43978159947645 0.185832 0.395028 0.34799796 1.0
848.8241491720642 138.94978068476937 -0.241477 0.130817 0.3499573 1.0
582.5931641453906 75.37450351614841 -0.036415 -0.096298 0.20022497 1.0
764.8185561134799 98.47318922560426 0.529737 -0.031331 0.28826034 1.0
828.7258796270418 107.13512656489777 -0.004607 0.144438 0.32181337 1.0
770.2962322376928 110.45012300003458 0.025343 -0.155008 0.30924886 1.0
640.4664107401263 88.30121232466423 0.100848 -0.266319 0.237406 1.0
662.8289444657166 84.15658266516371 0.001989 -0.155368 0.24140653 1.0
540.8960358243095 67.36690902182741 -0.104277 0.430375 0.18532942 1.0
842.5443015514509 104.03685108785767 0.104601 0.258554 0.33884856 1.0
834.4158948976307 102.41595102929494 0.258258 0.338274 0.33403298 1.0
840.8466471964114 98.26808840259046 0.018215 -0.007738 0.33514994 1.0
797.9022268435111 127.78169121016585 -0.830008 -0.414156 0.31966686 1.0
698.4658050021023 86.97915826931208 0.141711 0.129495 0.25447634 1.0
863.1457078500872 100.11042159608509 -0.413283 -0.180923 0.340738 1.0
683.7011120104034 78.35888776596903 0.292148 -0.034609 0.24399498 1.0
566.6076121718376 67.23485954808746 -0.297852 -0.044969 0.18568003 1.0
878.014943233127 103.11986637147167 -0.378019 -0.144937 0.33897376 1.0
724.9160113615693 84.30854875367137 0.087365 0.008605 0.25610638 1.0
682.8300083904032 96.18400370918181 0.270776 -0.429394 0.26197848 1.0
813.4796420714354 117.07970619019122 -0.101183 -0.215926 0.33394787 1.0
763.6370858167589 104.12152769718764 -0.056064 -0.289834 0.2996561 1.0
824.4589601648169 111.55253135128392 -0.197137 -0.095459 0.3340286 1.0
534.3566487101036 73.40263080504845 0.564168 -0.083717 0.18344878 1.0
780.3688134590184 102.08929792032123 0.158127 -0.020196 0.30280203 1.0
877.4007558718556 109.13075787016759 0.225133 0.233377 0.3583112 1.0
580.161584372888 69.33808301874302 -0.010214 0.155532 0.20033841 1.0
833.7199635790995 99.39104686270977 -0.140109 -0.191421 0.32910928 1.0
838.9593766573414 100.11947232643799 -0.101741 0.105251 0.33004323 1.0
756.0727919991145 88.58608776739077 0.079172 0.336911 0.28434584 1.0
849.2904473883569 96.81028196548353 -0.291174 0.123237 0.3344313 1.0
576.464483872987 78.4781781342549 -0.000927 0.430609 0.19852798 1.0
573.691092279284 78.00607064306305 0.14918 -0.310635 0.19726112 1.0
574.6141442826773 78.0446570838555 -0.437466 -0.228721 0.19754173 1.0
582.5660476201706 78.83422108740056 -0.083811 -0.047095 0.20112176 1.0
571.7883906642708 77.59464716270426 0.053319 0.150989 0.19612034 1.0
835.1194527396224 107.86516314304846 0.095955 0.167325 0.32676747 1.0
882.4576847356758 113.01510004712866 0.38561 -0.278771 0.35555112 1.0
875.04717383425 112.20574637848337 -0.051785 0.3928 0.34932113 1.0
702.9794171892315 88.08602180288766 0.055189 -0.431175 0.25434685 1.0
895.6534669343187 108.11519826474793 -0.245193 0.150996 0.35858038 1.0
749.5007402287847 109.22555415989082 0.320447 -0.452405 0.30025712 1.0
771.5876762139208 111.0856314090506 -0.134193 -0.246498 0.3096353 1.0
770.573083976491 105.56775936006456 0.086512 0.160236 0.30068803 1.0
535.2663387908897 66.61282979794338 -0.092078 -0.781787 0.18338762 1.0
540.8360958077492 67.40568754440584 0.319878 0.259917 0.1853121 1.0
839.1671663952662 103.29468028942426 -0.141182 -0.287625 0.33688688 1.0
831.2656990378068 105.38854374408895 0.180129 -0.138499 0.32542124 1.0
805.4847502492773 131.93459735050163 0.063965 0.074475 0.32068446 1.0
845.7182006622414 126.1382120962374 -0.539817 -0.045832 0.3387769 1.0
845.5977293641452 130.18631467704384 -0.181476 0.182921 0.33462054 1.0
789.7282915168157 121.0298434800153 -0.041942 0.001805 0.30339777 1.0
766.9126571167841 110.34208331619946 -0.126621 -0.137511 0.28698054 1.0
760.6011298628162 107.40951003901401 0.024858 0.415712 0.28444332 1.0
577.5614168006839 79.44299513777219 -0.225871 -0.265247 0.19522479 1.0
687.7161832361974 88.66225583364967 -0.155368 0.67362 0.24296655 1.0
532.2027838706931 68.22513449682413 0.030659 0.072784 0.17508529 1.0
854.8870459849816 127.89065826536508 -0.084984 -0.032296 0.333218 1.0
854.1073610353936 126.65130124496784 -0.660496 0.477486 0.33199182 1.0
870.6302328784645 129.08032437768887 -0.741425 -0.265702 0.3411862 1.0
774.2655176241409 110.47989164990818 -0.040457 0.042401 0.28688174 1.0
808.9750914299822 113.56535928710237 -0.39367 0.582871 0.30370584 1.0
781.2289925181486 107.82034274363566 0.110819 0.144214 0.28828856 1.0
783.8974300228484 108.22293832600386 -0.156491 0.155677 0.28827038 1.0
787.1726927744614 103.25341867361973 0.031514 0.183741 0.29052302 1.0
716.7228164087348 91.58049911280634 -0.007777 0.027237 0.25362042 1.0
870.1890447611975 110.12914943959011 0.505346 0.36045 0.33435118 1.0
869.7001325640856 107.83758062486706 -0.67764 0.171529 0.33205688 1.0
865.9904157109999 103.06765779227052 0.085714 0.096209 0.32911423 1.0
893.9579670228087 125.06211896589225 0.265067 0.196755 0.34405276 1.0
854.6843042239092 117.36231574609832 0.082721 -0.040967 0.32241535 1.0
744.2639194535899 101.01691435810038 -0.081943 -0.086833 0.26358542 1.0
841.6490068122348 111.81134952777352 -0.03104 -0.03955 0.3146893 1.0
781.2033305900571 103.41795145188175 0.296792 -0.248679 0.2810065 1.0
781.2974788635629 101.58629909865365 -0.07405 -0.009559 0.28100058 1.0
798.5605901599537 103.92239126956618 -0.127302 -0.2165 0.289467 1.0
781.2517986563581 100.88526475411753 0.033047 -0.360243 0.28091097 1.0
895.4345644474542 114.51783645172713 -0.24635 0.557275 0.3424485 1.0
917.5387665671083 115.09317034712777 0.311685 -0.015317 0.35517102 1.0
793.3215880792128 98.51338436505999 -0.273039 0.523473 0.2858701 1.0
808.1994529405456 131.2742860540814 -0.354535 0.477268 0.3199174 1.0
841.8878668215837 128.5389125928414 0.104186 0.196464 0.33426446 1.0
838.8486336088296 126.80709542960848 -0.330432 0.571481 0.33463362 1.0
844.3336069792016 123.93339300146953 -0.472135 0.381889 0.33361953 1.0
666.6702742124517 96.96352748688687 0.25395 0.703942 0.23987389 1.0
841.2030915374139 119.68099905738143 -0.008575 -0.181807 0.33074203 1.0
690.7532499344097 98.202348179795 0.258301 0.176225 0.24950023 1.0
671.5196842081962 92.15990775987558 -0.334678 -0.06321 0.23995991 1.0
676.6470115107471 91.30122796767243 -0.290999 -0.077454 0.2409798 1.0
789.9661479152019 97.9622978930554 0.066343 0.247931 0.29713848 1.0
853.775568516727 105.21497708747677 0.203434 0.020482 0.33120194 1.0
641.5196604436807 98.94639366736094 0.095411 0.012145 0.226403 1.0
830.2861877363076 128.6950711029807 0.093585 -0.232529 0.32226062 1.0
849.7840839083908 120.46210349024301 0.36236 -0.157126 0.33001375 1.0
804.4840602039214 113.8851863178528 -0.735446 0.30219 0.30395168 1.0
783.179338338604 103.50863468150085 -0.463147 -0.323414 0.2899176 1.0
899.9568216490283 115.78570926811499 0.382952 0.041094 0.35396096 1.0
878.0700287906594 110.7221114038084 0.173882 -0.215557 0.3402532 1.0
840.3790595667002 104.79270961995479 -0.223116 0.282281 0.31963807 1.0
720.4907057433026 88.48749712843613 -0.319009 -0.130482 0.25520384 1.0
880.77234117704 107.29421674614363 0.03049 0.298928 0.34190154 1.0
902.9599035643329 108.72474655085665 0.339993 -0.072235 0.35350588 1.0
808.9545373619737 102.4615146052841 0.167064 0.052952 0.29584473 1.0
807.031501890911 98.7813366550885 0.059214 -0.039354 0.2956063 1.0
688.4403644919277 99.82907451083759 0.236838 0.201953 0.23704667 1.0
595.8741634143291 84.0079634225972 0.115705 0.028599 0.1955758 1.0
664.2684428109548 91.43832184261557 -0.058358 0.416544 0.224797 1.0
686.7429697157152 94.41033441675845 -0.104774 -0.183154 0.2351786 1.0
680.2570924173863 90.03835333688572 -0.303507 -0.039541 0.23175877 1.0
693.2694727274186 90.49547123042932 0.193931 -0.405901 0.23690829 1.0
919.4576317781215 119.36633863173905 0.196833 0.122936 0.3528117 1.0
885.6931121708832 128.4252024351198 0.163922 0.352408 0.33345088 1.0
919.0780694748615 129.4898858130876 0.115506 -0.07288 0.35120925 1.0
755.1415480453467 104.05733713481506 -0.085443 -0.048527 0.26410386 1.0
923.9637800181113 127.819352578093 -0.031156 0.541012 0.35083646 1.0
925.2781668972102 126.76908727934861 0.058355 -0.042226 0.35395044 1.0
914.5747625848051 124.74854957439587 -0.157763 -0.137571 0.34762722 1.0
928.2314557397098 126.60233191930854 -0.183043 0.113671 0.35324734 1.0
926.726297374011 126.4411174897373 -0.201955 -0.100069 0.35202494 1.0
862.1275214511503 124.8545658611501 0.009812 0.008268 0.31324524 1.0
817.2724743076859 122.69786493479225 -0.135548 0.226455 0.2870416 1.0
939.5410322891645 137.6223197170538 0.488101 -0.063764 0.3507335 1.0
669.4281137488105 97.02464306854458 0.966448 0.034447 0.22605735 1.0
755.8521289012858 108.2944206510451 0.015796 0.08624 0.26740396 1.0
864.9742564055587 122.94902813618333 -0.091429 0.053014 0.32367012 1.0
617.1397873267309 85.06020959277774 0.129688 0.163194 0.2030952 1.0
920.349084355287 127.33518192375723 0.454901 0.07737 0.35194454 1.0
917.3461673690008 124.78596968803129 -0.209822 0.183211 0.35016626 1.0
893.3888238693551 115.87505937898318 -0.033444 -0.200615 0.33573502 1.0
543.3241833872003 79.50846003840932 0.185058 0.048136 0.17100623 1.0
586.086018993664 84.50689785339391 0.024537 0.314126 0.18760842 1.0
676.3083813279891 95.62271653226698 0.763573 0.147231 0.22593045 1.0
673.4511519474265 95.22874458491343 -0.053772 0.049325 0.22463985 1.0
930.753155798635 127.49692168921412 -0.42102 0.0366 0.35353535 1.0
821.5281620301388 125.19314820853329 -0.123987 -0.238919 0.28735045 1.0
914.4365560812466 141.8958004523021 0.134845 0.250195 0.33004558 1.0
836.2353812744394 126.84007526442225 0.052219 0.373109 0.34981498 1.0
834.4703217926061 126.34001166979094 -0.434175 0.400498 0.34878618 1.0
733.1891212880611 113.44207211163206 0.193978 -0.102881 0.2843374 1.0
765.148135571416 116.76039332007568 -0.192163 -0.233142 0.3009004 1.0
782.3856625595402 116.36636018327435 0.052337 0.281123 0.3109399 1.0
863.9348783196531 127.22774513043653 -0.099843 -0.223878 0.35857034 1.0
758.7524133519227 108.09943333203401 0.032104 0.113779 0.29428858 1.0
828.9195836512135 117.84375117166708 -0.127083 0.219042 0.33285636 1.0
733.7827255959571 116.8091734207184 -0.233173 -0.045005 0.28212962 1.0
652.3059010348552 97.53620414832288 -0.428806 0.069318 0.23640552 1.0
780.814110744625 111.5139912237038 0.249388 -0.21097 0.30164003 1.0
621.4980598736286 86.34872421245406 -0.01442 0.021449 0.21943083 1.0
832.8627277431175 132.2938084229922 -0.010717 -0.084786 0.339777 1.0
856.6107843941058 130.8880416174729 -0.045501 -0.199543 0.3520106 1.0
758.713390790194 108.37946963132491 -0.147302 0.094884 0.29267937 1.0
780.0506038324592 110.34883461628516 0.172285 0.330876 0.30257002 1.0
662.096818555482 93.75146639549119 0.449691 0.143495 0.24079886 1.0
874.1752019831324 122.40993374311506 0.239731 0.024974 0.35934123 1.0
908.7934296401164 140.1500354258459 -0.427962 -0.099178 0.325549 1.0
852.249408378585 139.273467277003 -0.225132 -0.143916 0.34900168 1.0
596.8431906377083 84.24012691848395 0.291951 -0.706315 0.20530948 1.0
553.5507856422942 77.0916703301607 -0.025105 -0.171837 0.18655773 1.0
577.3009692029267 80.183614265562 -0.08107 0.292079 0.19671881 1.0
573.5071067458542 78.82198305171165 0.216211 -0.077392 0.19451156 1.0
636.1116977588903 87.83300066916503 -0.022876 -0.041624 0.2222952 1.0
547.8335949716858 74.36872459037552 0.015433 -0.268802 0.1827881 1.0
532.8044908290515 68.48011109371113 -0.341038 0.05043 0.17520359 1.0
858.9605865994127 106.29176122892149 0.135526 -0.047121 0.33176893 1.0
751.4370407809573 123.68071839232779 0.345354 -0.009716 0.28142503 1.0
805.4257804780061 114.33791446470863 -0.094995 -0.13337 0.30104637 1.0
576.368595674354 80.7767389159296 -0.412609 0.062414 0.19263908 1.0
778.4320115109174 107.8753750265449 0.002354 0.200126 0.28677517 1.0
848.1150880472314 113.45449047735985 -0.000321 -0.149565 0.32321736 1.0
560.903485169977 73.03000957697195 0.295882 0.600511 0.18495826 1.0
835.6931350239934 108.69276238424455 0.396037 -0.164368 0.31632945 1.0
901.2248868888701 117.5516767894016 -0.408796 0.225797 0.35350224 1.0
721.1068384793809 92.11214103326836 -0.043323 0.025555 0.25568414 1.0
905.2097412683626 117.26235273764641 -0.008074 -0.144088 0.35354197 1.0
869.5693843428634 111.26004997497266 -0.56538 0.184436 0.3342613 1.0
721.3513524891558 90.73264105070413 0.100882 0.166024 0.25456935 1.0
723.7131408919049 89.23221074011182 0.238841 -0.16641 0.25452873 1.0
532.2802259639162 71.72275160059222 0.062499 -0.038707 0.17137294 1.0
778.1086964910395 124.54490593531939 -0.019866 0.00774 0.30268267 1.0
813.0134326933371 127.9958726170787 -0.088746 0.014121 0.32137924 1.0
629.1619367454002 86.95421068190912 0.121429 0.016189 0.22057225 1.0
554.6981840361736 66.99460172837969 -0.448688 -0.40314 0.18415692 1.0
595.5632348120189 88.32305355937997 0.048905 -0.022423 0.20343037 1.0
748.5126070410907 110.97165725225763 0.295795 0.246809 0.27734396 1.0
597.383527625553 86.0858683569515 0.108774 0.068352 0.20367841 1.0
547.40485429227 77.82445899417152 -0.000251 0.101901 0.18238582 1.0
532.9430533690651 70.25920352425105 0.086952 -0.015693 0.17496839 1.0
806.7791108739945 117.00366550060728 -0.050874 0.043241 0.30013525 1.0
806.7560860008637 104.68074551368291 -0.045344 0.090359 0.29582584 1.0
584.0576984602197 85.17777191406881 0.384053 -0.242217 0.18844593 1.0
920.2483369136961 127.43868246369989 -0.098813 0.091738 0.35155296 1.0
936.043580479582 129.93631764188981 -0.15427 0.139817 0.35909596 1.0
928.140431720149 128.75447728207257 0.096438 -0.129881 0.3557127 1.0
924.4432051117911 126.26113116953601 0.234345 -0.035858 0.3532517 1.0
621.1271269250817 84.37481270706257 0.017813 0.049859 0.20241483 1.0
924.0020874830938 124.12800657126799 -0.134534 -0.133438 0.351814 1.0
924.0886334132321 124.75279738102681 0.197655 -0.323472 0.35287747 1.0
588.5323005400645 79.4108099289063 -0.06671 -0.48496 0.18891972 1.0
579.4563344582091 77.6001752326192 -0.114063 -0.322609 0.18610363 1.0
556.0026485587025 73.47986668620814 0.493748 0.650832 0.1764025 1.0
557.0278834760802 73.57098797458997 0.05453 -0.314668 0.17664966 1.0
794.2911649506664 114.690592932519 0.020579 -0.097956 0.27894235 1.0
553.9931833766074 80.68027075569977 -0.136192 0.176765 0.17171335 1.0
862.5152756019918 132.25719819394106 0.162453 0.065713 0.30601457 1.0
585.5163188778848 83.54897592323829 0.14684 0.176025 0.19067782 1.0
586.9081553014456 83.67013462366913 0.022446 -0.230449 0.19086793 1.0
690.2374106064016 97.03411558279552 -0.008306 -0.232932 0.23506038 1.0
830.036430722366 112.27349116472114 -0.393351 0.392903 0.30254984 1.0
577.6338938720062 76.89835007233584 -0.186436 -0.499189 0.18574753 1.0
893.2584528984519 115.88608624434622 -0.19841 0.013453 0.33630022 1.0
671.7388257519546 95.22850769826853 0.137858 -0.052991 0.2239633 1.0
675.5133075599203 95.63702901537036 -0.054552 -0.023504 0.22549413 1.0
563.0305391177579 78.48329502823697 0.125961 0.193099 0.17785104 1.0
556.3750199695554 84.33894623748418 0.139927 0.186247 0.19930078 1.0
641.8433104668977 89.77514465859988 0.33273 -0.051081 0.23715244 1.0
641.7630058152106 88.55463029565759 0.246888 0.00395 0.23752855 1.0
761.3181163071065 116.67479013672279 -0.173597 -0.616759 0.3009868 1.0
735.3914147705675 117.70339685657794 0.036146 0.068112 0.28207678 1.0
648.7947946433769 96.29236919035307 -0.027313 0.454737 0.23429738 1.0
580.5538580763621 84.70080077178638 -0.044557 0.156517 0.20166008 1.0
626.1679048615971 86.5912694166647 -0.103872 0.055638 0.22076105 1.0
795.7112204435163 109.5067241681451 0.106908 -0.303545 0.30751154 1.0
868.8935730127554 103.04078957349883 0.103172 -0.020007 0.341912 1.0
554.3718117280962 85.06506472681873 0.163735 -0.043907 0.19749941 1.0
773.2752010729971 107.23738568405126 0.182376 -0.224292 0.30224714 1.0
776.2529697743512 113.4728589442563 0.090728 -0.012102 0.30190077 1.0
774.5097856545718 109.7748458263291 0.242533 -0.203215 0.30072865 1.0
834.5489520504019 115.40448105268784 -0.002587 -0.028868 0.33293322 1.0
936.3275094859006 139.50971779091606 0.338625 0.073103 0.34477556 1.0
725.7635555340236 115.40738516797549 -0.116091 -0.340188 0.2403468 1.0
811.706145025608 130.80659503114342 0.655111 0.61092 0.2757586 1.0
827.7486971350113 133.23851106870333 0.19717 0.310198 0.2861633 1.0
797.1513857076666 146.33483721801127 -0.287359 -0.100768 0.3377558 1.0
767.602546816193 140.3252102614837 -0.842377 -0.226509 0.32082766 1.0
762.8300884167941 137.65138963216754 -0.386721 -0.388817 0.31676915 1.0
831.982611219802 150.92978345568125 -0.207204 0.299637 0.3520363 1.0
877.956866635641 145.02699507430273 -0.123711 -0.279231 0.3582623 1.0
838.0852463313206 151.06379444539542 -0.040104 -0.073669 0.34519073 1.0
567.7076163407363 99.32077447248659 -0.827954 -0.149874 0.20085205 1.0
838.1524321913001 145.067259775733 -0.041147 -0.119133 0.341638 1.0
851.0867053986342 142.4639639630084 -0.115565 0.02492 0.34071964 1.0
657.2703256129873 119.7592778798253 0.276739 -0.128648 0.24810609 1.0
620.3898869877438 108.46433116826877 0.172521 0.437641 0.22806185 1.0
826.9460946740189 144.48932543615075 0.213662 -0.077493 0.34533328 1.0
669.0565667092728 105.6991924285377 -0.108411 -0.169796 0.23782621 1.0
877.437369340226 139.5338215811444 0.353853 -0.341515 0.3495455 1.0
787.6541464087832 128.44614970531597 0.056193 0.362523 0.29722774 1.0
813.2763971158824 128.99394574855256 -0.349544 0.603344 0.3032533 1.0
792.4036016948678 124.93415257949636 0.97182 0.122734 0.29294991 1.0
710.3178828370415 106.12546254599174 -0.357287 0.091636 0.24480146 1.0
694.4982687920603 104.21703109784093 -0.124658 0.013114 0.23902355 1.0
746.2506314914625 134.91794623164893 -0.442052 -0.1567 0.29392087 1.0
515.732964144121 87.50400853205693 -0.360092 0.351507 0.17770599 1.0
647.5961076268266 117.36849804748103 0.392694 -0.261514 0.23963882 1.0
858.8551356315832 154.51303729027273 0.201126 -0.420152 0.35798284 1.0
780.3615943320685 141.14366274120343 -0.175986 0.16639 0.31514034 1.0
502.7530360170664 90.18078947684937 0.096739 0.682803 0.1758774 1.0
511.646646357859 87.74796614861067 -0.007837 -0.031151 0.17789592 1.0
662.9866986181657 110.6065732122089 -0.224324 -0.221134 0.2477384 1.0
823.5383387583688 153.75044807277473 -0.006571 0.252942 0.35775763 1.0
541.8398082319187 100.03868430038497 -0.00938 -0.571503 0.20039533 1.0
798.8481368215475 145.05740034931773 0.16493 0.606882 0.33949324 1.0
518.9179520669419 88.06387064457296 0.09491 0.085664 0.17909515 1.0
602.1478130850135 108.99685768566421 -0.087671 0.27131 0.21686858 1.0
655.6091721423321 112.13577902834447 -0.081132 0.217997 0.24149328 1.0
729.7192270294087 124.60843932477057 0.176543 0.007535 0.27870542 1.0
768.0238508504656 139.9696786800284 -0.031697 -0.003052 0.32277903 1.0
580.4096952610213 106.32685903033637 -0.755461 0.006325 0.2159173 1.0
652.168667535976 118.16205010235309 -0.189353 -0.169552 0.25062937 1.0
598.1485783253523 108.13294263789781 0.355937 0.281897 0.2230526 1.0
657.0538661648405 120.17362858777486 -0.367378 0.283554 0.24987787 1.0
582.5885952196279 106.59640373406624 -0.114713 0.019579 0.21258512 1.0
508.0360838077711 90.36307492896945 -0.223862 0.205157 0.17721069 1.0
542.9916728230105 100.14073978325614 0.32362 -0.274494 0.20089084 1.0
797.5515472902543 147.43309100740137 0.220126 -0.120464 0.33801463 1.0
800.1448037760936 147.477695709603 0.076371 -0.244192 0.3394053 1.0
544.9437714245818 98.92250005978029 -0.001399 -0.028875 0.19983026 1.0
758.2350377159154 136.81329324402896 -0.3047 -0.045822 0.3140584 1.0
769.374287636917 144.47029842321712 0.471302 0.755429 0.32962307 1.0
682.146952031394 128.50084310016814 0.200194 -0.242425 0.27490813 1.0
685.3570133078015 129.93835727679388 0.386703 -0.071383 0.27445403 1.0
849.5031470242183 133.11593174397404 -0.33309 -0.764899 0.29485717 1.0
918.1723655658564 145.38830007817333 0.524067 0.303676 0.33035177 1.0
788.4743998610154 117.90154445449927 0.01107 -0.13074 0.2805259 1.0
932.0871540416787 137.80507591022553 0.313537 -0.454347 0.35723418 1.0
892.5497779592566 139.13662210697203 -0.334102 -0.095732 0.31793624 1.0
960.1602919150754 152.16649984061132 -0.207771 -0.311247 0.34834594 1.0
918.4502147656154 146.81687565970003 -0.217848 0.076602 0.32598832 1.0
880.8355111137472 141.680908908372 -0.035672 -0.466183 0.35166714 1.0
667.858158860697 104.45058407946668 -0.142085 0.025824 0.23736653 1.0
669.104063084887 105.51884869824502 -0.38127 -0.823663 0.23799236 1.0
802.5525343046919 122.27193659395572 0.489167 0.206857 0.303109 1.0
870.9646862474135 147.78127558938527 0.423797 -0.220522 0.343443 1.0
678.0761822955351 111.24651500204973 -0.421676 0.165221 0.23993036 1.0
769.9459726530764 125.38082944480574 -0.143427 0.535648 0.28373674 1.0
775.4653934240014 121.77178468693579 -0.383101 0.328961 0.28422952 1.0
637.931266762385 100.08797213728609 -0.490817 -0.147509 0.21975817 1.0
680.6397306100247 104.78573884796296 -0.001549 0.45578 0.23778802 1.0
737.2390068823497 121.30307337042808 0.359828 0.297339 0.28101885 1.0
789.7777524603545 132.84279845141748 -0.362072 -0.07221 0.2979451 1.0
603.7956209956948 97.64235102818628 0.418041 0.510757 0.20603783 1.0
799.469167760693 127.7543071981638 -0.090939 0.383496 0.2971842 1.0
583.2728770700808 90.70202944384314 0.67494 0.375276 0.19395402 1.0
897.5679550097738 142.906407081104 0.096569 0.387251 0.3511845 1.0
887.5307447543539 138.95545335651502 -0.249548 0.15842 0.34219736 1.0
782.9390979752394 122.4361287711363 -0.018182 0.04383 0.28478092 1.0
907.0219250964574 142.6716876075836 -0.259224 -0.086498 0.35388002 1.0
908.6810042539423 140.86644122090686 0.119819 0.344342 0.35395196 1.0
678.2605077831118 109.48127581335596 -0.41163 -0.028864 0.23416552 1.0
693.1860421874424 103.2090208179694 0.234844 0.144586 0.24180436 1.0
880.3275717224165 137.6152541374732 -0.059507 0.656571 0.34992623 1.0
598.8591069106822 90.89791668375999 -0.195975 0.039081 0.20421116 1.0
545.5308860835322 92.52128952795208 0.418906 0.021185 0.18152541 1.0
641.0228127734495 103.33444163357619 0.032798 0.046282 0.22124423 1.0
652.103192844198 102.36823086733094 0.148334 -0.000591 0.2261517 1.0
685.252785872556 105.59298473413645 0.080986 -0.021247 0.2391332 1.0
526.271767923946 88.77600669761755 -0.216747 0.43956 0.18065138 1.0
533.1771104265174 89.18989864157841 0.223205 -0.061856 0.18021716 1.0
851.4745015989477 130.5403942514841 0.177271 -0.312371 0.33334008 1.0
785.6138012657725 133.25272894339074 -0.255754 0.117938 0.29775965 1.0
875.9069299935811 148.14025858166576 0.096669 0.11667 0.34823427 1.0
631.9541967286137 103.85877845959277 0.035024 -0.025112 0.21896544 1.0
671.1325004421451 107.45267756502622 -0.309288 -0.198262 0.23768061 1.0
534.0151741497189 79.70271948185932 -0.02888 0.105247 0.17545564 1.0
538.5088199657506 86.86523146138923 -0.035345 -0.026754 0.17634442 1.0
590.7012938421717 91.46006036944571 -0.046177 -0.054154 0.19709243 1.0
688.5095187240443 107.33155831139547 -0.134203 -0.077484 0.23919238 1.0
895.3731328998725 133.74649528276913 0.279757 -0.299622 0.34575042 1.0
585.5874033226908 87.16893029180787 0.411873 -0.041061 0.19262981 1.0
816.9892210090479 122.84454546821607 -0.054612 0.398048 0.29206875 1.0
589.8609946822063 92.98752760315092 -0.182613 0.116091 0.18711945 1.0
944.7078147707517 147.30338988946488 -0.222551 -0.24023 0.35499465 1.0
637.4047940389336 97.92636774558713 0.24927 -0.108852 0.20594966 1.0
636.9847936951774 97.85817008849499 -0.07451 0.016389 0.20539777 1.0
856.3683587805484 130.84327811566538 0.015819 0.081549 0.3080679 1.0
620.2636451860207 97.28070036128052 -0.211437 -0.301899 0.19303578 1.0
953.5801931608896 152.83714300544486 -0.087139 -0.10265 0.34364778 1.0
628.9701117672985 94.36958787046046 0.236218 0.284665 0.20720477 1.0
568.7789476348631 85.5390804274739 0.072482 0.118245 0.18133202 1.0
956.6241622085489 152.235849115153 0.25464 0.29528 0.34594646 1.0
834.885306758229 154.39167305899423 0.108831 0.260083 0.34150338 1.0
636.768330254098 114.6932556020448 -0.628129 -0.73649 0.23114918 1.0
771.4980518622517 133.66575869386975 0.094103 0.118752 0.2990108 1.0
862.8231643003226 169.97357173660853 -0.325588 -0.065759 0.35764363 1.0
574.2585217427098 108.8012254855845 -0.71354 -0.133199 0.20177206 1.0
619.1694599083057 115.73178655585725 0.128914 0.111324 0.22047904 1.0
791.4791892000483 137.76430346366905 0.475297 0.005935 0.30630636 1.0
531.2230340100948 91.95324643497558 0.244238 -0.222529 0.1795888 1.0
778.8481104135878 135.31067145454904 -0.111724 -0.086569 0.29906967 1.0
781.8763587722339 135.13672011037698 0.041905 -0.063931 0.297965 1.0
821.3908239716762 163.78615831988807 0.231706 -0.241509 0.32477573 1.0
817.815640634656 162.1100390140124 -0.341666 -0.270394 0.3218563 1.0
797.4704109866792 153.796981579738 0.064081 0.128828 0.30842888 1.0
736.830868429168 141.2209834644557 0.152355 0.279252 0.27555785 1.0
795.9329972790163 152.1290825515402 0.145007 -0.011731 0.3084856 1.0
628.2856013794182 118.71890774884702 0.024429 0.413289 0.2209572 1.0
664.0466422635383 122.85263061778207 0.105004 -0.048942 0.2374671 1.0
575.744511233212 101.55394575060782 0.954799 -0.111762 0.1965012 1.0
788.96544414778 153.2525340405031 -0.132878 0.22249 0.32008106 1.0
707.2027897185865 132.5039628118473 0.099614 -0.221018 0.27232495 1.0
658.5490353969221 128.74127999286702 -0.149359 0.0524 0.24483532 1.0
717.5724512103914 136.77689776425552 0.156606 0.196965 0.27299696 1.0
612.5275773812041 113.69911659717886 -0.070535 -0.323917 0.21969827 1.0
736.5446572516456 128.89766828993578 0.283365 0.054099 0.27875656 1.0
642.7992604649063 120.5330502574605 0.292176 -0.07912 0.23068959 1.0
624.5977126021812 116.04175833979006 -0.155752 -0.447218 0.22084257 1.0
829.0200280928633 144.80347172872135 -0.222535 0.025396 0.32510075 1.0
644.9725510721923 122.98327412773081 -0.552483 -0.114479 0.22884214 1.0
629.6496160781289 119.00199436309062 -0.128578 -0.121195 0.22095637 1.0
543.0632084706738 96.02428665502468 -0.527017 0.512098 0.18118067 1.0
734.9395595301758 146.0510321902045 -0.118527 -0.358414 0.2732662 1.0
816.1707809938952 156.7801809854904 0.314306 -0.212386 0.31302094 1.0
716.3426684825836 135.80979055675326 -0.053998 0.129218 0.26177797 1.0
817.9860413582842 150.95224823319143 -0.202209 0.355847 0.3126955 1.0
787.754661240805 144.54990971111934 -0.155097 -0.625444 0.2970032 1.0
578.8017297335049 103.09104431059907 0.005865 0.008781 0.19493885 1.0
675.1248667557855 120.22079615792147 0.11183 -0.077829 0.23899718 1.0
679.5040125626088 117.90402247031109 0.077899 -0.015361 0.23933768 1.0
691.7810585926055 106.77821386678093 0.021429 0.043428 0.23966977 1.0
729.9965954691035 144.80030706235124 -0.06286 0.110018 0.26537862 1.0
664.8615593836117 128.08436767027945 -0.091784 -0.347567 0.231431 1.0
825.4938451824052 156.98496031362615 0.043405 -0.126744 0.31242082 1.0
809.583001824724 138.38082198154004 0.427057 -0.732701 0.2982095 1.0
671.2855799645466 112.06336348846224 -0.227774 0.098834 0.22939995 1.0
836.9362243714736 132.82950063571957 -0.106133 0.062031 0.3096034 1.0
697.8160810157115 109.74640584247547 -0.104884 0.301314 0.24038 1.0
684.1921135079552 105.75848081423784 -0.200172 0.321106 0.23243073 1.0
610.237686580144 118.25159182603568 0.274087 0.044843 0.20406608 1.0
766.3066651352336 147.98441874757657 -0.027527 -0.051978 0.27714247 1.0
819.6228414032774 141.78460614431512 0.176615 0.283708 0.29831016 1.0
834.6688166278709 138.94604115561296 0.219722 0.102048 0.30492297 1.0
581.3054447698015 91.88840661595704 -0.334236 0.480589 0.18657836 1.0
891.1434160623045 163.37513345552094 -0.434783 -0.00719 0.33554938 1.0
922.985032276213 168.58646692743548 0.242744 -0.268228 0.35047942 1.0
789.2902895019729 141.52431160748336 -0.228455 -0.027966 0.27883023 1.0
764.1479399975331 131.42949342360336 0.817416 0.390415 0.26544005 1.0
842.6236876223113 139.44062188037685 -0.208533 0.020949 0.30268428 1.0
910.0618199081711 145.8878238687457 -0.285881 0.010151 0.33722875 1.0
912.1018210101965 145.4326748319409 0.069026 -0.192264 0.33879295 1.0
851.6870578804471 150.8150116080131 -0.005696 0.027772 0.30621958 1.0
878.8568478916355 152.32293213480733 0.476762 -0.133656 0.31842092 1.0
674.5944599681296 109.7819914864073 0.055544 0.000605 0.2192156 1.0
857.8082782261213 142.176811633073 -0.172841 0.070677 0.30022126 1.0
820.448467556729 135.3816030998174 0.054593 0.13763 0.28193346 1.0
640.4191724783792 103.91337133991587 0.306392 -0.449906 0.20191889 1.0
818.5278056256931 133.5852247818529 0.371916 0.068156 0.27879995 1.0
832.8611035738985 163.8682183057037 0.10202 0.459177 0.32230574 1.0
602.0768825424672 114.37722631652896 -0.02777 0.257382 0.20457979 1.0
670.5592211711098 126.13099272027253 -0.175898 -0.090349 0.23519279 1.0
559.5528821787599 101.7118366089906 -0.503348 0.073573 0.18549913 1.0
769.301633601586 128.6527789928573 -0.103204 -0.056022 0.27920705 1.0
885.3941625687148 144.58030356690054 -0.049648 -0.28236 0.3411696 1.0
684.9247493992141 103.36962431739602 -0.650011 -0.525871 0.23506202 1.0
711.8106184540025 140.54521717965574 0.124416 -0.423367 0.25372967 1.0
656.4341535563541 129.53501583425702 0.117707 0.04937 0.22753958 1.0
848.9025511300256 167.72691163848688 -0.1319 0.20284 0.3240596 1.0
813.3420102539076 158.22943132303772 -0.017399 0.106268 0.3035273 1.0
742.4182445160648 143.90281007878608 -0.414196 -0.799357 0.26672074 1.0
857.7695044702652 156.99732318593158 0.088375 0.032151 0.32560778 1.0
772.1952256102376 140.10481331949237 -0.018309 -0.053197 0.2790846 1.0
693.0165464717779 121.8809390871387 -0.089327 -0.10818 0.23888005 1.0
579.1880296665746 93.28952454097407 -0.140561 -0.337143 0.18712816 1.0
858.3046225253368 132.3124894704426 0.113129 -0.022243 0.31720662 1.0
925.1930876733733 142.21133800203515 -0.064626 0.031855 0.3542576 1.0
778.0210900438996 143.09540178085427 -0.437139 0.191777 0.2782475 1.0
702.0647686639244 125.5044706683177 -0.30759 -0.584786 0.23979829 1.0
866.7906265324542 155.4779088762313 0.628395 -0.268633 0.32292143 1.0
677.0970816958949 119.20844272007618 0.062761 -0.002872 0.2285527 1.0
834.3191350488904 142.7057721469977 -0.015788 0.014299 0.30337644 1.0
721.5983016065233 114.5084404671843 -0.068805 -0.266052 0.24535312 1.0
903.6527044859405 143.80109180497948 0.188604 0.028867 0.33751723 1.0
683.4727997794033 123.52265538062494 -0.712112 0.40751 0.22797808 1.0
795.9855186891265 140.5407267102429 0.017623 0.076647 0.280033 1.0
883.2583360016707 151.75391612012658 -0.243746 -0.092053 0.32394865 1.0
734.9886085891667 121.70797778658748 -0.01044 -0.100566 0.24748373 1.0
823.5477951446484 137.77827569261154 -0.401837 0.175407 0.28649434 1.0
958.4818633877537 161.133002004791 -0.418843 -0.101232 0.35765797 1.0
605.7491779649503 100.86948058158958 0.499117 0.408118 0.18967904 1.0
851.2680034693715 137.20689429119838 -0.024326 0.158526 0.2980623 1.0
653.1640313705707 105.28130636415145 -0.568963 -0.485803 0.2087404 1.0
810.1626796450562 153.48458910998536 -0.112956 0.709766 0.34553513 1.0
553.3460669577564 105.084494167459 -0.676145 0.510882 0.20593469 1.0
720.6574698516412 138.21109612847872 -0.276387 0.253266 0.2838051 1.0
705.9200513756067 132.266377666618 0.137551 0.367879 0.27336177 1.0
616.1573777740946 115.17586163852215 0.145143 0.273564 0.21911484 1.0
776.4145974119003 135.45402380883195 -0.13677 0.137461 0.29760465 1.0
821.8831675163957 163.68446554434155 -0.166182 0.019733 0.3248496 1.0
626.7900475990349 118.48099716858837 0.058399 0.230454 0.22103767 1.0
577.8723386456361 100.93190119728531 0.056084 -0.267866 0.1961985 1.0
544.4601108384848 94.47916289884135 -0.136171 0.250077 0.18254979 1.0
672.6509048679574 116.2361815737425 -0.100702 0.04701 0.23952161 1.0
589.2524212265865 114.93420489007632 0.23071 0.121242 0.21141216 1.0
870.2262552956004 158.20606234218664 -0.353393 0.297076 0.35927284 1.0
532.279444514955 91.00340060747175 -0.064544 0.10422 0.18057925 1.0
529.3144014491882 93.42729875784602 0.513679 -0.16813 0.17811795 1.0
784.7384949283495 138.48133293468527 0.42053 -0.015897 0.29835263 1.0
542.0336036046061 95.76643783936996 -0.495459 0.668976 0.18071073 1.0
514.404017877148 88.66476734564586 -0.173567 -0.212209 0.16739891 1.0
660.7347285030718 131.32128398906033 0.583853 -0.051056 0.23266578 1.0
591.6274909291301 117.43896394146344 0.12551 -0.208517 0.20009032 1.0
761.3694279545127 142.88356784859548 0.23035 0.02568 0.2774791 1.0
602.4620301449112 109.39258584582679 0.010386 -0.147353 0.20255603 1.0
555.1616428411471 95.96283705891172 0.001774 -0.387583 0.18178006 1.0
749.0287488296308 127.78172490474411 -0.004612 -0.796025 0.26661944 1.0
674.9397801293308 116.19932093498122 0.530801 -0.186349 0.22944163 1.0
583.761037322921 92.25298118663373 -0.022796 0.097895 0.18753399 1.0
714.0668570868979 112.49783098430909 -0.142602 0.189657 0.24363688 1.0
602.264447778905 94.44505183174972 0.068613 0.196593 0.19466424 1.0
931.9976684333849 146.0587055338839 0.349641 0.481019 0.3544504 1.0
680.2089466677082 122.33429259743184 0.121254 -0.112441 0.22785647 1.0
637.7547886998976 109.72150442367682 -0.375238 0.322635 0.20807475 1.0
808.3629450114373 134.48026012333105 -0.035701 0.012565 0.28448313 1.0
639.8725459394195 104.50731082404967 0.021922 -0.009586 0.20903035 1.0
911.4715051600997 144.87759218419848 0.071503 -0.088129 0.33869982 1.0
655.500715972307 106.48623151625279 0.131782 0.078546 0.20852855 1.0
858.2225441857829 140.1461496250418 0.137999 0.192901 0.2983845 1.0
654.3500138291158 126.45950214144526 -0.358981 0.168336 0.22983555 1.0
670.8506109783262 126.61187896216005 -0.034619 0.027811 0.23627433 1.0
556.7825051396128 102.6766991101723 -0.244192 -0.110448 0.1851856 1.0
561.1198945485985 104.0279917668356 0.006559 -0.027302 0.18717515 1.0
560.559363376121 103.62110340459868 -0.056165 -0.486665 0.18685244 1.0
564.4641230739378 102.44427230488012 0.339048 0.062512 0.18732823 1.0
558.5468272661336 96.35638579707863 -0.293937 0.030435 0.18320091 1.0
662.9590440174508 105.27136237057127 0.22415 -0.248844 0.22583486 1.0
672.1045563628204 107.09854331660924 0.21806 -0.119399 0.22992702 1.0
670.7444972008963 105.24129225590491 0.074168 -0.109307 0.2295255 1.0
887.8085294394721 138.39117155553 -0.380643 -0.158159 0.34122092 1.0
664.8352215953904 100.72753818554584 -0.28859 -0.006707 0.22552338 1.0
559.6129244280121 101.64664061995174 -0.496314 0.324867 0.18309177 1.0
595.2891608227774 104.96947510592729 0.153637 0.114264 0.19660072 1.0
557.0220387180543 97.27123931426962 -0.108525 0.116418 0.18136598 1.0
671.0190853815782 113.77923722585491 0.282864 0.050761 0.22879516 1.0
682.535806028566 113.94909472051188 0.017852 -0.136485 0.2334112 1.0
886.9863421653017 145.09652611918767 0.345243 0.098533 0.33390427 1.0
578.8999491693895 93.26761101656935 0.123731 0.157594 0.18702908 1.0
547.3628218509239 87.60956682572198 0.282465 0.031205 0.17544599 1.0
707.9375043420968 111.58083350906169 0.070239 -0.017342 0.24258356 1.0
566.0507939110554 102.54038446784061 0.605899 0.072397 0.18238215 1.0
744.710657885455 130.9347606040458 -0.061046 0.130722 0.25994965 1.0
885.3046917630786 149.26703033845925 -0.131268 0.012105 0.32898334 1.0
904.0758879331349 144.0269506945856 -0.104232 0.044148 0.33773836 1.0
793.8774876035295 141.94969645764 -0.102936 0.241446 0.27958676 1.0
708.8604396351778 114.53164412992471 0.082948 0.219024 0.2353827 1.0
950.5502712572402 162.4504383412602 -0.217339 -0.020711 0.35301307 1.0
603.0283589460446 103.2483420385676 0.406113 -0.719251 0.18901405 1.0
