X Y e1 e2 Z WEIGHT_SEEING
484.0624053478185 -346.60015991568196 0.107626 0.033516 0.33261034 1.0
483.1015827905101 -348.2821452157799 -0.055152 -0.128687 0.33253074 1.0
420.85684143211995 -354.14606504659616 -0.066902 -0.154255 0.32531643 1.0
422.72018572392034 -355.2962563264156 -0.631552 0.102153 0.32564923 1.0
426.2335664787338 -355.1582271817669 0.007951 0.135135 0.32696494 1.0
448.07042781142405 -374.36944697698635 -0.212318 0.756981 0.35137522 1.0
326.81435128222046 -266.0903520052638 0.057325 0.209748 0.21890321 1.0
437.14438340570223 -348.7772400164399 0.52053 -0.427442 0.31605166 1.0
423.39365625865076 -332.7717585035244 0.11474 0.225835 0.2964465 1.0
457.82324534509644 -351.1475472897168 0.367735 -0.192098 0.32136253 1.0
437.27033693993 -331.05349552537524 -0.150366 -0.044667 0.29501483 1.0
481.5373269408326 -364.77951797425226 0.113098 0.106493 0.33948597 1.0
477.6690776350652 -360.4770057226539 0.016216 -0.192549 0.3350896 1.0
377.7144986047609 -284.0735387100934 0.112333 0.653482 0.23804222 1.0
436.3989854085352 -323.36601928098156 0.339643 0.792305 0.2846234 1.0
471.1862886131813 -346.2656591551604 0.345067 -0.051232 0.31363636 1.0
474.49126606652834 -345.4727619692362 -999.0 -999.0 0.3119514 1.0
475.70336137399164 -344.1501842017688 -0.085499 -0.0784 0.3112566 1.0
474.0857639219819 -341.3096958467148 -0.151388 0.134303 0.30898002 1.0
514.6829356670177 -368.5869567121761 -999.0 -999.0 0.34399253 1.0
510.7472792287052 -364.95375238683846 -999.0 -999.0 0.33875096 1.0
516.9139588616825 -370.2478275539736 -999.0 -999.0 0.34596398 1.0
513.9693001716392 -367.87938952578264 -999.0 -999.0 0.34266898 1.0
514.2932932931535 -367.0904398160283 -999.0 -999.0 0.34181842 1.0
518.4934030607328 -369.4720850380656 -999.0 -999.0 0.34490508 1.0
404.3467600554533 -285.5507319123517 -0.125025 0.077362 0.24002646 1.0
519.3320524772037 -367.22241565308065 -0.039823 0.064869 0.34292364 1.0
509.8402510141883 -357.4571224311107 -999.0 -999.0 0.32974654 1.0
420.46566273583784 -295.7216729232781 -999.0 -999.0 0.25073496 1.0
385.83939031771206 -270.55226958094414 -999.0 -999.0 0.2235375 1.0
520.2523291829863 -363.74940109492894 -999.0 -999.0 0.33701345 1.0
434.4263607382987 -303.57251410020274 0.208722 -0.012316 0.2609604 1.0
521.66427940959 -364.942726925418 -999.0 -999.0 0.33832937 1.0
413.6850159756078 -288.3043347627503 -999.0 -999.0 0.24335007 1.0
497.37727442006576 -342.53576432699384 -999.0 -999.0 0.30959627 1.0
419.47645372658206 -339.9843468577305 -0.256103 -0.365066 0.3132149 1.0
315.245803036809 -254.11266621515006 -0.173765 -0.701148 0.21037602 1.0
456.9124519745203 -367.2443266973262 -0.075911 -0.116169 0.34927583 1.0
458.95600362328474 -367.7160948334038 0.530008 -0.225539 0.34997028 1.0
461.41490491341614 -367.7816492211555 -0.042532 -0.184452 0.35014623 1.0
450.77225507515607 -358.08699090625754 -0.429554 -0.144491 0.337969 1.0
398.8605034963163 -315.11383408474086 0.353355 0.22295 0.2803364 1.0
430.47607321724627 -340.8137751915391 -0.017172 -0.005936 0.31234792 1.0
438.5435571310074 -345.0659955678745 -0.101195 0.206604 0.31790596 1.0
398.50716013317316 -312.34147311495735 -0.261437 0.058067 0.275625 1.0
344.3891037942461 -269.01594107993793 0.320416 -0.752322 0.22595675 1.0
377.4649706391066 -293.282476131919 0.226599 0.311802 0.25297725 1.0
413.42524989637974 -318.11327954666876 0.011101 0.281027 0.28356808 1.0
324.96418152314317 -244.06934382625363 0.037333 -0.046706 0.19965388 1.0
467.15513118239073 -348.26936713394656 0.396418 0.219101 0.32319176 1.0
355.66128543901976 -262.5328186632163 0.471783 -0.79045 0.21862823 1.0
371.4720632318402 -269.63357228475644 -0.187288 -0.035881 0.22611983 1.0
506.8371421000832 -364.50687401441223 0.137002 -0.244425 0.34485096 1.0
475.77773932370974 -336.6124412872046 -0.061779 -3.2e-05 0.30827153 1.0
478.1706217906614 -337.13313058844415 -999.0 -999.0 0.30770892 1.0
490.1474703292732 -339.9836349838168 -0.4747 0.037746 0.3111606 1.0
520.9785424886666 -361.07392010655497 -0.264694 0.344319 0.34056014 1.0
465.41214962413636 -322.8539668559884 0.094552 -0.096726 0.2884213 1.0
420.1654450399901 -290.52923628771504 -0.159705 0.200352 0.25034806 1.0
538.0540390565112 -372.4111561336284 -0.849505 0.013421 0.35709918 1.0
490.848971612816 -338.28309281787926 -0.214995 0.434473 0.31012157 1.0
468.01716281284814 -320.8332520242556 -0.104525 -0.140833 0.2880358 1.0
389.4638138991345 -265.1049041212962 -0.516901 -0.091757 0.22278777 1.0
424.6239064330957 -288.7499232142229 0.12208 0.099214 0.24928336 1.0
531.0756000941226 -360.5396596805475 -999.0 -999.0 0.34217462 1.0
530.595234497693 -360.4546871165416 -999.0 -999.0 0.34195885 1.0
443.70025536312784 -364.0874532555966 0.150202 0.061755 0.35312635 1.0
418.88569661304405 -341.6033639814317 0.147738 -0.487332 0.32281134 1.0
391.61214502150665 -320.77476651828295 -0.385973 -0.047519 0.29245186 1.0
309.7518139134168 -248.63332666769597 -0.305582 0.25423 0.2071914 1.0
443.7875136326383 -355.72549524626424 0.00179 -0.005926 0.3407892 1.0
447.59834426057625 -359.16906214191494 0.05036 -0.018858 0.34521073 1.0
274.7721993657634 -219.70852198079996 -0.565385 -0.071458 0.17711447 1.0
452.9173096875474 -359.64680560940485 0.119646 0.371403 0.34616816 1.0
352.32442974577856 -267.52808007943673 -0.021953 0.042067 0.22945365 1.0
385.93549305694773 -286.8677095436616 0.631269 -0.248425 0.2510683 1.0
445.26401413075797 -322.4941586577453 0.189145 -0.184775 0.2969039 1.0
501.08440718942035 -360.8658128155226 0.224865 0.011819 0.34782758 1.0
485.08257879137335 -341.7270023605874 -0.081061 0.348742 0.32116818 1.0
426.5614715818454 -299.2610370764395 -0.057785 -0.266023 0.2655121 1.0
392.05140778130965 -274.9349161054214 -0.052867 -0.077101 0.2366759 1.0
386.222972308086 -269.64185190697225 0.629819 -0.593481 0.23165648 1.0
466.54514873953207 -323.0994650538785 -999.0 -999.0 0.2971029 1.0
428.0494207405238 -295.67685695523465 -999.0 -999.0 0.26246762 1.0
413.43828865833774 -286.11156576744054 -0.519244 0.407969 0.24986558 1.0
431.10219860585687 -296.46549622451874 0.138425 0.90039 0.26199672 1.0
522.2087222061366 -353.7051988534573 -999.0 -999.0 0.33931008 1.0
359.7715248065007 -243.89149416865686 -0.557591 -0.168942 0.20215671 1.0
517.6303295082363 -347.806004460687 -999.0 -999.0 0.3310864 1.0
402.2065779723938 -268.3373588668261 0.099837 -0.045441 0.23009819 1.0
534.4760867387747 -357.2086492425649 -0.029212 -0.040004 0.34197778 1.0
384.1759213041825 -310.11185451014956 0.004182 0.000542 0.285758 1.0
395.60880747679624 -320.5279716319701 -0.613582 0.253667 0.29751074 1.0
400.07665731799284 -321.4766073556634 -0.138852 0.08478 0.30048555 1.0
394.1174446334615 -315.2887914673196 0.228135 0.123121 0.29322052 1.0
401.3412921322859 -320.7538435074943 -0.170481 -0.145102 0.29957297 1.0
396.38617559612806 -316.4425898195359 0.136372 -0.217781 0.29402998 1.0
445.5921500311191 -352.87594956991217 -999.0 -999.0 0.34353757 1.0
422.57618598076436 -329.2509054951966 -0.038773 -0.187184 0.31052762 1.0
445.508674659489 -346.8672937047917 0.221968 0.018129 0.33421844 1.0
466.11257072672964 -362.4444966670797 0.350647 0.116847 0.35852563 1.0
427.1412909682667 -330.9974089268532 0.075126 0.197761 0.3118691 1.0
368.1590918882855 -270.8987553547422 -0.130806 -0.099908 0.23717605 1.0
408.74600691050597 -299.86538671928315 0.468553 0.492708 0.27097335 1.0
374.5427154130953 -271.075359034338 0.315567 -0.135022 0.2374936 1.0
485.09158711539123 -347.49864958339526 0.055556 0.183811 0.33701932 1.0
377.6566657763891 -270.73738728342585 0.375006 -0.070346 0.2362213 1.0
489.81120029083206 -346.4138773682983 -999.0 -999.0 0.33622068 1.0
421.4416180655069 -295.8149232856518 0.143907 -0.584235 0.26689914 1.0
518.2148680453296 -361.90582684227815 0.194014 0.88429 0.35975188 1.0
383.6858141368116 -268.14253293349145 0.160769 0.302765 0.23474346 1.0
514.9289536886796 -357.8349324708661 0.151784 -0.354385 0.3528537 1.0
511.1048765145021 -356.1360075443284 -0.509519 -0.651819 0.34920162 1.0
387.1041880952176 -268.10744007668995 -0.243598 0.428307 0.23398237 1.0
464.72185923121873 -320.95369603602944 0.641084 -0.188117 0.30105898 1.0
387.8313107053683 -266.1188083811014 0.062319 0.295592 0.23074731 1.0
363.693264703976 -247.58534288662474 0.101302 0.126631 0.20999359 1.0
396.08715792911147 -269.3142896664231 -0.382427 -0.123335 0.2342433 1.0
534.6987028622798 -363.54130495389995 -0.627491 -0.38911 0.35989493 1.0
490.9702239109324 -328.93091026123943 -0.707813 0.026217 0.31074062 1.0
384.9312102931152 -255.5305021269683 0.304217 0.256921 0.22037847 1.0
440.2780036190792 -292.54213480339826 -0.406017 0.126277 0.2640339 1.0
393.8039614000421 -263.0227131321975 -0.027241 -0.171866 0.22719613 1.0
422.5259996684635 -279.9380452311394 -0.03963 -0.001319 0.24710797 1.0
520.8157320936256 -337.0161211804987 0.139018 -0.053965 0.3209282 1.0
385.79804219760035 -304.65903456778193 -0.113357 -0.037261 0.2834382 1.0
440.637325069545 -347.068852847635 0.294043 -0.025573 0.34374404 1.0
423.8879514539257 -325.466212388241 0.014176 0.056519 0.3133941 1.0
403.2490580760829 -299.32939852345856 0.131087 0.293946 0.2758147 1.0
407.15510040335204 -297.09137502712935 -0.142101 -0.867489 0.2737024 1.0
392.72544496725675 -275.1033760122083 -0.043514 -0.106456 0.2457626 1.0
490.5897389862748 -339.78968591360507 0.627962 -0.125882 0.33241245 1.0
370.55314081095645 -254.45794671709166 0.077796 -0.082026 0.22348638 1.0
494.5041867583719 -340.46041384760406 0.04493 0.504463 0.33334395 1.0
375.53371649536797 -254.8961509610987 0.593997 0.11587 0.22270752 1.0
388.4953947495737 -263.1031855864073 0.051719 -0.041632 0.23283833 1.0
424.7716641090827 -287.8212037895417 -0.017814 0.583296 0.2614435 1.0
427.2859593009373 -287.2522785551107 -0.13656 -0.010152 0.2625247 1.0
430.28944377332306 -290.26178682151476 0.261783 -0.23729 0.26490545 1.0
517.8843133877307 -345.532218872479 0.027567 0.047069 0.3420087 1.0
383.94683160088783 -256.1083560018483 0.045911 0.027395 0.2241431 1.0
391.7140906193505 -260.3258452333909 -0.161503 0.051829 0.22838686 1.0
464.7630388194423 -306.8361487608121 -0.021304 -0.176716 0.28633913 1.0
504.1858002346363 -327.02400570294833 -0.06411 0.337229 0.3128421 1.0
534.8547213199796 -342.8670172283354 -0.695091 -0.624443 0.33730477 1.0
448.223853879511 -351.0932998627502 -0.489183 -0.556486 0.35702056 1.0
415.9801683500459 -318.30806981438974 0.275131 -0.012638 0.30857676 1.0
463.2341518236428 -352.8710423867079 0.059479 0.11469 0.35981682 1.0
408.14219469839406 -309.4942020425916 -0.18724 0.106391 0.29766244 1.0
449.0789392842241 -325.29051250182494 -0.037602 -0.337789 0.3177399 1.0
450.40879735098883 -325.3603098092046 -0.197554 0.003439 0.32019794 1.0
442.08027240213426 -315.1002232119581 0.228761 -0.00225 0.30576563 1.0
346.33231116717474 -242.31417946781463 -0.598899 0.182311 0.21260053 1.0
407.5609424797333 -281.3415022543878 0.172285 -0.392434 0.2586475 1.0
485.23048245819103 -332.03026728711046 0.3704 -0.100721 0.3304059 1.0
414.8989584328215 -281.52981226337744 0.239156 -0.647076 0.26056445 1.0
371.3469457024139 -251.4554409249253 0.110658 -0.531282 0.2231109 1.0
394.0544384602605 -262.23192332034097 -0.062775 -0.068932 0.23532337 1.0
429.47140513191346 -284.68108655113866 0.332706 0.018926 0.26330182 1.0
525.4706929063677 -338.0922709817313 -0.647433 0.155285 0.33800155 1.0
439.55891445335527 -279.55488264164524 -0.358416 0.840352 0.25640193 1.0
397.9116701546723 -322.2256733890905 0.255724 -0.233602 0.28623462 1.0
460.21953676450784 -370.27965623311303 -0.451937 0.304836 0.3512775 1.0
399.70049758743244 -318.19858769742024 -0.055337 -0.448575 0.28239846 1.0
404.82383197641116 -320.85097911495546 -0.269601 -0.045662 0.28580326 1.0
473.99352158633303 -358.41442617312805 -0.120184 -0.124363 0.33528468 1.0
467.6804523987074 -349.692436213269 0.123838 -0.501019 0.32336402 1.0
411.66457388242327 -304.14335912258565 0.124093 -0.182744 0.26520663 1.0
487.349990173049 -329.83635412980624 -0.286166 0.233437 0.29505667 1.0
440.1486395242251 -358.7616779448124 0.172076 0.536966 0.34035316 1.0
396.80765696782277 -321.6863132935228 0.38637 -0.180231 0.29165208 1.0
310.9274672815342 -251.1350413688206 -0.17592 -0.13078 0.2085028 1.0
443.605729411878 -357.27237889478664 0.261147 -0.119843 0.341394 1.0
449.12842040598065 -361.2737576538642 -0.349032 0.087414 0.34546736 1.0
419.09206034035645 -335.00450066360827 -0.474401 -0.300458 0.30992302 1.0
394.49970062516525 -312.55610483788405 -999.0 -999.0 0.2798279 1.0
465.37534522889786 -368.7520650108773 -0.078725 0.207272 0.35761774 1.0
371.9190901722853 -290.08259087818516 -0.118371 0.366331 0.2532003 1.0
371.804068239546 -290.3729845435156 0.063966 0.451114 0.2530858 1.0
433.8463640424373 -338.96120372976776 0.009223 -0.04653 0.31469828 1.0
437.9353945381696 -341.3263984071842 0.541692 -0.069907 0.31631175 1.0
438.97865661539294 -339.11033486964766 -999.0 -999.0 0.3135213 1.0
418.984200818399 -316.0135610525017 -0.070854 -0.067252 0.28400013 1.0
371.65815265461765 -279.9924593445762 0.073851 -0.34537 0.2408351 1.0
346.0297735460625 -258.682366562556 0.13273 0.381881 0.21776175 1.0
456.90024313986646 -344.8228989768915 -0.130408 -0.201173 0.3205418 1.0
456.6773037680514 -337.4820326153823 -0.164138 0.027398 0.31189215 1.0
410.494136089878 -302.6561186386221 -0.407692 -0.46843 0.26747042 1.0
416.88725054795106 -301.4326320718605 -0.229747 -0.2266 0.26515058 1.0
457.42154762167945 -321.9395955892954 -999.0 -999.0 0.29228497 1.0
477.9360120639985 -333.4454809248163 -999.0 -999.0 0.30736652 1.0
429.81154906210605 -298.0082973115816 0.397695 0.250071 0.26304203 1.0
437.22741123175973 -299.99263493183884 -999.0 -999.0 0.26536736 1.0
490.6784094662694 -336.81716117197294 -0.067367 -0.187702 0.31033808 1.0
514.846230586632 -353.2681010715118 -0.065557 0.094601 0.33303112 1.0
380.8885011582692 -259.678631629652 -0.147019 0.012046 0.21771692 1.0
404.01270623253635 -270.9601757373072 0.01044 -0.017531 0.230064 1.0
405.86797907754965 -271.40825989529975 -0.012097 0.369616 0.23051873 1.0
411.02554586287994 -274.38949145309067 0.257752 0.022396 0.23405074 1.0
364.27349683765783 -293.3394460599 0.040174 0.095474 0.26174885 1.0
406.0655044957222 -326.81051040864253 0.211912 -0.40452 0.3042384 1.0
303.87341879479203 -244.75423310882226 0.075849 -0.071221 0.2049058 1.0
393.37035464857433 -315.5289968514496 -0.245489 0.511454 0.2886609 1.0
398.8891902270908 -316.549721609038 -0.173896 0.066845 0.29133654 1.0
365.181796724137 -288.9086067752448 0.165327 0.170399 0.25475097 1.0
437.22581800418646 -333.81429372877227 -999.0 -999.0 0.3142079 1.0
379.7023142258622 -289.94140063282225 -999.0 -999.0 0.257317 1.0
368.8764905758312 -272.73676203338744 -999.0 -999.0 0.23743431 1.0
377.87478451486317 -274.3795612943153 -0.235504 -0.223173 0.23961498 1.0
490.2079293671963 -350.3665416329146 0.457035 0.085363 0.33734876 1.0
480.87446864759676 -344.3086728317184 0.242117 -0.031664 0.32694218 1.0
382.13137175613707 -271.6959729444366 -0.149952 -0.003735 0.23536836 1.0
383.9874380533575 -271.9460416533539 -999.0 -999.0 0.23606986 1.0
497.39799279618705 -351.8123639883123 -999.0 -999.0 0.33974835 1.0
386.0098427023993 -269.6425627729479 -999.0 -999.0 0.23405237 1.0
387.723068404647 -270.16598551542563 -999.0 -999.0 0.23424442 1.0
411.17632896452665 -283.8989960870952 -999.0 -999.0 0.24927184 1.0
379.47520620632633 -260.31668966088773 -999.0 -999.0 0.22341116 1.0
488.1440037006671 -329.4760652935986 0.540532 -0.118862 0.30941775 1.0
486.637150111972 -331.1072095197652 -999.0 -999.0 0.3087509 1.0
375.06821299609345 -253.46481000815317 -0.350159 -0.14118 0.21476556 1.0
376.2689432117788 -254.30498284845555 0.861127 -0.174364 0.21599801 1.0
435.3052729708258 -294.64191355986236 0.17895 -0.934525 0.2622851 1.0
434.1020546812122 -291.94355733396344 0.420023 -0.493428 0.25863218 1.0
398.6298777354079 -265.7070151588402 -999.0 -999.0 0.2294362 1.0
398.64727807804815 -265.89040376433803 -999.0 -999.0 0.22930495 1.0
474.4993335457638 -315.13062153808136 -999.0 -999.0 0.28854787 1.0
508.3025159240367 -331.12477578416144 0.052885 -0.263516 0.31032825 1.0
428.5626607376239 -342.56637031666173 -999.0 -999.0 0.3330679 1.0
384.6527095311566 -306.17806955177474 0.22448 0.025357 0.28434563 1.0
360.52449835835 -287.020037694633 0.263306 0.211131 0.25873205 1.0
403.28911291048746 -321.51970023085335 -999.0 -999.0 0.30220902 1.0
445.26245679526903 -348.5317217992393 -0.157971 -0.335996 0.34268627 1.0
445.44522113186576 -348.4446278311058 -0.012761 0.04911 0.34344655 1.0
369.1692670093106 -286.9223000970243 0.023307 -0.090756 0.25965157 1.0
415.93842427231107 -317.49784904390566 0.072091 -0.051387 0.29677337 1.0
435.64896741660726 -326.639359420991 0.223444 0.186935 0.3106974 1.0
429.23534269703345 -322.20015771921965 -0.153367 0.188075 0.3041065 1.0
344.52000003275487 -250.57544800098646 0.161957 0.007938 0.21622016 1.0
469.03987899503153 -332.08281506255486 -0.103077 0.147139 0.3194917 1.0
496.38365614702315 -344.54373941583333 -999.0 -999.0 0.33621767 1.0
497.8004142743756 -343.19373622505464 -999.0 -999.0 0.3358986 1.0
380.7211902683413 -259.6341470143665 -999.0 -999.0 0.22589095 1.0
407.25652817215405 -275.6709355163434 -999.0 -999.0 0.24612573 1.0
483.59956672877934 -326.4058233951911 -999.0 -999.0 0.3113516 1.0
386.0692305699768 -257.27366009566043 -999.0 -999.0 0.22459525 1.0
432.3355811592916 -288.4617595735562 -999.0 -999.0 0.26180804 1.0
435.3009923993005 -291.5890740407106 -999.0 -999.0 0.2636603 1.0
428.5416331814277 -283.44657622234087 -999.0 -999.0 0.25353163 1.0
421.99718369527807 -275.9275925126852 0.220647 -0.049071 0.24639697 1.0
503.8772538839944 -328.85833200823157 -999.0 -999.0 0.31428674 1.0
532.2759280281975 -345.02332410181134 -0.176972 0.274798 0.33861843 1.0
503.92341207273716 -329.2421279159915 -0.059752 -0.190016 0.31340727 1.0
503.14193344047146 -328.1797863140173 0.134224 0.562668 0.31226143 1.0
402.4965136262132 -260.08981534428443 -999.0 -999.0 0.22773534 1.0
412.56885099735877 -322.47916849419784 0.30324 -0.227811 0.3100056 1.0
410.2108467936046 -318.54911945692294 0.247226 -0.168677 0.30523476 1.0
382.10863448327456 -295.642894276657 0.036267 -0.082786 0.27476946 1.0
416.0753435172972 -319.2547670708597 0.063992 0.216065 0.3082869 1.0
416.00458446810364 -319.1755922191627 0.105595 -0.264519 0.30818772 1.0
416.7056043223255 -319.39860588628534 -0.223573 0.17416 0.30864412 1.0
379.81209676220465 -277.99229363206274 0.232675 -0.203527 0.25220826 1.0
445.48692364259085 -324.6334510690592 -0.059902 -0.021535 0.31469515 1.0
429.6138182576217 -283.6945133260408 -0.189779 -0.08741 0.26131895 1.0
442.3772907553468 -285.74127051577085 0.202309 -0.558694 0.26301658 1.0
456.2389058691987 -335.5646180786761 -0.476688 0.067323 0.33644855 1.0
394.5964853365297 -303.5524820573295 0.32323 0.026157 0.2957113 1.0
423.7403933961026 -323.4802563231454 -999.0 -999.0 0.32421672 1.0
419.7644388589612 -317.2156481075186 0.038038 0.01352 0.31551987 1.0
449.694959851971 -336.36534335688157 0.013326 -0.139946 0.34706402 1.0
460.7633541308505 -342.93789086523316 -999.0 -999.0 0.35744524 1.0
379.130207884832 -276.62137038041664 -0.019122 -0.255351 0.25908676 1.0
412.90846483486854 -292.63801247670966 -0.035013 0.234585 0.28216144 1.0
469.83500972190416 -333.0868360562464 -0.516697 -0.181948 0.34006247 1.0
459.19051954887794 -326.6139267833931 0.280751 -0.04906 0.32849768 1.0
454.7751769176668 -304.303770423554 -0.055899 -0.2598 0.29646695 1.0
486.136511639772 -325.97930319216533 -0.385766 0.046022 0.32615483 1.0
459.06652366425595 -302.86581732325175 -0.309129 -0.001691 0.293202 1.0
428.59053197740667 -279.7245374136073 0.119412 -0.150403 0.2620129 1.0
439.7546643980633 -282.434535116816 -0.423754 -0.66454 0.26604816 1.0
482.8808436826723 -307.10428421154234 0.304713 0.023637 0.29974887 1.0
510.3718812470883 -318.32586373951887 -0.003225 0.048959 0.31608093 1.0
399.481705798794 -299.4917708693441 -0.025881 -0.019682 0.29732797 1.0
429.86548144411313 -311.8012687194919 -0.593122 0.320895 0.31677502 1.0
415.20154316910475 -300.98958250879247 -999.0 -999.0 0.30082986 1.0
454.405111954315 -322.13024282627885 0.148522 -0.18044 0.32953492 1.0
458.2239943288851 -322.79795385325883 0.166009 0.232207 0.32968274 1.0
371.499466206621 -258.5712924346672 0.125701 0.005189 0.2424338 1.0
375.7250927612191 -260.82528599725674 -0.349167 0.017231 0.24562497 1.0
462.25263066792644 -316.2195482201713 -0.605428 -0.706572 0.32144004 1.0
348.3445763392582 -234.6984005640024 0.172714 0.100012 0.21187247 1.0
387.80897877632583 -253.9237061850166 0.171213 -0.179076 0.2362838 1.0
369.2788335741805 -240.84483773215896 -999.0 -999.0 0.21991454 1.0
389.80067359705106 -253.71691064579284 0.278913 0.510767 0.23638219 1.0
452.91043480715564 -292.44540299646735 -0.068559 -0.123412 0.28709358 1.0
476.9005151184399 -307.92856241270226 -0.100149 0.786172 0.3068023 1.0
442.7174760441431 -283.47936028006575 -0.160353 -0.196257 0.27289683 1.0
486.5903632876503 -309.68367498405735 -0.212459 -0.46224 0.30994976 1.0
438.6367742399138 -278.07069169089823 -0.366359 0.445117 0.2654599 1.0
485.7347786455269 -305.4641717590214 -999.0 -999.0 0.30446365 1.0
495.95416598218605 -312.7838314028709 -999.0 -999.0 0.31364152 1.0
497.1668023912631 -312.90219593012205 0.079236 -0.714181 0.31328496 1.0
521.4378988941462 -322.4992383716553 -999.0 -999.0 0.32946798 1.0
382.8416228123858 -285.0410079581286 -999.0 -999.0 0.28306586 1.0
432.81096262374336 -314.27430314239376 0.001575 0.151977 0.32881132 1.0
434.0715792692217 -305.2981468109239 0.062353 0.001195 0.3112155 1.0
436.0297064729388 -303.59383512496674 -0.126281 0.066245 0.31132928 1.0
347.32304367213834 -238.06561197858295 -0.259241 0.116833 0.22251186 1.0
428.1569362474454 -276.8318773290709 -0.8202 0.049962 0.26986608 1.0
368.2317205327248 -237.3943990184789 -0.205594 -0.268804 0.21991958 1.0
374.76073304481366 -239.42528206698967 0.025827 0.428639 0.22347623 1.0
499.9359654300205 -319.9922189384076 0.399566 0.003869 0.33351845 1.0
377.6833073603734 -240.50030332859325 -0.131672 -0.282455 0.22292723 1.0
371.95351077989454 -235.844694612783 -0.728614 -0.420735 0.21892215 1.0
478.69207737343294 -304.67811144549506 0.164127 0.24189 0.3079162 1.0
412.8852191675791 -259.7877199628558 0.189924 0.114031 0.2467996 1.0
492.58869704660077 -307.24678356791526 0.002533 0.17543 0.31258488 1.0
391.3540485405596 -285.4765141890741 0.018798 -0.411236 0.2923702 1.0
395.6664576590208 -283.27502828212914 0.076403 -0.124987 0.28762302 1.0
279.11414755140083 -196.9593089915413 0.753177 -0.487369 0.1781544 1.0
456.7586601570261 -322.35981824630926 0.118252 0.051032 0.34664062 1.0
438.65314037756656 -309.12264559743966 0.432558 -0.395175 0.32542795 1.0
437.1082105366023 -302.8776129766774 0.44773 -0.188231 0.31560358 1.0
453.26020793995696 -308.98920206754764 0.238795 -0.270474 0.32371512 1.0
461.5705489478866 -312.76811840657217 0.431331 -0.780362 0.32946825 1.0
454.91992485039833 -306.40873592669567 0.316764 0.336988 0.32160127 1.0
455.76989548087147 -306.6640086295836 -0.279256 0.90565 0.32166934 1.0
422.70120363045066 -281.8491972295495 0.205818 0.173918 0.28576842 1.0
412.1406378844593 -271.1281822965084 -0.107606 0.073122 0.26976523 1.0
436.11575074488593 -285.09263259033014 -0.00231 -0.372382 0.28970706 1.0
404.93604519005936 -260.51029049257477 -0.129169 -0.105272 0.25348374 1.0
480.7055327548342 -298.3464173932275 -0.01697 0.036579 0.30906492 1.0
511.375384892796 -317.1273845894974 0.804836 -0.423382 0.3363002 1.0
440.9057604844567 -267.5599081168477 -0.314783 0.190773 0.2636215 1.0
527.52984064089 -318.69370493194157 0.182775 -0.391057 0.339779 1.0
460.9643093716147 -277.51791976058234 0.308415 0.104717 0.27777222 1.0
458.7710772163824 -276.94440193265416 0.031558 -0.144626 0.27669626 1.0
442.9029122459985 -266.4888568430165 0.028679 0.384055 0.26177856 1.0
527.5988830611453 -318.02560783283445 -0.453262 0.15437 0.3364831 1.0
423.3799683518857 -325.10718736867994 0.032134 0.214683 0.32387805 1.0
444.60555181332194 -340.5650128965157 0.203617 0.080977 0.3478096 1.0
424.0081396715334 -319.4858312654529 0.065533 -0.287217 0.31678104 1.0
394.8362480722611 -297.03520488733943 -999.0 -999.0 0.28457075 1.0
430.8007738552778 -322.7306012026266 -0.366037 0.517874 0.31917927 1.0
398.8139399084054 -302.54356411956076 -0.25636 -0.198544 0.29761484 1.0
312.0283648638134 -233.06609876064167 -0.614142 -0.097198 0.21073474 1.0
454.62671030926356 -335.4963427485395 -0.344226 -0.421066 0.34944564 1.0
461.27082100161067 -339.11904324399694 0.137851 -0.509942 0.35567173 1.0
398.43207654121176 -287.6418883620854 -0.028528 0.021188 0.27826533 1.0
487.0090342566473 -320.73122094459734 -0.12257 0.21065 0.32397133 1.0
397.6592963212613 -288.59896929998087 -0.515689 -0.048037 0.28572783 1.0
460.2512921165284 -331.83854880997865 0.454203 -0.068072 0.35053334 1.0
432.0563845894957 -306.16176117575407 -999.0 -999.0 0.3094609 1.0
415.3047504057528 -292.55298587949494 0.355452 0.065289 0.28922448 1.0
453.87344924022545 -318.7194267989867 -0.393981 0.866705 0.3291335 1.0
375.9311967818539 -270.79344954443104 0.204052 0.188012 0.2663025 1.0
435.00623430732844 -302.2082605666461 -0.442649 0.000433 0.3108007 1.0
434.1724806864981 -300.0071719203653 -0.25504 -0.220223 0.30884054 1.0
438.6870348504487 -303.61457818218724 0.123035 -0.303957 0.3128103 1.0
304.7386689439024 -194.26886200925915 -0.132227 -0.311004 0.17213257 1.0
370.25402124082524 -236.33383659150132 0.172153 -0.116767 0.22023328 1.0
392.3599406388311 -281.07617919937064 0.108765 -0.216166 0.28824586 1.0
382.0987737812168 -267.17129323017423 -0.404018 -0.063734 0.26753476 1.0
381.3738035265373 -263.4273811734449 -0.333934 0.050763 0.26653722 1.0
452.471414218302 -300.8331642475234 0.368976 0.188915 0.31969148 1.0
436.4732460110257 -289.84752745657846 0.212733 0.093468 0.30300084 1.0
389.2266936618086 -256.67870205619903 0.1741 0.269842 0.25593188 1.0
401.7257993351996 -252.67540745895167 -0.150668 -0.041651 0.2486251 1.0
451.63893032212735 -280.3620773421398 -0.104906 -0.084955 0.28677148 1.0
377.7779511855661 -232.13992017076245 0.242739 0.185155 0.22183612 1.0
503.875128153631 -303.3218091819143 0.43327 0.031146 0.32044202 1.0
310.94029232253484 -185.69166629165835 -0.400591 0.698214 0.16795854 1.0
442.16729949900207 -263.86161518220445 -0.016193 -0.084058 0.2628874 1.0
492.9257630672044 -292.2064122235837 -0.237368 -0.360829 0.3044427 1.0
491.908353913903 -292.62224321854495 -0.370461 0.186733 0.30382645 1.0
416.1039170718614 -293.98112347691426 0.010167 0.190224 0.30779436 1.0
419.36150369995113 -293.1691869663912 0.508436 -0.305084 0.3094064 1.0
448.3411605153928 -312.8766922574613 -0.092231 0.197458 0.33921972 1.0
381.03718422724336 -266.77452790630986 0.074376 -0.212293 0.268328 1.0
464.8698144500425 -324.40015861828044 -999.0 -999.0 0.35896593 1.0
391.1011016277116 -265.16033947442844 0.538427 -0.553957 0.26666096 1.0
392.08767395984137 -265.6036124575201 -0.478715 -0.26115 0.26739237 1.0
453.09734030414177 -304.42828295835 0.843379 0.030517 0.32161814 1.0
398.74724957441344 -266.05725725409116 -0.528253 -0.607386 0.26734534 1.0
438.31446220902507 -292.84207880210903 -999.0 -999.0 0.30558386 1.0
440.5523459670134 -290.67998335585446 -0.168011 0.256995 0.30342743 1.0
470.0800496799213 -292.91210453302864 -0.175552 0.185111 0.30870807 1.0
469.33320453814144 -292.0017946011331 0.068099 0.11745 0.30706596 1.0
305.0253502386825 -189.1992033584551 0.099654 0.080522 0.172811 1.0
392.9915753763312 -237.31794906418858 0.182646 0.125842 0.22999643 1.0
519.3142944978717 -309.86485134755657 -0.738802 0.558474 0.3345323 1.0
534.056076000603 -315.5529140441133 0.20631 -0.392266 0.34237096 1.0
407.98040390776134 -294.51684136548903 -0.177651 -0.23677 0.2735361 1.0
341.81091847411153 -243.98520318471486 0.050253 0.059314 0.21405031 1.0
488.4859464726541 -336.65412368227 0.342306 -0.637699 0.33154413 1.0
370.77145393209736 -253.44616238701258 0.63268 -0.334812 0.2230399 1.0
385.8765491288487 -264.2713080443256 -0.099817 -0.261393 0.23498677 1.0
412.7083816975292 -282.15229617016735 -0.117414 -0.138214 0.2571881 1.0
491.8926725550302 -335.4926330420472 -0.021199 0.157382 0.33091328 1.0
498.2341255731954 -337.4346554150367 0.010142 0.014129 0.3339751 1.0
496.5910805830196 -336.1738324082336 0.400289 0.53949 0.33055186 1.0
391.2207245302979 -262.7828901844912 0.028417 -0.336029 0.23356678 1.0
430.833178709084 -288.5988358084437 0.067916 -0.170909 0.26563653 1.0
394.6777720796122 -263.948723848988 -999.0 -999.0 0.23548423 1.0
529.4565729101303 -351.1628388265034 0.172275 -0.024785 0.35162804 1.0
478.65950103530537 -316.3053277102653 0.271746 -0.135534 0.30083 1.0
511.56748351983606 -334.78546503896735 -0.726626 0.128396 0.32879275 1.0
397.42533653399727 -257.1748747815762 -0.172707 -0.530709 0.22654687 1.0
500.4935687209597 -324.1218697107511 0.178154 0.468292 0.31220105 1.0
548.986441766779 -353.97576252006377 -0.376617 0.026446 0.35710558 1.0
446.4299356857735 -288.09219603560126 -0.001214 -0.142315 0.26453707 1.0
362.8725254942194 -259.27891117661596 0.027642 0.192504 0.2345751 1.0
455.7387812598526 -321.9676417132773 0.274043 0.040626 0.3176749 1.0
443.8078206475295 -313.18413231683076 -0.120922 0.08875 0.30555898 1.0
409.4413047022336 -288.63170845686597 0.883337 0.042784 0.27128127 1.0
481.8924102872995 -329.8951933013458 0.062028 0.24129 0.3278354 1.0
448.6108156337518 -304.8060319484139 -0.375481 0.136541 0.2929661 1.0
386.05903179367687 -261.6017517527691 0.074794 0.458492 0.23664217 1.0
486.12588425822315 -328.06081689927095 -0.016234 -0.151555 0.32704455 1.0
331.0575697286894 -220.4761336898253 0.025899 -0.026701 0.19050911 1.0
360.61859918729704 -239.00860471199914 0.823325 -0.271171 0.21141297 1.0
476.8672677022562 -315.4712686096048 -0.070155 -0.004349 0.3070871 1.0
365.968831023307 -240.89507262231703 -0.084344 -0.196891 0.2132944 1.0
430.59404050753824 -282.4099624705594 -0.128887 0.46134 0.2637489 1.0
451.4223989423373 -297.02651401064935 -0.144364 0.103651 0.2810183 1.0
432.17615232094556 -283.4051461865555 -0.087811 0.113828 0.26338565 1.0
531.3114757751399 -345.2058313919459 -0.207789 0.013243 0.3499118 1.0
434.691295003598 -280.01134380952794 -0.190833 -0.015214 0.25990626 1.0
386.80959368440597 -248.4173712429094 -0.036199 0.057113 0.22215469 1.0
381.95832974498705 -245.62075939872082 0.171911 -0.763791 0.2180384 1.0
419.15090451737075 -266.2626776901998 0.171956 -0.650618 0.24355882 1.0
460.92779725456177 -318.1966675021851 -0.566451 0.15691 0.32056215 1.0
456.54795288362857 -312.74144773279113 0.589121 -0.018226 0.31164187 1.0
481.9411982400811 -323.6590628563763 -0.25774 0.089987 0.32583845 1.0
457.1379483383357 -297.2750791312253 0.144612 0.36701 0.28773338 1.0
445.5305618297855 -288.4948125831118 0.018383 -0.133475 0.27652365 1.0
476.0451772137023 -308.2510932478571 -0.780008 -0.314441 0.3032408 1.0
477.27074894778127 -308.5031672236605 0.061309 0.101988 0.30431557 1.0
445.0748649104368 -286.948977484928 0.167231 -0.854035 0.27534437 1.0
527.535402827749 -339.72330100714214 -0.448917 -0.074175 0.35119084 1.0
436.10729969733654 -278.2934037473699 0.095198 -0.069953 0.2634836 1.0
379.9016071783027 -241.41206767845276 -0.001697 0.148556 0.21844895 1.0
384.53736799241295 -244.4700475552638 0.244828 0.315468 0.22138011 1.0
379.2000741772071 -242.10854570356292 -0.81245 0.11234 0.21746284 1.0
435.544064565887 -276.6459743280365 -0.408386 0.357632 0.2603474 1.0
387.2963314863721 -240.78449997234912 -0.449996 0.158529 0.21693389 1.0
490.5075483850155 -330.5613774001831 0.462205 0.400097 0.34862843 1.0
297.11660817165193 -195.08814865147534 0.176033 0.060224 0.17085354 1.0
496.65868787773866 -326.49383372795586 -0.303239 0.088338 0.3412603 1.0
521.937699096634 -338.2475142493474 -0.366912 -0.229604 0.3561765 1.0
520.5638184433403 -333.6061739146009 0.006281 0.103335 0.3523273 1.0
384.23640914862995 -241.67173255573752 -0.177743 0.145817 0.22276296 1.0
382.9231868336991 -239.17395538793093 0.132317 -0.302932 0.22043934 1.0
438.2289350229746 -274.9854976946928 0.018972 0.24722 0.26487625 1.0
437.83461608597827 -273.34556920790175 -0.152572 0.357561 0.26352558 1.0
449.79435410586075 -281.9396794022294 -0.18674 0.010867 0.27345154 1.0
329.340812107916 -205.86327084320513 0.002798 0.05317 0.18113539 1.0
441.3232881818338 -273.89220649954893 0.134252 0.039848 0.2641761 1.0
445.22093140870635 -275.24184481649087 0.523036 -0.145296 0.26391134 1.0
505.4077543246413 -310.98022684690136 0.107032 -0.514913 0.31472847 1.0
521.9522337649896 -321.7245936016626 0.374352 0.377744 0.32973936 1.0
434.2634329232102 -267.61403769172426 -999.0 -999.0 0.25375605 1.0
544.0977978813113 -334.29793846108373 -999.0 -999.0 0.34931073 1.0
374.17528315036645 -252.13586744854717 -0.337856 0.195385 0.24226327 1.0
392.0763209172903 -264.3777168873961 0.300024 0.084231 0.2570518 1.0
443.0703245455685 -297.44338937457655 0.230637 0.064149 0.3027647 1.0
483.7918647355303 -314.48728089188774 -0.342338 0.006638 0.32913896 1.0
485.8780027934857 -314.7745385451943 -0.238745 0.199385 0.3296449 1.0
485.7735547429733 -313.45356737946923 0.300997 0.408683 0.3290708 1.0
374.3193113555534 -238.61515724785136 0.019682 -0.122745 0.22265649 1.0
307.5696683122921 -194.0465862885999 0.388861 0.278659 0.17252858 1.0
501.16983342147614 -316.7254856224102 -0.126563 0.212486 0.33247092 1.0
391.7832747808496 -247.5998053046356 0.162603 -0.088034 0.23462175 1.0
373.3789976393898 -234.94807878861113 0.117503 0.240188 0.21939877 1.0
509.2229064857046 -318.9457378016838 0.010644 0.262498 0.33672804 1.0
491.0961752899503 -305.9409607227278 0.023514 -0.194275 0.31598216 1.0
490.14954842303706 -305.49586229806033 -0.182609 -0.143042 0.31621552 1.0
442.497215566509 -271.642820542884 0.216649 0.00275 0.26719174 1.0
440.9927214168828 -272.006542202348 0.023407 -0.170911 0.26581746 1.0
384.9772207201242 -236.86812401244956 0.368744 -0.299441 0.22054605 1.0
529.6532985967848 -323.1606283760126 0.149004 -0.162204 0.3394905 1.0
443.18669759335063 -269.000855260389 0.016901 -0.063737 0.26220363 1.0
454.41364888034906 -302.6878311294593 0.01071 0.014421 0.31861162 1.0
352.7862353347318 -232.48733369489335 -0.024283 -0.126545 0.22257313 1.0
487.6342859553544 -321.73268050359724 0.289786 -0.083694 0.3491354 1.0
492.5414395546908 -322.9352123066118 -0.040457 0.128364 0.34963086 1.0
314.122037701789 -202.95592476971987 -0.056612 -0.147575 0.18639092 1.0
434.8718065345954 -274.8125151733932 -0.334584 -0.017299 0.275938 1.0
523.1561814285024 -328.75543919361695 -0.308403 -0.084707 0.35972798 1.0
504.50427174538896 -316.7285950582439 0.147817 0.270816 0.3411629 1.0
514.0297918276003 -315.75965302251086 -0.691674 -0.221572 0.33905607 1.0
511.8091503983994 -316.3773901658227 -0.452134 -0.091229 0.33735234 1.0
363.85739285966787 -221.71174889905436 -0.209186 0.539853 0.2064826 1.0
477.8484658808261 -290.31582854434197 0.192783 -0.913181 0.29716215 1.0
445.77383780235425 -269.0522452854126 -0.534222 -0.062751 0.2688018 1.0
541.733018122655 -327.0390345611746 -0.07369 -0.131622 0.35648715 1.0
541.7113903025489 -324.7981359127506 -0.173586 -0.301956 0.35277763 1.0
391.92369594522455 -347.70068174092955 -999.0 -999.0 0.2913958 1.0
455.0827463080219 -389.6656648648894 -999.0 -999.0 0.3450168 1.0
417.30327778616066 -356.56343292358105 -999.0 -999.0 0.30131057 1.0
433.07432896768177 -368.3859442439477 -999.0 -999.0 0.31672177 1.0
432.69828090718954 -367.4286510108721 -999.0 -999.0 0.31589893 1.0
435.10436811711367 -368.6752714974555 -999.0 -999.0 0.31588253 1.0
459.64121241711536 -388.25722406679847 -999.0 -999.0 0.34200746 1.0
464.20440028021665 -390.13294688214467 -999.0 -999.0 0.34501305 1.0
438.9509788946217 -367.6297022688371 -999.0 -999.0 0.31640255 1.0
374.2196076563926 -308.7022211802821 -999.0 -999.0 0.24714938 1.0
350.23425924219436 -279.47083017824076 -999.0 -999.0 0.21717016 1.0
414.0795812490341 -329.4611017696492 -999.0 -999.0 0.27053326 1.0
366.0776049295855 -283.4993474097393 -999.0 -999.0 0.22149774 1.0
360.3752926549948 -279.08282730313823 -999.0 -999.0 0.21691665 1.0
365.6102305489231 -282.57008376588755 -999.0 -999.0 0.22081968 1.0
369.1769882790233 -322.7106110788246 -0.017642 0.03618 0.26556242 1.0
438.1335214504791 -382.91310876541326 -0.293631 -0.143144 0.34123093 1.0
439.76426603473436 -385.1147507224745 -0.365439 0.135399 0.34230375 1.0
290.40994026965814 -248.43482646869495 0.100489 -0.079474 0.18968257 1.0
430.7446119622126 -367.90826898380266 -0.030722 0.114347 0.3207353 1.0
463.7738851841644 -384.94212913084533 -999.0 -999.0 0.34455168 1.0
438.48042631284176 -361.6131974859359 -999.0 -999.0 0.31438804 1.0
440.21623425234895 -357.744230120737 -999.0 -999.0 0.31059164 1.0
482.66521938304896 -392.50194110646123 -999.0 -999.0 0.35586345 1.0
379.99441437385605 -302.8467983888566 -999.0 -999.0 0.24566835 1.0
459.0032538342324 -364.40860822812255 -999.0 -999.0 0.31729674 1.0
347.36495614577024 -275.57036787660104 -999.0 -999.0 0.21579036 1.0
417.59725702008643 -325.8416056464644 -999.0 -999.0 0.2722847 1.0
426.4574445543649 -328.8319708482576 -999.0 -999.0 0.27513832 1.0
425.0359469607004 -327.4939085931373 -999.0 -999.0 0.27431107 1.0
474.12979983144123 -364.77780938086715 -999.0 -999.0 0.31813666 1.0
429.1524679549637 -326.8889873591348 -999.0 -999.0 0.2722714 1.0
432.9888671864637 -329.55794699117627 -999.0 -999.0 0.27566803 1.0
427.63630217129247 -325.7664268130654 -999.0 -999.0 0.27099264 1.0
499.33212083520317 -380.4969825602531 -999.0 -999.0 0.33866444 1.0
387.2640371599125 -292.23524852618215 -999.0 -999.0 0.23524798 1.0
430.2506525251087 -326.6242275090728 -999.0 -999.0 0.271607 1.0
388.83780393875344 -292.3349116672476 -999.0 -999.0 0.23523907 1.0
336.25654986340345 -253.10411045459642 -999.0 -999.0 0.19479641 1.0
489.8662261783126 -367.83177581398866 -999.0 -999.0 0.32224876 1.0
434.5093877941408 -324.4776906435988 -999.0 -999.0 0.27116725 1.0
495.70899247460954 -372.70180864578674 -999.0 -999.0 0.3288253 1.0
491.04343278957424 -367.67008872022734 -999.0 -999.0 0.32243904 1.0
445.5255079647885 -331.84573681571806 -999.0 -999.0 0.2776741 1.0
495.023657318838 -367.1076215158766 -999.0 -999.0 0.3232042 1.0
439.0635373570525 -324.99797148386585 -999.0 -999.0 0.27063602 1.0
489.3042722085139 -360.93277155660627 -999.0 -999.0 0.314593 1.0
441.86204310438 -321.74238566263847 -999.0 -999.0 0.26692557 1.0
386.389601943087 -332.09941234225414 0.525711 -0.081043 0.28377306 1.0
397.1234322410349 -339.7850502660243 -0.017551 0.001235 0.29236132 1.0
314.424730648425 -264.3324647211746 0.283462 -0.474031 0.20737842 1.0
315.68124609228755 -263.0236340375417 0.01439 -0.193595 0.2077702 1.0
411.87539015033826 -340.27896312513815 0.245913 0.030585 0.2928349 1.0
393.07946350114736 -313.7323239684131 0.140664 -0.351146 0.262505 1.0
465.5328785147586 -367.7343788912306 0.186276 0.839157 0.32816488 1.0
432.5218310173364 -338.76471634224254 -0.009767 -0.40399 0.29287434 1.0
451.3897696337531 -348.19135199190674 -0.222781 -0.236943 0.30478814 1.0
483.49797925825874 -371.3691245264904 -999.0 -999.0 0.3328377 1.0
368.53514347901796 -276.3364251543548 -0.639102 -0.26851 0.22236787 1.0
369.80968551227033 -276.967645509243 -999.0 -999.0 0.22276676 1.0
498.3585212399605 -375.22566899278337 -999.0 -999.0 0.33828664 1.0
429.5267515899975 -320.6549840462791 0.225695 -0.019612 0.2705071 1.0
385.4410617860971 -287.02265520595824 0.123132 -0.807546 0.23291709 1.0
333.4973160831472 -247.23324126418603 -999.0 -999.0 0.19210967 1.0
489.63494810908577 -359.04488188824746 -0.232515 0.314388 0.3199594 1.0
370.60861628560906 -273.0035405483085 0.731961 0.443384 0.21869358 1.0
358.93728210008766 -307.7278887304057 -0.138314 0.355447 0.25916335 1.0
360.55484624715143 -306.9411383624851 -0.200457 -0.016279 0.25864404 1.0
440.03774930269634 -369.94393487800005 -999.0 -999.0 0.33721426 1.0
382.34852313309216 -314.88475166223174 0.57089 -0.255342 0.2666682 1.0
366.15740586634695 -301.99304936318 0.138034 0.142862 0.252228 1.0
410.57020915079926 -335.77890282395845 -0.057215 0.001269 0.29195225 1.0
411.36532557828775 -334.92250485489274 -0.500264 0.118627 0.29172403 1.0
435.8579332960466 -352.55863623234933 -0.355028 0.557804 0.31589767 1.0
407.38724599712117 -329.2763779170365 0.046942 -0.358994 0.28524798 1.0
437.3281835847491 -353.6818192798913 0.000927 0.176095 0.3149402 1.0
435.7968522438515 -348.948638324608 -0.050452 0.163573 0.3113112 1.0
339.42888572663037 -269.4225327120455 0.180616 0.510279 0.21852803 1.0
384.1498709185866 -305.8199852639286 -0.219196 0.090255 0.2572016 1.0
388.83297667575374 -309.734820461711 0.229881 -0.299929 0.26145256 1.0
351.59564030160067 -277.1915621058588 0.158708 -0.145806 0.22670396 1.0
481.519635402227 -374.0675186101442 -999.0 -999.0 0.34576923 1.0
382.25766233637427 -294.31982237610913 -0.041732 -0.026301 0.24454793 1.0
490.5801152611044 -375.9850855737819 -0.153567 0.074093 0.34881896 1.0
406.43643125613403 -311.54022721735885 -0.30546 -0.336609 0.2642076 1.0
463.8869000065155 -355.30736609338805 -0.056073 -0.178821 0.31858188 1.0
466.47190485602545 -354.1017900393285 -0.242391 -0.079213 0.3183179 1.0
468.51270986665577 -354.58512281399635 0.067359 0.308385 0.31825465 1.0
468.6482106605109 -354.112684252545 0.271243 -0.256583 0.3175414 1.0
389.6483014407008 -288.3548829638638 -999.0 -999.0 0.23979338 1.0
480.35475288362073 -355.13658344492273 0.090136 0.03688 0.31843972 1.0
451.46581431943645 -328.0761867017082 0.132756 0.101866 0.28625974 1.0
487.66000315940005 -355.38719763480805 -0.017915 0.841224 0.32057184 1.0
510.46605970696737 -370.80441567482404 -0.029172 -0.130735 0.3422583 1.0
411.87161744445746 -298.7191717149781 0.12662 -0.037018 0.25019282 1.0
518.9060608613869 -375.01243659255147 -999.0 -999.0 0.34866118 1.0
496.1902046459753 -358.00023100919634 -999.0 -999.0 0.322368 1.0
500.2666714260787 -359.658475877232 -999.0 -999.0 0.32535067 1.0
489.81261454871344 -349.9743615551464 -999.0 -999.0 0.3134434 1.0
404.78561332023514 -288.0709699121269 -999.0 -999.0 0.23925538 1.0
418.72179229846734 -353.3088212986208 -0.119935 0.531019 0.321366 1.0
421.93704054844574 -356.6451020964692 0.437338 -0.001617 0.32557762 1.0
448.6441403705456 -375.25755847027364 0.346484 0.053532 0.3518194 1.0
455.873454863929 -376.4605660215921 -0.372712 -0.03419 0.35244155 1.0
309.97880003508646 -251.59920298655882 0.717409 -0.436184 0.2024457 1.0
445.8042444005926 -348.48788832831406 0.07627 -0.002195 0.31533092 1.0
412.32848073548604 -313.7977546239894 -0.036135 -0.198532 0.27326983 1.0
410.64523718563873 -309.63257225533226 -0.204303 -0.300111 0.26642442 1.0
417.10043865942737 -368.5380358259455 -0.600617 -0.072402 0.31958047 1.0
367.53881443495476 -324.538589316541 -0.228974 0.004517 0.26644298 1.0
368.32001489996475 -323.59935403530966 0.123324 0.010001 0.26587903 1.0
409.72300038366916 -358.35618088244007 -999.0 -999.0 0.30622107 1.0
407.867055487211 -358.59855668384 -999.0 -999.0 0.30497494 1.0
375.31137192946295 -327.3537687742245 -999.0 -999.0 0.26975778 1.0
421.2327079671948 -362.6381794757303 -0.118288 0.285846 0.31148574 1.0
431.04636541719674 -368.36894415708775 -999.0 -999.0 0.31858653 1.0
430.5765503971291 -366.99207735734774 -999.0 -999.0 0.31701615 1.0
441.6898506266898 -363.83895455634496 -999.0 -999.0 0.3128272 1.0
442.1834371070714 -363.2581020714135 -999.0 -999.0 0.31305236 1.0
378.7235814585485 -309.96141601504064 -999.0 -999.0 0.25048432 1.0
344.539189828874 -278.60590587219986 -999.0 -999.0 0.21718067 1.0
445.49826407861883 -353.5167887237162 -999.0 -999.0 0.30076382 1.0
447.98201656417694 -353.49973555427147 -999.0 -999.0 0.30195284 1.0
441.79726575010153 -349.3946672728714 -999.0 -999.0 0.29649544 1.0
444.932315770862 -350.8162581285951 -999.0 -999.0 0.29924247 1.0
427.7281354144115 -330.9205147296267 -999.0 -999.0 0.27519545 1.0
343.91060942683686 -265.7619892554986 -999.0 -999.0 0.20487384 1.0
449.79162377649357 -348.16374042398076 -999.0 -999.0 0.2947288 1.0
360.89939392674967 -275.94713910437906 -999.0 -999.0 0.21547377 1.0
378.5274829709911 -284.05654850988606 -999.0 -999.0 0.22413333 1.0
492.9179191944762 -371.2978920959971 -999.0 -999.0 0.32416987 1.0
496.9965989643251 -371.18959610628013 -999.0 -999.0 0.32571498 1.0
374.14940399420345 -279.23211357481637 -999.0 -999.0 0.2197702 1.0
379.83433053573197 -284.19730387273626 -999.0 -999.0 0.22386736 1.0
381.2140417983267 -283.882319985525 -999.0 -999.0 0.22350915 1.0
400.7696687897639 -292.8063390451775 -999.0 -999.0 0.23273642 1.0
391.59619812623396 -343.0356495842849 -0.344939 0.105205 0.29290172 1.0
382.39736435953137 -332.17937446643145 -0.06042 0.134106 0.2801768 1.0
375.7105463810642 -322.3572166768124 -0.041535 0.429553 0.26934874 1.0
453.2369256659576 -379.47348014298603 0.074266 0.116487 0.34172055 1.0
342.8178040491081 -276.2914859265359 -999.0 -999.0 0.21876717 1.0
353.2831884062846 -282.0395029757243 -999.0 -999.0 0.22452208 1.0
353.7126518817266 -274.74022828017496 -999.0 -999.0 0.21716009 1.0
455.73358000846446 -353.0508040182532 -999.0 -999.0 0.30575153 1.0
390.43775279097434 -296.5543318222628 -0.123505 0.105444 0.24150954 1.0
388.19648705212006 -294.76494883094006 -0.364898 -0.064171 0.23964524 1.0
493.74680443533686 -375.6778228293209 -999.0 -999.0 0.33749437 1.0
327.71019813542154 -247.93437665749488 -999.0 -999.0 0.19079392 1.0
485.35303938095694 -363.4271982314 0.046351 -0.054777 0.32149422 1.0
491.4042786127263 -368.14865205077206 -999.0 -999.0 0.32614014 1.0
432.83241137724264 -322.4132586900699 -999.0 -999.0 0.27075547 1.0
375.6891569230664 -277.09413811005527 -999.0 -999.0 0.22054572 1.0
497.8507674762735 -365.7440825185582 -999.0 -999.0 0.32369983 1.0
437.6549726983434 -319.63756888290385 -999.0 -999.0 0.26840514 1.0
439.6731126210429 -320.46805164926343 -999.0 -999.0 0.26954913 1.0
423.24027066019886 -307.83374468921755 -999.0 -999.0 0.254997 1.0
388.22658492879333 -282.04923141694456 -999.0 -999.0 0.22600211 1.0
369.53456833032385 -268.02407587021986 -999.0 -999.0 0.21116728 1.0
406.31607213240875 -348.0937126344836 0.374014 -0.308098 0.30565396 1.0
394.5037586133342 -335.5047059240087 -0.042056 0.061483 0.28870893 1.0
400.75684143046146 -339.36373712309813 0.33179 0.027423 0.29499644 1.0
439.2926464668586 -371.36672896526613 -0.470729 0.013467 0.33666837 1.0
440.0076885095118 -353.63298440172133 -999.0 -999.0 0.31442475 1.0
349.0259380277442 -280.5318107038329 0.214734 0.2862 0.2265902 1.0
345.1815664052168 -271.54969599888784 0.021651 -0.092832 0.21874021 1.0
486.5660000702016 -374.6865357674051 0.641197 -0.65393 0.3425339 1.0
353.37870902160364 -271.45904447597064 -0.033975 0.034343 0.21778294 1.0
396.0018071218916 -303.05449224996875 -0.210804 -0.206902 0.25318962 1.0
415.7419790914153 -314.0460871269375 -999.0 -999.0 0.26629713 1.0
338.3557091418729 -256.2685317436418 0.248207 -0.218026 0.20190206 1.0
470.8498208073151 -354.67500512691595 -999.0 -999.0 0.31528968 1.0
346.4850639357427 -258.6630832629708 -0.069229 -0.037558 0.20471607 1.0
506.8663271258742 -372.52159778228884 0.442591 -0.171563 0.341091 1.0
479.2034195917973 -352.1386458521375 0.055582 0.425212 0.31188303 1.0
362.90663857063095 -265.78527517214553 -0.139583 -0.299937 0.21230002 1.0
491.3169868866314 -356.8183283091104 0.27175 -0.101772 0.31870428 1.0
496.93507087016275 -359.62513980743586 -999.0 -999.0 0.3236764 1.0
502.0287379669518 -361.46273914740885 -999.0 -999.0 0.3264837 1.0
396.48661964321377 -331.50467458453454 0.085771 -0.065552 0.29104438 1.0
399.8203057985513 -333.5311968751938 -0.033218 0.203704 0.2921899 1.0
453.2040733692504 -374.8701228708162 0.035063 0.036692 0.3497211 1.0
426.6535973975288 -351.5643321253403 -0.533001 0.469164 0.31633052 1.0
425.98847126971873 -349.6459553818893 0.005434 0.118617 0.31434977 1.0
377.7101326678948 -306.43483493069306 0.210734 0.240773 0.26091474 1.0
379.149281182458 -306.3596097351894 -0.161448 0.068095 0.26158094 1.0
439.11777255809915 -350.5859709981426 0.125927 -0.059409 0.31498697 1.0
278.0878902796182 -219.50769118755892 -0.047888 -0.298567 0.16932683 1.0
423.2129980952048 -330.4884541419006 0.242439 -0.085376 0.29048178 1.0
425.86389861363807 -332.40504938110206 0.026883 0.24632 0.29186758 1.0
439.5092548057935 -342.61205471601636 0.33189 -0.061071 0.30387324 1.0
411.91315093063747 -316.6276509521147 -0.000436 -0.193863 0.27307844 1.0
423.18199746068353 -321.4757042602101 -0.255101 -0.037894 0.28015065 1.0
465.6903010876932 -351.26485689098376 -0.07406 -0.280813 0.31657985 1.0
494.6622781153669 -372.78526424768927 0.007331 0.305416 0.3463097 1.0
475.14690127095633 -355.522614293793 -999.0 -999.0 0.32155663 1.0
431.9276571635731 -317.87144953460944 -999.0 -999.0 0.27571476 1.0
520.2252601794601 -375.73233601097564 -0.122257 -0.367509 0.35183498 1.0
520.8720369118686 -375.7003899244052 0.032841 -0.217985 0.35235497 1.0
421.51821657625493 -296.70264347916805 -999.0 -999.0 0.25157017 1.0
452.9555913460819 -303.8988400915676 -999.0 -999.0 0.25968277 1.0
367.06297606562504 -298.178659579293 0.041598 -0.008591 0.25575715 1.0
435.6576192538228 -343.38551017685194 0.112797 0.475724 0.31300163 1.0
432.37553239652647 -340.84987656676844 -0.152784 0.31199 0.30955487 1.0
409.72624956908544 -313.41353408893156 0.043356 -0.177902 0.2742232 1.0
459.0339345131585 -350.622751205034 0.415276 0.464924 0.3222296 1.0
414.2907643089799 -315.78788203559077 -0.05619 -0.102312 0.27649346 1.0
376.84712153052925 -281.0358690980285 -0.125924 0.461656 0.23788966 1.0
478.9273025132963 -359.5518246830707 -0.006492 -0.018413 0.33482525 1.0
370.482498623414 -270.1388517088864 -0.164679 0.100948 0.22434883 1.0
476.47742114765174 -339.29162463316226 0.288472 -0.161331 0.30891272 1.0
369.2483050121829 -257.81636693296804 -0.114512 0.481411 0.21152788 1.0
360.91206136169234 -250.7814962779947 0.272869 0.11738 0.20485161 1.0
431.7432197581659 -299.89103769334395 0.134647 0.041493 0.2590706 1.0
442.033658241276 -306.9157958134792 0.115992 0.137424 0.26736122 1.0
429.5382056857339 -289.94301175616386 -0.013834 -0.084395 0.24784552 1.0
428.1280259334997 -285.9623138996112 -0.063768 -0.265773 0.24347685 1.0
432.65923247983307 -288.811734668323 0.362059 -0.13691 0.24679655 1.0
403.20980339294437 -338.9615857434112 0.106255 0.376745 0.3058997 1.0
316.7034199234856 -264.27860623924624 -0.094917 -0.168616 0.21655573 1.0
282.23272573968075 -235.4298629187412 0.051141 -0.156049 0.18683816 1.0
446.3357015968733 -371.9005961194147 -0.177833 -0.032926 0.34836787 1.0
446.0242840061375 -371.9745797470508 0.124665 0.106678 0.3478346 1.0
378.082900415978 -302.998313180997 -0.521669 -0.246945 0.26010704 1.0
408.22258516112345 -323.6434841691477 -0.225001 0.270594 0.28605327 1.0
441.499165082664 -346.50421311559927 -0.016003 -0.097598 0.3153147 1.0
426.20445187141587 -333.6194608281323 0.591498 0.041219 0.29847476 1.0
309.3521930644044 -242.66861258938246 0.38036 -0.060481 0.19408026 1.0
440.78575241876064 -345.8067922889899 -0.380863 0.297367 0.31383306 1.0
423.3873680158395 -332.16373092838467 -0.089216 -0.101918 0.29608887 1.0
442.4422640900317 -346.90558371558524 0.272323 -0.191045 0.3155847 1.0
444.69807243645215 -347.66926788344625 -0.171778 -0.090557 0.31441623 1.0
434.67251745848984 -325.9783467848393 0.040857 -0.74483 0.28718686 1.0
442.07940364392994 -325.76973255117184 -999.0 -999.0 0.28787014 1.0
419.01037430134784 -309.4142812555595 -999.0 -999.0 0.2664396 1.0
519.9666085333212 -373.38718180795655 -0.034035 -0.432237 0.35220116 1.0
514.3710541034751 -367.63247709631446 -999.0 -999.0 0.3423774 1.0
342.46191464810335 -243.1067487969913 -0.052063 -0.206755 0.19433485 1.0
325.28014023276774 -227.94685749992257 -0.023835 0.726547 0.18003578 1.0
372.9204298526017 -261.5593581473606 -999.0 -999.0 0.21388698 1.0
414.615603867103 -290.19489766424897 -999.0 -999.0 0.24428248 1.0
371.6468919316963 -257.6814226686882 -999.0 -999.0 0.2096365 1.0
393.49067238096706 -320.46690392153687 -0.086002 -0.377115 0.287607 1.0
307.2364531989345 -249.1425134237998 -999.0 -999.0 0.20509247 1.0
315.29111058475746 -254.38693120449912 0.446409 -0.020004 0.21046728 1.0
385.20253837399616 -301.35374758095384 0.209802 -0.131496 0.2634605 1.0
400.02177562932326 -312.9527081740891 -0.347582 -0.147565 0.27680144 1.0
437.9445789812572 -342.0138535680319 -999.0 -999.0 0.31442556 1.0
337.5963701696132 -261.46187195754277 -0.121514 0.299859 0.21734959 1.0
483.5167672057103 -373.0781088507078 -0.344771 0.324307 0.35859746 1.0
436.26961625030873 -328.3175539354251 0.082639 0.03487 0.29649186 1.0
426.39181243865283 -314.8840866998389 -0.08245 -0.083734 0.2791079 1.0
379.3876336723076 -279.0805531824373 -0.315226 -0.015587 0.23767555 1.0
448.3746483518455 -328.1457984703302 -0.138436 0.152258 0.29729745 1.0
435.8817037942968 -314.00280677899667 0.28684 -0.290546 0.27935323 1.0
368.36445210962927 -259.18353219716107 -999.0 -999.0 0.2148917 1.0
531.1620528668354 -366.51867868036373 -0.167815 0.293883 0.35090742 1.0
524.6537679335751 -361.8756897561236 -0.212568 -0.197625 0.34344295 1.0
439.9942861038561 -359.75422847114066 -0.04547 0.001024 0.34773913 1.0
390.0044647176544 -319.6667060350821 0.045208 0.070168 0.291083 1.0
396.123305895043 -318.50281438985456 0.428699 0.04523 0.2916527 1.0
444.88914663721414 -356.62700270714606 0.038999 -0.026019 0.34210002 1.0
272.04654260855864 -217.51089861248593 0.289791 0.096092 0.17500305 1.0
364.901334594427 -287.6588172316642 0.586079 0.290148 0.25177175 1.0
366.48386013079215 -288.1385959217469 0.071236 -0.00726 0.25212765 1.0
366.4529905651521 -287.18571530446224 -0.05725 0.160745 0.25115463 1.0
320.4666885464028 -239.0965669850609 0.43025 0.200839 0.19740918 1.0
329.28312063382805 -241.44775271871293 -0.026971 0.003481 0.2011557 1.0
478.4178482941122 -344.6637487646434 0.181186 -0.031301 0.32591477 1.0
481.6753253035452 -347.5092353508141 -999.0 -999.0 0.32920253 1.0
383.23951405892024 -274.01438550651324 -0.097769 -0.092017 0.23657906 1.0
386.0454232899694 -274.96864475060653 -0.109976 0.20648 0.23652518 1.0
388.04118155868196 -273.97781964826345 0.151139 -0.117865 0.23601463 1.0
391.3165757881159 -274.2731286434778 0.196805 -0.392041 0.23668087 1.0
429.9352032579453 -296.5167564185346 0.119495 0.336724 0.26390296 1.0
430.77759069542304 -296.7930700215147 0.116788 0.161388 0.26334965 1.0
375.9874201070103 -254.96851660641798 -0.364325 0.184544 0.21533746 1.0
374.0027714216603 -254.00807145306507 -999.0 -999.0 0.21377485 1.0
410.42491397911414 -274.59363619535304 -0.066787 0.028399 0.23699333 1.0
403.0691611638345 -269.4735721359928 -999.0 -999.0 0.22991148 1.0
504.7163991128703 -334.9454855111467 -0.138697 0.324611 0.31135362 1.0
510.8996960976179 -334.089976542796 0.474687 -0.541784 0.3106864 1.0
394.3910904132689 -316.70225744488255 -0.209958 -0.563641 0.2945827 1.0
396.6291591239737 -317.88593969561595 0.20267 0.322301 0.2964831 1.0
397.9376156191452 -317.00881614491277 -0.022102 -0.176016 0.29437009 1.0
445.01789873131906 -353.2916453204591 0.214318 0.101424 0.34402007 1.0
276.9687538101981 -213.69222418286725 -0.376371 0.168579 0.17532578 1.0
370.17735273757626 -282.63762735458374 0.21309 -0.174385 0.2512349 1.0
299.07550647224593 -226.65200179839056 -0.32006 -0.080517 0.18900327 1.0
336.3733330451308 -254.642264807939 -0.021903 0.476876 0.21776465 1.0
373.0095160244523 -280.1441458756227 -0.210456 0.019805 0.24816085 1.0
342.31804477791127 -252.03681260246228 0.237315 0.465625 0.21568723 1.0
369.52712501758106 -272.08452843851114 0.079394 -0.062733 0.23815665 1.0
369.5504383226188 -269.1502353226618 -0.012663 0.339149 0.23445843 1.0
483.9209401555265 -344.9320348863543 -999.0 -999.0 0.33305857 1.0
488.5784569441541 -346.29494342073536 0.087533 0.204376 0.33509058 1.0
381.96234727554565 -269.8447525892913 0.200409 0.149115 0.23500697 1.0
370.5401585171447 -257.0753770635809 0.339545 -0.026393 0.22114731 1.0
394.8045314797685 -272.6476769482261 0.208421 0.006222 0.23842439 1.0
390.99548503122674 -270.06587430523575 0.222115 -0.040497 0.23546307 1.0
501.1632265530676 -343.8008519980475 0.151798 -0.089027 0.33209178 1.0
388.54514759955043 -267.6527358256617 -0.368228 -0.318094 0.23238614 1.0
401.08709315482486 -272.13699263176017 -0.016618 0.061508 0.23937327 1.0
362.6144300873802 -246.8325838046371 -0.250734 0.474432 0.20918424 1.0
376.0203858667739 -253.25715232184098 -0.150864 -0.012248 0.21686423 1.0
387.3979742568503 -260.18843854589414 0.008801 -0.306277 0.22533225 1.0
375.4572227258917 -251.2813705545745 0.070988 0.087997 0.21490489 1.0
489.6339579340973 -327.5557415102426 0.16412 0.005852 0.30923074 1.0
405.22779855170864 -268.3397428688953 -0.150994 -0.080038 0.23440863 1.0
367.1220016183456 -242.30228922489854 -0.140187 0.131341 0.20519921 1.0
294.455484707756 -212.58476702367005 -0.81173 0.320905 0.17709823 1.0
444.3466166477723 -320.872394800482 -0.024359 0.021896 0.30465516 1.0
478.79945105292774 -318.4643177802141 0.200022 -0.059037 0.30171448 1.0
316.4017252440548 -208.66061107427225 0.174773 -0.173901 0.17258236 1.0
512.9157826203739 -329.7713649288666 0.11839 0.19857 0.31670147 1.0
449.91416671315113 -352.52687683142335 0.083546 0.298685 0.3591896 1.0
399.38475437766533 -308.93391594312016 -0.130501 -0.078348 0.29602274 1.0
268.7239011540816 -204.22227142022507 0.297815 0.188143 0.17203178 1.0
269.6182086842991 -203.9170813203769 0.14024 -0.285532 0.1721174 1.0
320.89481517250385 -241.80543666960324 0.114006 -0.34204 0.21139924 1.0
322.09064484298165 -241.9395730197074 0.133427 0.053956 0.21211544 1.0
455.60653436312555 -336.5391944821774 0.149123 0.179585 0.3371549 1.0
440.80966114018446 -323.3886429999698 -0.108603 -0.263114 0.31545046 1.0
448.0600764211953 -324.38352981007034 0.185031 0.086025 0.31870553 1.0
361.47267286801434 -260.5737747257441 0.062327 -0.085957 0.2347792 1.0
445.7871919950785 -321.8524199255819 -0.042254 0.039629 0.31528 1.0
278.4096507930689 -197.96087964369426 -0.012145 0.093082 0.16487052 1.0
301.83863335954993 -212.73640525263775 -0.212329 0.273376 0.18033896 1.0
485.52604471669554 -329.6139083844855 0.182242 0.076178 0.32602215 1.0
500.1318308892863 -338.04356515698754 -0.010762 -0.090496 0.33894065 1.0
493.55974161345114 -333.8414845189111 0.01352 0.011299 0.33097428 1.0
321.8726632486163 -216.86281021278276 0.029361 0.052543 0.18473637 1.0
497.8221662058353 -334.3068890743634 0.237374 0.323158 0.33110347 1.0
504.69347292913767 -333.2540905423474 0.138697 0.083147 0.33062604 1.0
375.70827417977995 -247.55767199859912 -0.286656 -0.609969 0.21811587 1.0
462.1354146151605 -301.9322741034265 -0.170126 0.057428 0.28702417 1.0
313.77058852147843 -205.3983383313553 -0.158689 -0.358978 0.1727045 1.0
380.4986325110126 -246.9183945700446 0.489684 -0.048468 0.21814327 1.0
379.6844617785089 -246.1769033416426 0.203368 0.210257 0.21661727 1.0
557.6696469532549 -352.4595158413539 0.287275 0.081497 0.35856706 1.0
439.5063273035058 -365.8174647344714 -0.356317 0.183541 0.344208 1.0
426.23961952937816 -341.56804588648026 -0.176551 -0.32631 0.3126984 1.0
329.14211488525956 -262.345550246667 -0.355168 0.045751 0.21731362 1.0
440.8282014899189 -350.1022674731785 0.144821 -0.114848 0.32283637 1.0
415.77236642597455 -320.05624401430725 0.119634 -0.041334 0.2844122 1.0
472.0178350237379 -357.9493173663518 0.060536 -0.288233 0.3344679 1.0
512.1717917223426 -369.18407475747347 -0.233508 0.285236 0.34754446 1.0
431.32236954590195 -290.9327404507304 0.008346 -0.068396 0.2474334 1.0
403.77177682241273 -331.36581360686256 0.236522 -0.22203 0.30524874 1.0
414.419761369038 -334.96390694020687 -999.0 -999.0 0.30883372 1.0
443.96088061489326 -357.74614517907105 0.096919 0.181628 0.34199548 1.0
449.81624978053793 -361.8378977749676 -0.122957 0.366131 0.34624606 1.0
439.6190231113825 -347.6631105423639 -0.043996 0.210088 0.32739964 1.0
436.21235416567026 -340.0548350356981 0.103386 0.643212 0.31497484 1.0
437.6855959479553 -340.7750103705302 0.000767 0.140738 0.31625277 1.0
438.4249825919345 -340.18322161042016 -0.181915 0.139421 0.3149635 1.0
345.75646907570825 -259.7566627487102 0.009191 0.004173 0.21698253 1.0
480.0203469293184 -353.61610390330094 -0.030031 -0.241415 0.33560857 1.0
361.0995341528282 -261.0544365520135 -999.0 -999.0 0.21928266 1.0
372.8676427647722 -269.34961059032116 -999.0 -999.0 0.22927539 1.0
391.30023161108846 -282.11905559468426 -999.0 -999.0 0.24221739 1.0
392.910954441185 -282.4844686607756 -999.0 -999.0 0.24268582 1.0
396.37933657363277 -276.3032910775511 -999.0 -999.0 0.23689167 1.0
434.30071123202646 -300.3688889129092 -999.0 -999.0 0.26482776 1.0
373.91897476920803 -254.8081172799466 -999.0 -999.0 0.21316104 1.0
490.98627052872655 -334.48395311577696 -999.0 -999.0 0.3093514 1.0
425.1584984676085 -288.52132735059655 0.122583 0.044268 0.25124675 1.0
390.08994670363643 -265.49128495144697 -0.067956 0.108653 0.22334155 1.0
497.80991732777363 -336.40716289743864 -999.0 -999.0 0.31189927 1.0
321.6682627959224 -213.59074675189603 -999.0 -999.0 0.17066255 1.0
340.7212269335309 -275.7955041362382 0.173783 -0.23438 0.24026872 1.0
366.93896238779604 -294.26271766977936 -0.117318 0.018615 0.26237863 1.0
359.6562936310279 -270.62711322291875 -999.0 -999.0 0.23501745 1.0
354.820187390659 -266.1266761033265 0.039092 0.110436 0.22953147 1.0
308.3618985065951 -227.04157499077252 -0.252472 0.166289 0.18773176 1.0
444.8951887545543 -321.6587651351639 0.147124 -0.010678 0.2972663 1.0
485.43640185059047 -346.978816029052 0.099525 0.073897 0.33244663 1.0
497.972366168222 -353.280642312749 -999.0 -999.0 0.34114352 1.0
321.1931569746369 -225.0979386516064 -999.0 -999.0 0.18548155 1.0
387.6945466292951 -270.7410233046606 -999.0 -999.0 0.23418859 1.0
391.4341766823417 -266.5792714564004 -0.079576 0.237834 0.23090772 1.0
374.9736625053867 -252.76218177141126 -0.017279 0.132069 0.21463937 1.0
488.67487304735954 -329.4595328434143 0.020323 0.552613 0.30851987 1.0
434.45246990533957 -293.95831741388207 0.117392 -0.234987 0.26117292 1.0
434.78598717711577 -292.80401625224283 -0.511811 -0.114623 0.25972816 1.0
440.11547076223985 -348.6179514285822 -0.122018 0.091249 0.34387594 1.0
404.1856577891766 -322.3060987831982 -0.06432 -0.136437 0.30310413 1.0
444.00676154057237 -348.9132285303196 0.457265 -0.170685 0.34320122 1.0
298.0978640923109 -225.59885174721953 -0.428645 -0.056236 0.18888621 1.0
442.448067364187 -332.31633419302057 -0.307974 0.176996 0.31922674 1.0
439.03786530488935 -328.9687951180448 -0.236383 0.057657 0.31420934 1.0
387.2571363055931 -287.93771660376257 -0.110988 -0.170833 0.2595904 1.0
447.6864962177467 -333.50823440366605 -0.050331 -0.23407 0.3198412 1.0
487.89534726936466 -342.7061335992647 0.286333 0.089666 0.3339303 1.0
424.0287578909364 -294.52030130377864 -999.0 -999.0 0.26725876 1.0
372.2462610785049 -256.4024100947839 -999.0 -999.0 0.22279209 1.0
320.60884081428355 -219.61948477632163 -999.0 -999.0 0.18320118 1.0
425.6786401310993 -290.06501380740025 -999.0 -999.0 0.26272494 1.0
340.26146463587384 -231.83543442659317 -999.0 -999.0 0.19562006 1.0
382.5318197562919 -260.309851532894 -999.0 -999.0 0.2270805 1.0
408.487906537956 -276.52884068893275 -999.0 -999.0 0.24692844 1.0
295.6044560677954 -200.36300213075617 -999.0 -999.0 0.16303602 1.0
461.0988491733056 -309.14965369248756 0.23027 0.045614 0.28841385 1.0
385.8986775800317 -258.2195711205834 -999.0 -999.0 0.22374186 1.0
376.63446888134627 -250.1165065686861 0.079595 0.006343 0.21547736 1.0
433.7490566085132 -288.3826567583194 -0.25668 0.207613 0.2608132 1.0
387.1285342070109 -257.43352365457434 0.015139 -0.400758 0.22285417 1.0
511.60912018039954 -330.44742758452804 -999.0 -999.0 0.31636816 1.0
513.3672938482732 -330.28469539055584 -999.0 -999.0 0.31717893 1.0
408.82880988250173 -319.5575818582314 0.191884 -0.050603 0.30615765 1.0
267.58468411407796 -206.50424925827625 -0.271978 0.024819 0.17236869 1.0
309.9370847164206 -239.2961474984193 0.393132 0.010102 0.20775558 1.0
266.44260547387273 -205.10941745295995 -0.020849 0.07558 0.17114392 1.0
267.69342686651714 -204.8094228465505 -0.230304 0.084587 0.17148775 1.0
317.03687002544314 -242.93799567237838 0.058148 -0.040019 0.21129863 1.0
275.7002849215318 -208.4554624027701 -0.056526 -0.029356 0.17435805 1.0
321.18145888392706 -242.03580082165806 0.044745 -0.075623 0.2116312 1.0
303.65333363611234 -225.78558436443353 -0.693078 0.144953 0.19235143 1.0
437.19920787886247 -321.46370377378975 -0.189901 -0.05509 0.31079876 1.0
289.79141992104155 -210.81234404763754 -0.451187 0.182861 0.17622615 1.0
429.6581613369657 -284.82400805766343 -0.130213 -0.138451 0.26235604 1.0
370.3931275290161 -244.51758409869623 -0.103255 0.160604 0.21415082 1.0
299.67348856508926 -194.33193682172006 -0.078588 0.232238 0.16084881 1.0
265.57486162551953 -200.7042645927862 -0.148401 0.076273 0.16934526 1.0
408.72575416288197 -308.58037258050064 -0.215822 0.002253 0.29772648 1.0
273.28031581248814 -203.95970851406472 -0.154625 -0.193711 0.17233267 1.0
408.0185519305651 -293.29912812591334 -0.033871 -0.153746 0.27711648 1.0
271.1102715724143 -208.24668674583666 0.05839 0.003668 0.1803602 1.0
398.24715850386673 -303.0633152034581 0.187755 -0.011103 0.29714793 1.0
369.81703362940874 -278.1698962378954 -0.069037 -0.200919 0.26403034 1.0
321.6786139818176 -236.144105622028 -0.000374 0.273618 0.21139915 1.0
457.42460801832243 -325.9690548107036 -0.350255 0.074015 0.33018243 1.0
463.7771236495334 -330.63220293295365 0.188067 -0.054766 0.33464676 1.0
489.84232244788063 -347.1898950702288 0.327445 -0.363497 0.3596267 1.0
481.75072855444995 -324.571594004259 0.16266 -0.168832 0.3260307 1.0
482.76244892444066 -325.9635093373042 0.153286 -0.10623 0.32666522 1.0
481.6409194914845 -325.703827009278 0.330893 -0.096968 0.32547012 1.0
448.51591592687686 -300.6853907247742 -0.031363 0.19699 0.29201344 1.0
487.1791145355082 -324.4671568498067 0.143471 -0.060161 0.32641193 1.0
322.8606605133452 -212.38167673259113 0.180486 -0.264377 0.18351047 1.0
473.8947317429275 -310.72010173416413 -0.008291 0.369433 0.30436257 1.0
475.32629232035464 -311.92387813835234 -999.0 -999.0 0.30457488 1.0
429.23385918605663 -280.16265167048385 0.375447 -0.102837 0.26254505 1.0
475.53508884753626 -308.52307075797466 -0.026496 0.097425 0.30275574 1.0
459.14976488304296 -297.48290551505016 -0.137676 -0.01166 0.28691775 1.0
322.26372787362465 -209.31860430265502 0.266882 -0.017786 0.17922468 1.0
435.05012978518243 -282.0026067155043 -0.079305 0.015316 0.2647236 1.0
373.860313612414 -240.29241321384595 -0.494648 0.531295 0.21354036 1.0
380.78763441401026 -243.67751336411112 -0.188496 -0.092269 0.21823098 1.0
409.1257350455294 -308.6700756774376 0.099251 -0.111801 0.31184232 1.0
441.89077076969085 -332.1289283730016 0.27524 0.289167 0.34715912 1.0
399.07199750913634 -299.23387319305976 -0.05397 -0.397038 0.29717427 1.0
485.6951954190834 -335.565827174548 -0.358191 0.557235 0.35254693 1.0
306.55710134120363 -205.40226376883666 0.322407 -0.254926 0.17975119 1.0
410.56916215575615 -269.9282226123757 -999.0 -999.0 0.25654587 1.0
299.38851318920786 -197.10251159948115 0.536745 0.059393 0.17036821 1.0
411.3055069373932 -270.5784960796392 -0.048393 -0.342242 0.25708902 1.0
390.3285664832259 -255.0081114994527 0.018128 0.323616 0.23758487 1.0
370.0328322080442 -242.1963449154888 -0.205183 -0.075909 0.22048363 1.0
453.6924735172219 -293.74510649206377 -999.0 -999.0 0.28720117 1.0
454.2415494765896 -294.43277560741546 -999.0 -999.0 0.2869321 1.0
376.1449221283576 -241.89957934522175 0.036403 -0.004419 0.22092196 1.0
376.5854304500817 -240.73024571895047 0.0597 0.009369 0.22017081 1.0
379.88008230699387 -241.2730704240028 0.072442 -0.392886 0.22008859 1.0
383.74845826710987 -242.42108433015335 -999.0 -999.0 0.2212262 1.0
394.66450091195424 -246.6523766263533 -0.048054 -0.113389 0.22501083 1.0
399.161262314633 -294.8128739942451 0.020817 -0.03883 0.29736695 1.0
435.0294757545016 -305.9611234858387 -999.0 -999.0 0.31224486 1.0
433.59594729939266 -305.12218772000637 0.423862 -0.04409 0.31071475 1.0
432.4455589080133 -304.0890524622255 -0.137652 -0.074512 0.3093244 1.0
478.56262530812074 -321.62832586603247 -999.0 -999.0 0.33843923 1.0
491.2055044291408 -331.2076473539091 -0.235113 0.298556 0.3501144 1.0
344.19927121748736 -227.84990638638527 0.121748 -0.271319 0.21007535 1.0
292.90693351715066 -191.450485744474 -0.233603 -0.027856 0.1682488 1.0
298.3172581815385 -194.03276930535654 -0.714108 -0.352261 0.17120486 1.0
376.759941160611 -245.11628802008622 -0.138929 -0.057303 0.2285277 1.0
303.03006275234424 -195.49687028989803 -999.0 -999.0 0.17237939 1.0
384.419119910531 -246.35105084423645 0.157417 0.267826 0.23220581 1.0
374.2509358407642 -239.11260892251258 0.097938 0.166131 0.223085 1.0
363.7121862799561 -232.52274319464888 -0.018036 0.160302 0.21336238 1.0
369.9022723376162 -234.647699593916 -0.041882 -0.015274 0.21760082 1.0
377.3636872264739 -240.09718890198315 -999.0 -999.0 0.22320604 1.0
380.4750641368262 -242.23348095773724 -999.0 -999.0 0.22558157 1.0
374.28799757943534 -237.38276364365262 -0.258282 -0.137907 0.22067982 1.0
376.94420402735085 -238.92210954985194 0.181219 -0.04 0.22258542 1.0
378.0236061220629 -239.06069360266832 0.137911 -0.189378 0.22198866 1.0
379.9672536741245 -239.7913455953181 -0.152289 0.275007 0.2233592 1.0
308.46476546063144 -192.64393222221722 -0.139524 0.217089 0.16843586 1.0
428.29458423354424 -264.8635246385838 -0.31621 -0.213642 0.2531559 1.0
326.03960147330537 -234.47893440321462 -0.017515 -0.148915 0.22214289 1.0
288.00799587960137 -205.74678362219134 0.030576 0.817902 0.18926391 1.0
324.7121502860533 -226.15396915735695 0.154211 0.24679 0.2127643 1.0
417.9813307112336 -291.94165915831064 -0.010496 -0.229243 0.29915017 1.0
427.06812649882494 -294.44883695862404 0.545238 -0.241888 0.302634 1.0
394.16961707319234 -266.69737613383006 0.157107 0.034921 0.2646886 1.0
403.6260342294722 -272.07086028700166 -0.022345 -0.160141 0.27077684 1.0
349.5816717911498 -235.21504640727878 0.223847 -0.364014 0.22281764 1.0
456.9155287028776 -305.74257227107887 0.22809 -0.113548 0.3187594 1.0
433.2211558624823 -283.9481078388928 0.180891 0.032863 0.28857002 1.0
289.2467001653336 -185.91961543402763 -0.44416 -0.283325 0.16463137 1.0
287.66621559821584 -184.15306103946784 -0.059744 -0.069998 0.16265981 1.0
291.3007569111321 -186.53086825095784 0.089694 0.359314 0.16514733 1.0
304.82908873343445 -194.00645971004033 0.234184 0.251427 0.17372584 1.0
435.0623442647677 -276.2295780988461 0.015996 -0.234259 0.27522582 1.0
416.8798271686616 -261.0991826672268 0.143464 -0.167797 0.25555447 1.0
391.24300712609136 -245.53883251931225 0.141679 -0.378427 0.23387174 1.0
380.7409387662893 -235.04333174377024 -0.349825 -0.176046 0.22177799 1.0
379.15204628689673 -234.09073188479016 -0.075429 0.246001 0.2204878 1.0
516.7783259096152 -317.0204454032799 -0.324102 -0.263445 0.33699057 1.0
381.44324952334676 -232.68329533412782 0.28981 -0.088033 0.21921217 1.0
506.4940400008455 -307.51874122877126 -0.002166 0.083719 0.3225104 1.0
313.124868644084 -189.8559169685887 0.09101 0.072505 0.16824715 1.0
423.00564427448546 -324.7488726402761 -0.343407 -0.115307 0.32367253 1.0
291.5008409489729 -215.04671340408086 -0.257403 0.3037 0.18478556 1.0
306.68759289379835 -224.4970690226285 0.420384 -0.008612 0.1959152 1.0
448.26664242074963 -319.7856870718657 0.121521 0.041116 0.31705672 1.0
414.4413739746191 -309.62125601422485 -0.50378 0.079278 0.30816132 1.0
458.0204442255993 -339.94822545335427 0.009236 0.096992 0.35602352 1.0
396.77566648306413 -288.4012867518631 0.354036 -0.476513 0.2851362 1.0
426.1323125634037 -306.1527488544404 -0.109415 0.129478 0.31037372 1.0
291.0583903201192 -213.72306548707704 0.051975 -0.043571 0.19562988 1.0
292.0083730046251 -214.04517630020132 0.148672 0.322587 0.19593963 1.0
429.57420913079875 -292.8820459728041 -0.34178 0.105295 0.29775223 1.0
459.6169682331116 -312.30198448571684 0.429236 -0.530567 0.32801545 1.0
322.22092199312857 -224.61166353473612 0.031988 -0.165944 0.21241768 1.0
383.3012016408864 -267.5119615232639 -0.777836 0.14341 0.26728684 1.0
332.5833965453281 -231.58149099666366 0.012857 -0.158102 0.2201998 1.0
333.403075163148 -230.59185562003287 0.126308 -0.509988 0.21964614 1.0
437.3456815989004 -289.14549829181965 -0.481887 -0.232558 0.3028169 1.0
314.7091251413172 -191.37004535443003 0.496969 0.457487 0.17402598 1.0
364.35715373308057 -219.55396080656013 0.028246 0.156751 0.2063754 1.0
535.9812276789844 -319.1520457384972 -0.038528 -0.125888 0.34556338 1.0
426.81910378624417 -304.69314864413565 -0.10422 -0.167827 0.32626802 1.0
393.0772233840449 -280.3963580877508 -0.203264 0.196845 0.28907067 1.0
380.3373834782516 -265.83142586499486 0.196752 0.161455 0.26759562 1.0
292.7392935638298 -204.28652008968473 -0.284279 -0.467945 0.19007139 1.0
331.35108167403473 -228.6559251911757 -0.156692 0.619582 0.21893992 1.0
323.7662068638582 -223.65789284866153 -0.381787 -0.296632 0.21143848 1.0
388.57829434790466 -230.53917685070633 0.216727 0.172274 0.22247608 1.0
384.49184892546003 -228.55777113064235 -0.023603 0.13703 0.21951032 1.0
279.10662059745283 -199.65220203715054 0.077863 0.246504 0.16503885 1.0
362.27379680684555 -256.38963270013437 0.064085 0.466545 0.22676723 1.0
514.7213379073569 -353.68894735162536 0.531744 0.241079 0.35725492 1.0
373.1840322111241 -255.10787202846848 0.002479 -0.066475 0.22533362 1.0
494.8814297769745 -336.5555875747831 0.212795 -0.310332 0.33142444 1.0
390.51326829716885 -261.79928196525316 -0.116372 0.092112 0.23276874 1.0
370.45935523647137 -244.9759407500962 0.160135 -0.402821 0.21399501 1.0
370.16034421831364 -245.56295638173685 -0.017502 -0.0574 0.21305628 1.0
530.0558766060805 -350.985139797185 0.178333 -0.099677 0.351514 1.0
381.1268388055733 -250.02663909032904 0.309798 0.438226 0.21950036 1.0
487.4795343264987 -320.5445489132755 0.25319 0.306249 0.307619 1.0
379.3440762255074 -248.04088947857005 -0.079319 -0.036121 0.21778126 1.0
408.3297779152829 -287.152131343184 0.135865 0.15513 0.27051574 1.0
302.9928091317768 -208.01183801550383 -0.260377 -0.087331 0.17707789 1.0
427.89093498626164 -281.0141807697707 0.435258 0.067176 0.2615274 1.0
380.58456096951227 -244.36545766800552 -0.075034 -0.218748 0.21755236 1.0
381.542412714289 -245.35727045424446 -0.068078 -0.08234 0.21768372 1.0
414.8469921466925 -264.5046855376224 0.133063 0.053376 0.24054989 1.0
303.83087163074055 -192.47448493563985 0.06296 -0.093978 0.16098987 1.0
532.7032990221223 -336.37632375670387 -0.001896 0.138976 0.3380646 1.0
328.7651758459929 -225.28963645240128 0.09779 0.198518 0.20061223 1.0
287.4884488817268 -195.18473270244286 -0.187749 -0.026232 0.16719618 1.0
305.76302602060616 -202.84541100759222 -0.254075 -0.215579 0.17555517 1.0
299.2007991700419 -197.51626899710163 -0.0524 -0.169544 0.16966689 1.0
477.3034199751104 -307.17625755500217 0.101412 -0.169489 0.30384976 1.0
309.28610352842185 -194.1220277857441 0.243848 0.4921 0.16459349 1.0
374.2662099795195 -259.4128455029156 -0.114849 -0.24214 0.24450877 1.0
275.1946495291145 -188.93966119398843 -0.020239 0.018305 0.1641165 1.0
486.2544423195067 -330.9936177978118 0.181252 0.195912 0.34746727 1.0
296.4721233878967 -195.05575195387877 -0.037527 0.052247 0.17006302 1.0
310.84373432704825 -196.57241604804727 0.050916 -0.009267 0.1717572 1.0
486.56163950268075 -308.51158507390477 0.098325 0.073925 0.31074336 1.0
442.03554046108866 -278.6695695567711 0.254199 0.072785 0.26800486 1.0
443.74166306321945 -274.22844085016555 0.021842 -0.331997 0.2622039 1.0
501.1689370138563 -332.47535203179547 0.210618 -0.110293 0.35716313 1.0
386.90681980010396 -250.28060314916465 -0.101978 0.146546 0.23930988 1.0
406.3566699245836 -261.23744495887985 0.084653 0.239127 0.2529724 1.0
504.1991394643618 -317.5597454850825 0.187848 0.041837 0.3337715 1.0
310.45613644652013 -194.11782227444007 0.053307 0.115848 0.17277099 1.0
484.3333821421436 -318.9218924488545 0.301245 0.059917 0.34609786 1.0
457.66821486878314 -302.76620933796136 -0.06335 0.030545 0.31806156 1.0
282.3088368098951 -182.3487233544534 -0.140954 -0.279579 0.16338873 1.0
479.9854410462842 -310.16418037184513 0.106941 -0.013176 0.32938024 1.0
305.8414210138152 -192.35180775050813 -0.185653 0.171114 0.17455965 1.0
304.5219818580502 -191.74607136548357 -0.104101 -0.051208 0.17347221 1.0
371.2225577546372 -233.58717197200332 0.102148 -0.072699 0.22276798 1.0
375.7899484470948 -235.95508120014165 -0.33982 0.74939 0.22633988 1.0
479.19313702196376 -296.6392066185329 -0.174945 -0.040095 0.30906323 1.0
510.9249788741822 -315.9611472797229 0.302373 0.058387 0.33717713 1.0
511.418131125396 -316.1882730899773 0.526809 0.398206 0.3368673 1.0
312.4232660221723 -191.33257780176234 0.423639 -0.474585 0.17297776 1.0
376.28425205746396 -230.73772621174376 -0.087877 0.404106 0.21832372 1.0
313.072269975343 -189.68562875296612 -0.134674 0.029857 0.17070544 1.0
520.632975942189 -310.6422904481758 0.10604 0.106695 0.3307168 1.0
463.8614520221376 -278.2411023927065 -0.069503 -0.0541 0.27940574 1.0
276.7729812906439 -245.66458792550304 -999.0 -999.0 0.1834933 1.0
406.23374761450924 -359.0019422903354 -999.0 -999.0 0.30490276 1.0
413.0329414609653 -360.9040789765589 -999.0 -999.0 0.30686867 1.0
406.2718302346686 -352.07676165105096 -999.0 -999.0 0.2958923 1.0
430.5243414424884 -369.4154384941431 -999.0 -999.0 0.31861484 1.0
418.4780503431179 -357.8616147774684 -999.0 -999.0 0.30239666 1.0
434.12175024534406 -367.79966245403324 -999.0 -999.0 0.31480175 1.0
443.97028243335933 -373.04866937554067 -999.0 -999.0 0.3218183 1.0
312.9290585563335 -254.29719392862987 -999.0 -999.0 0.19233866 1.0
348.4792824108158 -278.10110317667113 -999.0 -999.0 0.21578918 1.0
360.8389333390676 -273.8255153583412 -999.0 -999.0 0.21182711 1.0
432.9301043669812 -380.795666672335 0.309126 0.216965 0.3379257 1.0
318.81676923415 -257.3864004322599 -999.0 -999.0 0.19888164 1.0
349.80777276210523 -281.47452357223256 -999.0 -999.0 0.2227336 1.0
322.9497710649963 -259.38103554075343 -999.0 -999.0 0.1996886 1.0
320.55962584814233 -255.68255506793028 -999.0 -999.0 0.19624649 1.0
417.1806110894904 -325.35580675266715 -999.0 -999.0 0.2717978 1.0
417.3948318456689 -325.46874736685675 -999.0 -999.0 0.2717009 1.0
356.97143692109216 -274.0606007296867 -999.0 -999.0 0.21448207 1.0
326.1409012887056 -247.9883494468661 -999.0 -999.0 0.19019061 1.0
319.1312478188069 -239.46463819637816 -999.0 -999.0 0.18187948 1.0
362.00368310829305 -269.92051901066014 -999.0 -999.0 0.21142355 1.0
439.0214923033724 -326.2976566351668 -999.0 -999.0 0.27368906 1.0
269.95631187334374 -228.23085254285115 0.017484 0.252041 0.17285305 1.0
313.6880346552497 -263.2916668964521 -0.268564 0.158401 0.20684464 1.0
436.7386924639585 -358.2171008184954 0.28404 -0.02122 0.31569296 1.0
441.3933826249129 -358.11476275803545 -999.0 -999.0 0.31522357 1.0
351.77774549764956 -273.08731127856294 -999.0 -999.0 0.21759589 1.0
435.58906271180786 -338.739069089651 -999.0 -999.0 0.29096666 1.0
352.6711301376854 -272.59169955758193 -999.0 -999.0 0.21772489 1.0
383.35609502971784 -285.6993917468042 0.160109 -0.102473 0.23217788 1.0
383.5240324262671 -285.15491084666263 0.418772 -0.23213 0.23127183 1.0
366.89119486029216 -269.5454298485886 0.052352 0.003811 0.21437044 1.0
340.65532335031435 -249.25836971484807 0.176097 -0.150634 0.1949459 1.0
490.1873860146663 -357.7279152272296 0.007606 0.128395 0.3182697 1.0
530.3718719211113 -388.04823489481606 -0.04432 -0.232452 0.3572935 1.0
340.83964598681536 -248.79559358495797 -999.0 -999.0 0.19374807 1.0
402.95694069050495 -338.82594227410306 -999.0 -999.0 0.29691088 1.0
379.54304981564013 -312.3106580338394 -0.205572 0.011937 0.26488096 1.0
381.58073095918786 -312.3797498906089 0.126443 0.245253 0.2660441 1.0
315.9648854139827 -257.7114401097314 0.064626 0.050379 0.20587194 1.0
329.75493129455333 -268.37959092023084 -0.131573 0.512659 0.21592599 1.0
464.3400131384367 -376.53331739626236 -0.075635 0.223192 0.34663218 1.0
352.9779231022923 -278.65782620254913 0.037641 -0.106658 0.22789001 1.0
354.354000997959 -280.0321037916631 0.10568 0.254706 0.22901994 1.0
439.9704097964924 -343.13892080931527 -0.106623 0.366901 0.30424243 1.0
361.2756502801524 -279.1602421725104 0.110018 0.239471 0.22876163 1.0
380.57840254354267 -294.3599760336311 -0.130266 -0.098957 0.24479198 1.0
381.23717204752995 -294.75366059289985 -0.277725 0.097069 0.24555086 1.0
462.13996539122314 -352.36988511538163 0.013626 0.076194 0.31611964 1.0
419.12260046563574 -320.51491298515344 -0.458506 -0.18572 0.27443373 1.0
439.28737414072367 -331.0733830160421 -999.0 -999.0 0.28756252 1.0
480.07404853052225 -358.338228143528 -999.0 -999.0 0.3223693 1.0
473.58467564248724 -351.49539481194324 -999.0 -999.0 0.3156159 1.0
427.34981740272946 -313.0136989273485 0.068723 0.146153 0.26706085 1.0
520.6144721502849 -378.6191745522557 0.027086 0.322672 0.3523701 1.0
340.74534996858324 -246.350731369414 -999.0 -999.0 0.19431023 1.0
499.14961747922047 -357.7657715679566 -999.0 -999.0 0.32359648 1.0
365.6528014161939 -261.02933491184825 -999.0 -999.0 0.20956889 1.0
368.8428025379552 -263.5960265506882 -999.0 -999.0 0.21194245 1.0
403.0688446740199 -286.4304949362275 -999.0 -999.0 0.23756762 1.0
309.84273687658754 -251.4899473515754 0.012784 0.026479 0.2023282 1.0
429.6798405662326 -381.6470155102234 -0.12912 -0.008549 0.33594364 1.0
279.8691121227719 -246.3788645619541 -999.0 -999.0 0.18480892 1.0
409.26460548219825 -357.9459029404029 -999.0 -999.0 0.30554926 1.0
418.9140722509209 -361.3335323466466 -0.056171 0.109803 0.3106667 1.0
427.6801060541147 -365.8077607653932 -999.0 -999.0 0.31538615 1.0
305.0960698101492 -254.37298948245999 -999.0 -999.0 0.19349681 1.0
443.0532746459614 -350.27906033241885 -999.0 -999.0 0.29792342 1.0
322.75374423359045 -249.33408498767554 -999.0 -999.0 0.1899567 1.0
430.2839026433566 -329.59804230761006 -999.0 -999.0 0.27441576 1.0
348.21085627607897 -266.3767111013483 -999.0 -999.0 0.20554723 1.0
430.8557101135011 -328.1372680363066 -999.0 -999.0 0.27086198 1.0
369.705967929983 -279.6626078565606 -999.0 -999.0 0.220263 1.0
360.2495546405594 -272.30073082203825 -999.0 -999.0 0.21234071 1.0
350.234505962514 -263.1935022930259 -999.0 -999.0 0.20283604 1.0
377.36516728119096 -282.8371044802813 -999.0 -999.0 0.2231872 1.0
373.2286049513244 -279.57624817326075 -999.0 -999.0 0.21988818 1.0
377.2825964351091 -282.0266172938244 -999.0 -999.0 0.22222503 1.0
379.4554495680338 -284.2013493516062 -999.0 -999.0 0.22376779 1.0
498.7550589790833 -371.84085920217785 -999.0 -999.0 0.3261097 1.0
475.1868833911357 -351.5832042871494 -999.0 -999.0 0.30135873 1.0
500.47174826882144 -371.5049711605965 -999.0 -999.0 0.32475364 1.0
437.97624226319135 -380.7355853354305 -0.143659 0.032253 0.3413733 1.0
375.9339449261261 -323.8036424889725 0.257437 -0.006281 0.26991802 1.0
431.52831551717935 -371.135927644678 -0.103142 0.063961 0.32793236 1.0
312.24117115008175 -266.41070006984506 0.222287 0.158281 0.20812713 1.0
274.60211428993733 -231.07688013109345 0.37755 -0.559158 0.1746369 1.0
330.5099171162529 -272.0432021954637 -999.0 -999.0 0.21517669 1.0
308.5304444502232 -254.07338205704568 -999.0 -999.0 0.19569822 1.0
440.18356788831056 -360.2352841415344 -999.0 -999.0 0.31523633 1.0
440.81498937060223 -358.27367539698287 -999.0 -999.0 0.31131732 1.0
326.5742964603063 -260.27933415087364 -999.0 -999.0 0.20346974 1.0
326.09375431358484 -256.85381007277954 -999.0 -999.0 0.19953693 1.0
419.78257447248035 -326.2490011261041 -999.0 -999.0 0.27309296 1.0
328.1706276418767 -246.78507876825947 -0.187806 0.055218 0.19031152 1.0
347.0004592265538 -261.3120738662536 0.139315 0.212664 0.2047872 1.0
484.08140665748783 -362.4082922284892 0.160107 -0.084963 0.32017556 1.0
440.37390663408695 -326.9756229985305 -999.0 -999.0 0.2745448 1.0
363.3944210895766 -269.0749455706581 -999.0 -999.0 0.21173126 1.0
367.2322347279937 -271.54519910397806 -999.0 -999.0 0.21428147 1.0
475.0947549439773 -348.7004342482195 -999.0 -999.0 0.30262837 1.0
421.76545186697024 -365.5059411619819 0.249424 0.182919 0.32649866 1.0
312.7746979244687 -262.68920511198286 -0.313824 0.330877 0.20760928 1.0
313.02343895183907 -262.631886848798 0.089346 -0.335791 0.2080178 1.0
393.8290943069788 -329.41573429098014 0.007388 -0.224041 0.2829666 1.0
275.4257167539759 -227.76155630715283 0.020688 -0.029883 0.17398149 1.0
311.18913122007484 -254.2050597012436 -0.08566 -0.046527 0.20012908 1.0
431.512417625382 -339.0358948422735 -0.121826 -0.167426 0.29428363 1.0
466.4051893695689 -355.3020722934949 -999.0 -999.0 0.31474963 1.0
468.1677395504861 -353.9565430992376 -999.0 -999.0 0.31586498 1.0
480.34436971430745 -361.7484461268783 -999.0 -999.0 0.32532895 1.0
475.646931774122 -356.35692735779867 -999.0 -999.0 0.3179576 1.0
440.1261469107935 -365.61059151241733 -0.080401 -0.08484 0.33557057 1.0
327.51586354979395 -267.48563013044674 -0.166388 0.161417 0.21658228 1.0
442.9824833878246 -350.8142887678207 0.357461 0.529321 0.31497025 1.0
410.6160044482825 -309.58033251135294 -0.063829 -0.400412 0.26618615 1.0
467.7354356413596 -350.1391984022112 -999.0 -999.0 0.31592155 1.0
518.7936393991235 -373.96329188618904 0.248934 0.46181 0.34997872 1.0
430.39567233342984 -309.4064008256251 -999.0 -999.0 0.2653067 1.0
428.6777127729387 -304.3685485405589 -999.0 -999.0 0.25862992 1.0
445.8904354361021 -312.32261522121166 -999.0 -999.0 0.26831087 1.0
450.7569059425917 -370.033591979246 -0.08791 -0.229548 0.35021895 1.0
436.5198652446674 -344.2134479338811 0.013432 0.038504 0.31426626 1.0
435.94865054452634 -343.5253321468518 0.407672 -0.071788 0.3134485 1.0
417.50640961927814 -318.37751236410423 0.027834 -0.532722 0.2808577 1.0
436.8183024646937 -329.8713400037397 0.174174 0.005061 0.29445946 1.0
426.911886804877 -308.4891745815098 -0.136507 -0.039602 0.26832175 1.0
369.5906544904999 -258.2333795379322 -0.012305 0.023975 0.21194044 1.0
370.37558679624965 -257.9373604040853 0.068127 0.272242 0.21194729 1.0
559.0909788548788 -373.5359136156045 0.062795 0.051431 0.3559438 1.0
444.2484011670566 -301.89641029577876 0.44869 -0.196749 0.32258505 1.0
407.09625440544926 -266.8709491588114 -0.512729 0.278705 0.27048594 1.0
411.21307137913675 -266.5358529341801 -0.093413 0.082281 0.2699008 1.0
411.1728880463332 -265.9917000631808 0.165332 -0.337918 0.2685193 1.0
398.8078529927106 -287.66754951565736 0.273794 0.04841 0.2994463 1.0
440.7473636390435 -300.79586615485385 -0.72147 -0.404482 0.31927377 1.0
382.5673553300657 -235.5286036487185 0.267436 0.160293 0.22903448 1.0
532.606980390489 -322.55535415452 0.251059 0.205917 0.35590583 1.0
322.6374805341778 -231.17763179527398 0.427007 0.013045 0.22431736 1.0
424.9653875139214 -303.71864506457536 -999.0 -999.0 0.32852536 1.0
426.05386221951426 -304.58393836829856 -0.068209 -0.095957 0.329462 1.0
423.7412462690885 -302.51741288098617 -0.334695 0.040072 0.32618958 1.0
446.644174151878 -315.7847860446639 -0.334053 0.129088 0.3502334 1.0
418.8276713906889 -291.4049901620503 0.355512 0.344418 0.31526294 1.0
399.43076091148697 -273.9080027328314 -0.053475 -0.434391 0.28819534 1.0
437.55713817791576 -296.93721787815656 -0.039047 -0.191082 0.3227234 1.0
454.2947886003045 -304.7365251100153 -0.579125 -0.537294 0.33695364 1.0
411.0607948089271 -275.22644277165017 -0.104184 0.377671 0.290938 1.0
322.8776006195701 -216.54105509712863 -0.00715 -0.230146 0.20962793 1.0
328.57721442735857 -217.4714931488805 -0.162324 0.040651 0.21233337 1.0
329.51612828869247 -218.3043824116732 -0.144413 -0.008698 0.21251436 1.0
379.11962741703707 -248.81661202119122 0.045791 -0.261162 0.2520587 1.0
430.41401911073524 -280.9169474386131 0.421723 -0.253185 0.2980074 1.0
444.5047035818241 -283.98204917834374 0.186539 0.151441 0.30270368 1.0
415.22047529932104 -263.5641356872445 -0.043152 0.098095 0.27104616 1.0
415.87688521592054 -262.27420841207237 0.055053 0.237526 0.27087912 1.0
409.7681810315619 -259.8574674157233 -0.1835 0.145814 0.2649139 1.0
465.69242139139607 -292.69021817752196 0.137802 -0.056699 0.31531578 1.0
461.0124262381707 -286.42430681751785 0.034463 0.091164 0.3065129 1.0
386.0326738417783 -241.23634397148442 -0.184006 0.190359 0.23911244 1.0
449.5133758738932 -279.9758509989093 -0.217649 0.129631 0.29391187 1.0
427.25961011875654 -265.00593281363246 -0.095775 0.111118 0.2730692 1.0
308.74464785982576 -186.45397236038545 0.467352 0.027193 0.17222424 1.0
518.4317554977825 -311.579875184179 0.089529 -0.032761 0.34374264 1.0
398.66804313908455 -236.3027346930282 -0.355515 -0.029203 0.23169357 1.0
517.3755483486938 -308.630177807722 -0.125154 0.0264 0.3355359 1.0
446.51246021657926 -262.0708770180377 0.07195 -0.008324 0.2655345 1.0
550.1148811587948 -323.4107180430689 0.224865 0.274491 0.35991615 1.0
549.7695878959538 -323.51378674385626 0.106554 -0.128382 0.35976714 1.0
445.60038884979843 -287.5146178761751 0.382282 0.016864 0.31531227 1.0
441.03184774421584 -283.0315113560585 -999.0 -999.0 0.30844706 1.0
424.0033296551358 -267.9494770522199 -0.312479 -0.338155 0.28481913 1.0
491.8200980080291 -308.7842249369051 -0.097301 -0.489795 0.35094526 1.0
413.01650099674606 -259.48567359493416 0.087962 0.597553 0.2719743 1.0
476.8511315130434 -297.2743232770934 0.336586 0.070347 0.332488 1.0
471.38104590458494 -294.1670746867884 0.031809 0.086396 0.3266521 1.0
378.9474597686123 -227.7541124485279 -0.263865 0.136528 0.22787909 1.0
520.9943455548046 -312.40108301136286 -0.06312 -0.247237 0.35235107 1.0
434.3239356647922 -256.0234252700187 0.094954 -0.106545 0.26543692 1.0
489.6433904283135 -288.6055525154812 0.190395 -0.033067 0.3127237 1.0
542.2773823792588 -314.8944443967056 -999.0 -999.0 0.3547095 1.0
455.9943405379715 -280.6879279801057 0.071216 -0.146059 0.30984274 1.0
479.183427421546 -294.3239646388427 0.021857 -0.089571 0.33210364 1.0
474.2333492780888 -289.4140848976181 -0.692918 0.227585 0.3243192 1.0
502.18055438373176 -306.6453263745548 -0.044066 0.043432 0.35346854 1.0
464.3315828837372 -278.0115771390119 -0.217662 -0.246408 0.30815992 1.0
357.7658111039375 -213.52264626869936 0.052855 0.253152 0.21446614 1.0
453.08513908053476 -272.6117172717081 -0.13974 -0.109808 0.29639673 1.0
454.96355479772177 -272.2810193101022 0.134123 -0.070531 0.29607725 1.0
446.40752523627305 -264.6013733470097 0.036333 -0.282229 0.28503388 1.0
471.47222462003646 -277.97458722421027 0.459065 -0.088811 0.3047672 1.0
505.9333851409945 -296.6892496829717 0.408624 0.290655 0.33638984 1.0
491.1904477113244 -285.8402345667057 -0.215676 0.094555 0.3170702 1.0
380.9088037790783 -220.27659451685085 -0.082452 0.78548 0.2211364 1.0
393.6464351874958 -227.15125997899344 -999.0 -999.0 0.22962573 1.0
319.9003415589786 -182.4440746150363 -0.132681 -0.002997 0.17414044 1.0
428.51966447360917 -305.02418022040325 0.039797 -0.083703 0.3281327 1.0
372.3865133514713 -260.73703294651426 -999.0 -999.0 0.26722956 1.0
449.67079287289374 -315.10944265229887 -0.317633 0.130697 0.35079727 1.0
447.6195390646347 -308.28423221936737 -0.002232 -0.141935 0.33943763 1.0
380.9491306523868 -262.6828570942965 0.153423 -0.001492 0.2691088 1.0
404.97124912763445 -276.0066537675385 -0.063827 0.00856 0.28781888 1.0
456.61158936599975 -310.9534230516745 0.591406 0.176095 0.34380627 1.0
440.04397355528374 -298.1307889964651 -999.0 -999.0 0.32172054 1.0
463.5709929452124 -312.42556045996156 -0.205993 -0.239121 0.34335157 1.0
377.86788788543817 -251.04801964429166 -0.136174 0.33066 0.25272128 1.0
441.074557205915 -291.9104382629073 -0.390132 -0.110351 0.3102461 1.0
454.0012188838642 -295.71774987203617 0.00375 -0.395111 0.3165311 1.0
463.67317784351917 -301.71718948648993 -0.878925 0.347043 0.3246889 1.0
409.8802067913952 -263.0001761471503 -999.0 -999.0 0.26837343 1.0
407.89644128185387 -261.8408079941089 -999.0 -999.0 0.2664387 1.0
413.0775023332447 -264.9397219374304 -0.01892 -0.164854 0.27087972 1.0
410.96552774324164 -263.29791710960234 -0.133517 0.031727 0.26884705 1.0
408.52232739959055 -260.7259039298853 0.227999 -0.095407 0.26396927 1.0
445.30329724327066 -282.4114177961838 -0.178881 0.862412 0.29452097 1.0
487.74170531277935 -297.2686322834504 0.017175 0.303601 0.31704465 1.0
481.7513390230435 -305.0998085427189 -0.236207 -0.602428 0.3475053 1.0
454.468693155489 -282.4602936053959 -0.268098 0.38859 0.31051734 1.0
444.3471957468438 -276.77352855331026 -0.083821 -0.136219 0.2997961 1.0
456.6255969873491 -281.9707477335547 -0.037687 -0.134499 0.31146824 1.0
473.0966644440524 -290.48166062677166 -0.001573 -0.08229 0.3239826 1.0
475.85951596802283 -292.7693043260882 -0.410778 0.11801 0.32655993 1.0
392.49498027979797 -236.79576135996476 0.4072 0.205665 0.24350786 1.0
506.0842153139644 -300.4509772699988 0.665211 -0.8071 0.33725426 1.0
375.4894457982378 -221.42136725961024 0.248407 0.150982 0.21987183 1.0
378.32605846071226 -222.4821657989489 -0.191077 -0.265935 0.22098786 1.0
392.2291116104993 -228.34982126885438 -0.09463 -0.040293 0.22948007 1.0
479.165390983031 -276.84599524224734 -0.300258 0.124355 0.29784182 1.0
404.7567111002082 -232.7077286328521 -999.0 -999.0 0.2344519 1.0
522.8511587410013 -299.7044932967278 0.33153 0.162585 0.33608362 1.0
518.6475267749398 -297.1064068834951 -0.052065 0.02908 0.33004773 1.0
379.57859289175167 -224.52329596581816 -0.441554 0.393603 0.2295277 1.0
457.5348272760667 -269.1623700628921 -0.061503 -0.095847 0.29461315 1.0
379.1717172997106 -220.17800507567912 0.084632 0.307875 0.22478049 1.0
382.77424047176305 -221.57746999801515 -0.001893 -0.268687 0.22641346 1.0
511.7156438839319 -295.353086582099 0.405609 0.283771 0.3373281 1.0
492.382996679478 -283.67280028100237 0.247793 0.405845 0.31658724 1.0
305.13989358628186 -174.9019647946006 0.825427 0.027051 0.16619426 1.0
508.24050444575363 -290.77655922689667 -0.399186 -0.017602 0.32752472 1.0
475.0017461217368 -267.2425223545625 -0.770298 -0.416252 0.2957257 1.0
473.8045391483433 -266.39259310284774 -0.330333 0.337005 0.29455122 1.0
374.07401908061706 -208.81169604511888 -0.197453 -0.043319 0.21161841 1.0
377.3287638633195 -219.06012781002553 0.493526 0.70318 0.22386973 1.0
522.767018200159 -303.08840703936596 0.189632 0.123808 0.3542261 1.0
408.4238743562678 -231.0799539512347 -0.516876 0.061462 0.23876745 1.0
319.3402781468695 -229.40460500966245 -0.236095 -0.018856 0.22174658 1.0
423.31930694551687 -302.5497381551914 0.098697 -0.213113 0.32662055 1.0
284.57645645462964 -202.6070333797542 0.427223 -0.349256 0.19003071 1.0
453.9066125752321 -319.73901457187503 -0.236021 0.063675 0.35536727 1.0
287.0484816550738 -197.13593186076622 0.259161 0.11469 0.18348496 1.0
459.0184490471923 -313.36948583595034 0.175376 0.225384 0.34495687 1.0
437.78011917950624 -293.2955722039958 0.393403 0.431014 0.30963406 1.0
463.2548706568066 -317.4490477315519 0.322823 -0.043421 0.35917047 1.0
423.7670636734796 -289.5468015007512 -0.013606 0.201567 0.31320244 1.0
441.6961613739279 -294.4871098010124 0.177541 0.046303 0.32236597 1.0
328.75675729259234 -221.2770018550102 -0.03038 0.046195 0.21505436 1.0
323.850441925266 -217.8227832805981 -0.273327 -0.141459 0.21071096 1.0
330.3978447669681 -220.7725703914673 -0.101292 0.112033 0.2145744 1.0
329.08867107729793 -218.04052742625024 0.185213 -0.422924 0.21241874 1.0
399.8636451442262 -262.4259322972139 0.006404 -0.100556 0.27113846 1.0
441.6220417413822 -288.1732797711104 -0.083937 0.032587 0.31020275 1.0
477.7002208761966 -312.1552962217762 0.019128 -0.514524 0.34872857 1.0
476.4578799750322 -303.41221789732447 -0.275313 0.159013 0.33337754 1.0
282.34803729017 -179.5307216700432 0.201044 -0.176136 0.1656927 1.0
365.7852317061043 -228.34504618144854 -0.34515 -0.303176 0.22301678 1.0
424.60717530112254 -263.2609393065455 -0.063892 -0.224472 0.2704856 1.0
424.5118209310809 -262.61667593227236 -0.285801 -0.492648 0.2702397 1.0
290.74090662671875 -176.6231103667438 -0.085128 0.170452 0.16044982 1.0
292.18337127855386 -176.9143948225611 -0.346745 -0.094431 0.16052869 1.0
316.21274865986345 -189.6846098845756 -0.46906 0.028837 0.17462914 1.0
315.94894337098685 -185.08412805161342 0.08766 -0.22 0.16948953 1.0
550.6333317478783 -323.30168507389794 -999.0 -999.0 0.35939053 1.0
473.7609018769978 -306.0582762139484 0.221325 -0.033371 0.34540522 1.0
443.33616516182826 -285.7877813957562 0.030462 0.104034 0.31303284 1.0
275.055351560678 -177.00795692849837 0.300233 0.001911 0.16568816 1.0
274.87706965987866 -176.10914732995633 0.13293 0.030171 0.16453679 1.0
279.1544882914584 -175.91637374608345 0.050497 -0.151609 0.1646168 1.0
310.50304356091164 -192.91934791261912 0.020511 -0.299889 0.18519105 1.0
455.75325263262044 -279.3150643904651 -0.218093 -0.121613 0.2994348 1.0
287.049328572744 -173.27078828006086 -0.124917 -0.338449 0.16144152 1.0
289.03983805663916 -174.5716991697017 -0.580189 -0.490802 0.16278253 1.0
372.6727861815965 -225.69641394275865 -0.081885 -0.296003 0.22424376 1.0
399.85624333863666 -238.32790422187608 0.124293 0.085184 0.24146056 1.0
430.8198557325644 -255.3619107441288 -0.091674 -0.079909 0.26499367 1.0
306.7218716820845 -177.95502290861555 0.076957 -0.193382 0.16620809 1.0
306.4110270558773 -178.24873149187403 0.116499 -0.23034 0.16557886 1.0
375.7641421095201 -223.9510775935906 -0.142712 -0.272934 0.22592418 1.0
291.9399904737161 -173.00183387024663 -0.105586 -0.133749 0.16383071 1.0
304.55103062286395 -175.14128420220618 0.016183 -0.252017 0.16563913 1.0
394.21875960048584 -226.70192138795144 -0.001455 0.070742 0.2295151 1.0
307.3600567605431 -176.50434839969913 -999.0 -999.0 0.1672939 1.0
320.2630840801416 -182.85673096555126 0.292507 -0.259032 0.17450804 1.0
428.072658990456 -304.95539217464875 0.149941 -0.058545 0.32767949 1.0
323.99528774470286 -220.72199234930227 -999.0 -999.0 0.21413334 1.0
346.0240282469858 -235.84629000683836 -0.012629 0.461173 0.23127177 1.0
291.01484205176433 -196.5964429890559 -0.315098 0.098613 0.18339208 1.0
458.14035472976946 -305.4655348629345 -0.21361 0.172852 0.33269778 1.0
459.89246405989815 -305.3711828568675 -0.755163 -0.138358 0.3321646 1.0
381.2703505884326 -251.45931007450096 -0.053253 0.082088 0.25233433 1.0
413.47091074969006 -265.3546233421561 -0.213496 0.444382 0.27147081 1.0
350.7581857712447 -221.2928940785052 0.075281 -0.066975 0.21323615 1.0
307.2964159731746 -189.61996680760333 -0.020151 0.197129 0.17473422 1.0
308.6968135979236 -190.57527441953138 0.26658 -0.191756 0.17542244 1.0
518.5478351509194 -318.00556512303365 -0.003592 -0.114454 0.35126647 1.0
316.1617366762673 -189.85324170995807 -0.007033 0.199484 0.17463498 1.0
297.8441933924854 -178.47166191679338 -0.529003 0.630071 0.16162102 1.0
351.0715524236884 -222.20989531478622 0.306424 0.175092 0.22296259 1.0
367.57291598954885 -226.081292791164 0.206209 -0.266305 0.22784977 1.0
284.1936833233774 -173.40194709757105 0.095724 -0.21384 0.16343363 1.0
396.11267866786 -239.56852443597762 0.20559 -0.041503 0.24638684 1.0
299.24303479359173 -174.76303419518388 0.098548 0.377158 0.16434877 1.0
341.5141842739211 -199.94335274498133 0.23886 0.094622 0.19349714 1.0
334.32951238099855 -194.8499626172047 -0.017416 0.044068 0.18784253 1.0
301.0747695298072 -175.0507574738996 0.195081 0.453475 0.16481493 1.0
524.9690152425293 -305.9358592589834 -0.330504 0.278558 0.34526995 1.0
358.79242480565944 -213.72152307176066 0.142597 -0.380756 0.21512747 1.0
297.8915406539652 -173.30835820704388 0.126676 -0.052401 0.16535535 1.0
374.72295606451013 -217.76371559330062 0.200417 0.090298 0.21949656 1.0
386.8526186323177 -223.63835096147517 0.353601 0.197825 0.2273122 1.0
381.9344368326642 -215.00156095811556 0.224602 0.296862 0.22051986 1.0
471.10685915047367 -266.56947411124247 -0.316503 0.079828 0.29442212 1.0
318.71372521468953 -180.55192130510036 -0.03017 -0.187852 0.17441317 1.0
