X Y e1 e2 Z WEIGHT_SEEING
-891.9837595054122 395.0592468161646 0.140483 0.121619 0.35557148 1.0
-623.3077288579846 277.9411450899795 0.516023 -0.151553 0.21471862 1.0
-726.1076092636396 313.6910608565498 -0.241509 0.41849 0.223923 1.0
-661.0682801063743 295.14473091807287 -0.210038 0.138874 0.20297132 1.0
-916.354623408954 412.93240021226103 -0.202827 0.297541 0.3201577 1.0
-880.1255575092914 383.44931192625063 0.153508 -0.312668 0.28726658 1.0
-925.1310716595177 407.2375131357073 0.132798 -0.431945 0.31232762 1.0
-930.4572006355917 408.21137463697585 0.046295 0.038311 0.31206134 1.0
-988.3864383043073 438.5291650884734 -0.251342 -0.1253 0.34712416 1.0
-778.1420914108929 337.0339316296586 0.010309 -0.133171 0.23496597 1.0
-776.1615915891628 340.35346035422293 -0.558573 0.656363 0.2387995 1.0
-1024.9614644579206 447.235051772691 -0.131302 -0.020348 0.3501199 1.0
-1015.4564869015077 447.37340740723835 -0.340956 0.034879 0.34969655 1.0
-756.9873680620037 340.63757595498123 0.079434 -0.412005 0.2345862 1.0
-768.1072070921481 332.0196052883361 -0.131038 -0.290851 0.24250488 1.0
-865.5640512828525 377.22499232951213 0.020363 -0.149769 0.28902107 1.0
-841.7222326675316 377.8376022343685 0.054488 -0.636288 0.28649446 1.0
-668.137941783546 301.2664052062356 -0.142534 0.219264 0.21101397 1.0
-882.7558422630419 401.47257955856827 -0.143086 0.202241 0.30975717 1.0
-663.5895538749706 296.3135286725975 -0.043411 -0.103073 0.20337963 1.0
-921.353950318285 393.31486386897626 0.099075 -0.043213 0.29590246 1.0
-1034.2576252770136 447.75627330139946 -0.043473 -0.384582 0.3505467 1.0
-779.74246280366 346.1737044895745 0.233962 -0.910306 0.23925535 1.0
-867.273203769686 387.0212937020197 -0.383697 0.301657 0.3520072 1.0
-837.9239581597628 378.0701965650075 0.060063 0.301373 0.2873623 1.0
-661.3710822495775 296.549098572028 -0.47466 -0.116925 0.20419933 1.0
-779.2994767857656 339.8847329596963 0.065514 -0.085666 0.24252135 1.0
-764.0705082877314 338.5574813284115 0.119332 -0.071619 0.23886912 1.0
-772.7058223410174 328.5599343908886 0.799367 0.00193 0.23007363 1.0
-879.6111702797316 380.11450198132775 0.23898 0.0182 0.29265246 1.0
-866.7515690201849 377.69629521153297 0.198852 -0.049511 0.28949535 1.0
-721.3564291714221 315.28170291692385 -0.005551 0.114295 0.22542854 1.0
-837.2220626635126 374.91827987428195 -0.100213 0.095989 0.28357515 1.0
-672.6687267415672 303.1864998489281 -0.181955 0.216124 0.2127454 1.0
-599.6173977011305 267.03219748681335 -0.242491 0.181735 0.17852439 1.0
-633.5901413727636 272.7414625740798 -0.045567 0.012712 0.18175262 1.0
-616.1143959049133 276.72531299305456 -0.214848 0.289353 0.18159597 1.0
-905.973138797839 400.8298304944656 0.085722 0.116163 0.35128966 1.0
-867.3064842967503 394.24120012209045 -0.211995 0.273028 0.3409078 1.0
-891.4232289125401 395.3434592993356 0.081403 0.051059 0.34266385 1.0
-898.2077655123895 397.4988912219824 -0.173006 -0.279086 0.34348792 1.0
-904.8753399428324 412.25458585970387 0.049934 -0.081325 0.33782545 1.0
-882.6495551203831 403.59311132802236 0.186211 0.523856 0.324661 1.0
-681.9959188374273 301.5435559282323 0.04302 0.008807 0.21753632 1.0
-795.9160620473391 365.6072744781659 -0.766621 -0.498322 0.27756533 1.0
-844.4931168043312 394.6438241541761 -0.286769 -0.058895 0.29539812 1.0
-941.027258856093 444.17086681144247 -0.376645 0.422823 0.35182077 1.0
-905.2455701195244 414.8482322034752 0.42391 0.130323 0.31305146 1.0
-906.3854697505972 416.25389936146655 0.149171 -0.015926 0.3140811 1.0
-928.9509134539344 440.8505169786652 -0.203826 0.294668 0.35105726 1.0
-851.4024355281749 399.09555005995236 -0.626672 -0.367824 0.29747814 1.0
-845.2979645265578 383.2482466796727 0.083747 0.115581 0.34301797 1.0
-651.8165324974467 297.0796061567362 -0.047839 0.43059 0.23826334 1.0
-876.4565475962141 398.6526816038962 -0.078679 -0.269783 0.35373747 1.0
-842.4675325042689 378.0378713788232 0.081719 0.028167 0.34166217 1.0
-841.8660384764006 386.41328245192597 -0.245642 0.218435 0.348714 1.0
-657.6315133544125 300.63721331315844 -0.619661 -0.522186 0.23355651 1.0
-562.1866787416888 255.40538658829013 -0.82005 -0.270647 0.20215555 1.0
-694.3925601193681 316.99741359002 -0.019266 0.135746 0.26774147 1.0
-645.3913493454099 295.1913912090402 -0.023895 0.102359 0.2341536 1.0
-659.8112823605929 300.05730312865666 0.154557 -0.337171 0.2367948 1.0
-898.2004718260102 396.9005858594255 0.104284 0.179008 0.34261367 1.0
-842.7441508454242 377.10578727933853 -0.214057 0.215465 0.35016695 1.0
-882.7888580688303 405.3103404109674 -0.178599 0.127766 0.32510525 1.0
-716.0735093164258 340.0884716179403 -0.049589 0.660429 0.2499145 1.0
-640.2199989203643 278.0970543002638 -0.905498 0.349446 0.19497924 1.0
-724.0915683712664 319.8743600147257 0.090486 -0.15119 0.2309097 1.0
-842.1319275744462 376.2903431595961 -0.681565 -0.020157 0.2882908 1.0
-871.3115521114247 410.2014596043782 -0.038775 0.359419 0.31132153 1.0
-902.5928127934025 414.04017997001637 -0.166066 0.402911 0.31229675 1.0
-990.5630788077622 453.3546844567103 -0.204666 -0.037462 0.35748476 1.0
-814.7580518259367 360.09519257858614 -0.34553 -0.505452 0.2807851 1.0
-885.5235160065713 398.57961374898787 0.333105 -0.038924 0.32397228 1.0
-829.3084115541509 374.7047832270795 0.115106 0.102596 0.28795066 1.0
-723.0958549459989 335.96915734446475 0.220694 -0.058328 0.24616173 1.0
-882.0028209791105 410.4566186327148 0.024999 0.363328 0.32552877 1.0
-933.5882986492934 434.2237318451184 -0.166169 -0.097271 0.34679282 1.0
-671.3014216185821 304.7364524401814 0.313914 0.249647 0.2049117 1.0
-529.2508718518195 236.73578745729176 0.493098 -0.176256 0.17745878 1.0
-530.4585764247244 237.64728692493097 0.069849 0.21671 0.17802088 1.0
-530.3624125122709 237.80659675559647 -0.198431 -0.340208 0.17787638 1.0
-487.794361945294 220.63193924590513 0.573628 0.011241 0.16205296 1.0
-752.8804621250674 336.34357658780647 -0.178563 0.032279 0.2831724 1.0
-716.1036908697648 324.3882310921317 0.504043 0.20829 0.26977953 1.0
-742.3026434373162 336.76763893968155 0.060252 0.729715 0.28292507 1.0
-654.7787400279723 295.874471791423 -0.324864 -0.204021 0.23291294 1.0
-611.8387056890924 276.40619203914 0.141337 -0.10897 0.21256457 1.0
-657.730834909383 299.12596915727227 -0.158568 -0.324043 0.23592271 1.0
-648.361133070044 296.74293495996756 0.185108 0.14067 0.23195143 1.0
-874.2734030012097 392.47466117544724 -0.092762 -0.149139 0.3382734 1.0
-840.3276891689211 387.0847795068195 -0.476752 0.649587 0.3468788 1.0
-581.1012122859742 255.24349214057514 0.437039 0.474411 0.17749843 1.0
-555.3268439092571 246.9102674681254 0.120069 -0.202546 0.16913886 1.0
-717.638655229097 340.9824797287993 0.119164 -0.381148 0.25047156 1.0
-678.2574732167768 300.8826656183429 0.130449 -0.144716 0.21394631 1.0
-847.8623279642408 377.54311547898953 0.032367 0.023586 0.28946257 1.0
-842.9075626676722 376.61222104708827 0.058397 0.08305 0.2885735 1.0
-920.7496603567636 438.91536639968365 0.182559 -0.434024 0.3504747 1.0
-921.8981902056194 426.2370943175287 -0.498725 -0.211187 0.32728302 1.0
-542.0710255407445 239.69187981723172 0.190962 0.006828 0.16473871 1.0
-616.9147148417098 278.98266786668677 -0.04942 0.191982 0.19885209 1.0
-906.8099366928586 428.2524894035238 -0.071302 -0.121618 0.35040823 1.0
-564.238594082703 262.90941779821065 -0.138472 0.092165 0.17936225 1.0
-556.1835382713828 260.759494139082 -0.140211 0.089153 0.1764532 1.0
-912.2808943069606 434.75862885442655 0.053926 0.558887 0.3511449 1.0
-844.3283658411527 394.5788070549901 -0.005552 -0.146953 0.3010697 1.0
-580.3456758326541 272.03528770618783 0.249045 0.157487 0.18269303 1.0
-636.6158507161304 301.5185832069172 0.28832 0.08718 0.20786099 1.0
-929.80926043104 439.759757573738 0.33526 0.195329 0.35014543 1.0
-951.9055398475516 431.63914689680996 -0.324819 0.031363 0.33193362 1.0
-736.0003993817633 341.5189257841276 -0.230707 -0.119518 0.28379032 1.0
-522.2355052905609 241.96579873216922 -0.7411 -0.079486 0.17978849 1.0
-571.3851611154175 274.6842026037325 -0.268271 -0.318385 0.20893057 1.0
-851.210290883861 405.8476780703017 -0.2647 -0.716418 0.35831523 1.0
-806.4257923606546 388.45172308669714 -0.145603 0.084475 0.33469522 1.0
-807.1505700964764 389.4290545458565 0.034992 0.086233 0.336517 1.0
-785.8055236014292 398.3703706670527 -0.120838 -0.315178 0.33991668 1.0
-789.10490758127 407.52729510923535 -0.154606 -0.067619 0.35176808 1.0
-766.4429694463468 398.328668313471 0.572773 0.050566 0.33894277 1.0
-505.79833539497616 265.0916193701863 0.196377 0.319684 0.19377121 1.0
-509.6591767980902 276.72252529436435 -0.048573 -0.060991 0.20232566 1.0
-584.6139697164526 317.5953575658474 -0.250547 0.492598 0.2418621 1.0
-494.433413373669 272.9158659867842 0.148381 -0.191017 0.19877242 1.0
-493.5534910309066 273.0227017742057 -0.092981 -0.030795 0.19766024 1.0
-555.6947043659973 330.30936605690437 -0.565762 -0.489971 0.25054023 1.0
-793.9621498821158 412.46138183916065 -0.205517 0.036161 0.34070763 1.0
-818.3684241726976 427.86202624195687 0.060317 -0.062012 0.35878193 1.0
-621.0036012489685 332.22204558342213 -0.061554 0.100933 0.24755469 1.0
-732.8340852638523 404.486260468433 0.264645 -0.136625 0.32404363 1.0
-765.5147753572479 429.8916887235756 0.097005 -0.123473 0.3570551 1.0
-751.5810032589552 422.67682744468465 0.07518 0.2221 0.34604502 1.0
-612.1887271657902 345.1063835967351 0.052077 -0.146988 0.25762734 1.0
-615.2118228020859 347.6493749441674 0.158063 0.15869 0.26013672 1.0
-605.7128039093483 346.3426516433535 0.141633 0.292261 0.25905222 1.0
-629.5735662662591 370.1761653433938 -0.102689 -0.168798 0.2817445 1.0
-621.9204128321961 368.86026457780173 -0.114793 -0.280599 0.28082034 1.0
-660.7866673371047 413.06449304152926 -0.134675 0.022197 0.32504484 1.0
-556.7822359735924 407.70171913143645 -0.131764 0.142845 0.31053054 1.0
-393.9933625494601 293.9857208780928 0.721616 0.311989 0.20012452 1.0
-374.13512227812 289.048715482514 -0.15747 -0.307522 0.19413094 1.0
-534.3805262020018 429.5771431333437 0.452666 0.227576 0.33355904 1.0
-827.84041404795 428.24898972973557 -0.088008 0.489703 0.354681 1.0
-576.6513012947852 299.1666949648802 -0.07392 -0.373579 0.21458088 1.0
-596.6882633016519 319.33055266614736 0.460993 0.266458 0.23047492 1.0
-678.4920671690493 365.98020459036434 0.201617 -0.06134 0.27800414 1.0
-447.1663052815585 244.06481793493208 0.091702 0.211415 0.16331933 1.0
-614.5473788200637 352.0766116490528 0.278177 -0.03029 0.25907958 1.0
-714.3188468374507 416.7109880525243 0.091886 -0.260601 0.32730493 1.0
-477.8315672246043 292.4263194398086 0.032473 0.24037 0.20112167 1.0
-657.086994041846 408.4053417110885 -0.050335 -0.031566 0.3146371 1.0
-522.1355638198758 377.52055530199294 0.053183 -0.031594 0.27396643 1.0
-383.7575512993159 288.86486626052164 0.112761 -0.134769 0.19234091 1.0
-382.6349651315811 289.3109636143772 0.12749 0.109035 0.19261411 1.0
-382.2025510157554 292.10075714810284 0.107145 -0.162364 0.19498652 1.0
-571.1652226988524 438.30039835154486 -0.639823 0.404872 0.33984426 1.0
-669.3371829037769 339.32199039118154 0.172929 0.352722 0.24896646 1.0
-835.843883425718 430.7268984570702 -0.243342 -0.129389 0.35182738 1.0
-739.6758265146657 423.56628522762605 -0.251697 -0.124524 0.33148748 1.0
-442.07844559685367 325.12431410269227 -0.030227 -0.014491 0.22137734 1.0
-396.80088176478864 292.8179194072648 0.049678 0.25938 0.19294114 1.0
-521.7283879915703 381.0982504451407 -0.101055 -0.148371 0.27352962 1.0
-563.9975232600635 439.8966353971425 0.392078 0.30359 0.33281347 1.0
-627.1699919264818 293.8957254245521 0.436585 0.121682 0.23140767 1.0
-804.3788391654718 379.9307278368645 -0.024403 -0.167564 0.32905337 1.0
-644.4457579377327 299.1706177867704 -0.306897 0.442828 0.2332151 1.0
-818.7565008796084 380.00406713393807 -0.239075 -0.116849 0.32703242 1.0
-881.1197640881777 399.4267138379275 -0.332803 -0.417929 0.34103265 1.0
-921.9007954794442 406.4635423269873 -0.00337 0.473042 0.34353262 1.0
-683.7615370680365 308.17811480291886 0.034992 -0.247958 0.23195611 1.0
-809.4549574687221 375.9015192438398 -0.0103 -0.012365 0.3317382 1.0
-825.4791762385535 384.467401499487 -0.15475 0.350515 0.34252116 1.0
-615.4470745555523 292.12014086919487 0.158132 -0.208136 0.23113896 1.0
-623.3518354820002 295.816411183692 0.394329 0.306322 0.23484938 1.0
-714.7575501792281 340.356539252597 -0.374132 0.088361 0.28400603 1.0
-710.8610152726867 339.5253200030759 0.066737 -0.073438 0.28416792 1.0
-811.8635740538159 386.92648304063687 0.075692 0.400211 0.34318414 1.0
-826.8041480684599 394.234673592544 0.300202 0.007809 0.35251737 1.0
-788.2041189831905 380.92802108600176 -0.201571 -0.336696 0.33405957 1.0
-724.816028380192 349.99464995743557 0.262621 -0.294361 0.29319206 1.0
-795.1074911852551 383.3971005032515 -0.674429 0.542046 0.33480403 1.0
-692.0793093300721 346.37579283588883 0.478853 -0.372499 0.28572848 1.0
-787.8225724047296 396.4611200608867 -0.070473 -0.126258 0.34795257 1.0
-787.2813024300449 402.32448980469115 -0.003113 0.094969 0.35495415 1.0
-583.2006122302885 299.29340892242874 0.175719 0.330841 0.2320557 1.0
-659.3723430726507 342.57510493335604 0.199084 -0.186942 0.2787071 1.0
-747.0057839797302 396.6434019743114 0.397227 -0.369972 0.3400987 1.0
-707.5207320737836 381.47248735700396 -0.3796 -0.298476 0.32175905 1.0
-740.5189542117622 408.67132466594484 -0.051936 0.094577 0.35426578 1.0
-582.2447920939167 321.29726835627434 -0.094506 -0.004407 0.2501676 1.0
-581.3464516104857 322.25543067226357 0.572634 -0.274163 0.24973932 1.0
-676.0854922125003 382.6443463451 -0.035328 0.197794 0.3186596 1.0
-532.5355576166925 332.1631695667573 -0.441787 0.188256 0.25465578 1.0
-529.529669269855 333.4067184992808 -0.03989 0.027453 0.2553652 1.0
-532.3376592774708 427.82575636643253 0.103805 0.080547 0.3514231 1.0
-534.2091243568951 426.77822500268456 -0.025936 0.009032 0.34999725 1.0
-542.3206143360067 432.96170053325295 0.117004 -0.290624 0.3568905 1.0
-530.7340072771784 425.99686442920074 -0.047342 0.150532 0.34937945 1.0
-529.9010321345629 426.5020579241362 -0.169287 -0.130911 0.3494935 1.0
-413.02347000560746 343.5762984171353 -0.196504 -0.011809 0.25443256 1.0
-409.2158776071186 342.5673085516848 -0.219347 -0.329797 0.2541784 1.0
-477.8775734163263 401.58251649129573 -0.185446 -0.065347 0.3176946 1.0
-653.6385622789263 301.3170887077466 -0.302291 0.188138 0.23274176 1.0
-826.4292717873109 397.5624357757936 -0.075929 0.017399 0.33841056 1.0
-791.523194729968 403.22756618597845 -0.042447 0.075031 0.3401254 1.0
-514.6363719182108 282.1061177513673 -0.180266 -0.067988 0.20264836 1.0
-689.7754291160477 393.21882196219866 -0.09469 -0.083676 0.31612924 1.0
-691.692358394342 394.68337491717216 -0.220136 0.210626 0.31781426 1.0
-541.9987135011872 313.2094074268917 0.210103 0.638009 0.22967638 1.0
-578.8514059561419 342.5978256741224 -0.065556 -0.248839 0.25704613 1.0
-724.0587897707109 428.4080967709336 -0.237146 0.045598 0.35460666 1.0
-552.4952388554123 332.401491315069 -0.817105 -0.465216 0.24664691 1.0
-638.0454692396461 397.19226287244567 -0.722911 0.156454 0.3146259 1.0
-320.2654148018186 246.8479275990187 0.806228 -0.174951 0.16307376 1.0
-537.012482481815 420.73245495166145 -0.211971 -0.103916 0.33046994 1.0
-522.7092868851378 433.41228301879164 0.243708 0.348409 0.3433571 1.0
-665.7069574824732 304.4249241052465 0.229476 0.175008 0.23384844 1.0
-865.667714484196 397.6596457735279 0.459984 -0.365051 0.33968738 1.0
-663.0118535503086 305.9271249135435 -0.038406 -0.361362 0.2328921 1.0
-887.3260311272153 410.6520541168006 -0.037247 -0.711297 0.35476705 1.0
-666.5098975491206 310.2386018848042 -0.286903 0.236366 0.23727746 1.0
-642.1948987912256 302.5018655631581 -0.475416 0.076292 0.22939332 1.0
-806.8886007638021 408.3563296498631 0.004937 -0.067917 0.3408314 1.0
-801.8311908324577 408.86153276465774 -0.047677 -0.121652 0.34065965 1.0
-822.9950724078323 423.89417460873324 0.056135 -0.082062 0.35887724 1.0
-907.4839462614133 401.71200298026196 0.112589 -0.132755 0.3423318 1.0
-684.1784997107053 304.39850189793617 0.112399 0.038514 0.23116235 1.0
-659.6643314157483 292.58789796264966 0.622422 -0.493872 0.21864998 1.0
-689.9157446650522 309.3576761009934 0.239701 -0.079147 0.23529914 1.0
-658.1723105266525 303.2035193722788 -0.050452 0.15312 0.22729881 1.0
-685.3635839127948 338.4824628087779 0.223909 -0.039434 0.25744915 1.0
-814.1509926386562 405.88230365889683 0.124518 -0.030205 0.3313102 1.0
-840.5545431724435 422.3060213861266 -0.264163 -0.473281 0.35103038 1.0
-818.0258799511167 360.1761187954198 0.009296 0.004837 0.28616157 1.0
-782.8240800801116 352.01334424997714 -0.337103 -0.140841 0.27369234 1.0
-874.0183477202344 397.0883816715103 -0.172694 0.00531 0.323782 1.0
-738.553540590848 354.577632659644 -0.073395 0.134576 0.26982975 1.0
-679.9810018749434 325.51078689538036 -0.252782 -0.014275 0.240691 1.0
-861.1060226724262 427.3442517826663 -0.019291 0.139588 0.35058403 1.0
-871.1130000809561 404.65168795111975 -0.090138 -0.110499 0.32833052 1.0
-619.4781899101819 294.97735676898907 -0.024993 0.043445 0.210874 1.0
-871.1481513016475 427.11454081170695 0.215274 -0.396539 0.3481108 1.0
-551.5779145494836 291.77309379200324 -0.043136 -0.293143 0.2018572 1.0
-675.2905100429027 448.5807400864766 0.013128 -0.085121 0.3493611 1.0
-565.8832560242957 382.40873799671147 0.270774 -0.036938 0.27505794 1.0
-515.1931757046954 362.2560522940855 -0.074097 0.272769 0.25335747 1.0
-433.1425115154567 329.2286142793097 0.199424 -0.131534 0.22155361 1.0
-542.90248116022 260.52215513284256 0.142864 -0.013498 0.17697266 1.0
-710.1306652838567 341.0025471000299 0.331787 0.380052 0.24949327 1.0
-676.0465887347726 328.2387426687417 -0.032545 -0.259149 0.23681583 1.0
-650.6193623754773 344.3086699136299 -0.077672 -0.046666 0.2455068 1.0
-790.5257388685193 425.9738190058006 -0.090893 -0.22731 0.32909217 1.0
-727.254214321672 400.1587100918374 -0.036898 -0.32952 0.29881406 1.0
-792.6869747644689 443.94739161790034 0.038019 -0.5007 0.3488941 1.0
-681.8981728992433 386.5699430892352 0.02022 -0.048065 0.28440854 1.0
-546.3099130853939 326.3447057943291 0.789398 -0.515794 0.22208223 1.0
-479.972746736375 298.2765087003959 -0.066147 0.125298 0.19713946 1.0
-592.708912084794 429.8040563710185 -0.351521 -0.147774 0.31685483 1.0
-618.8709487287706 455.75918901011596 0.306576 0.117193 0.34644854 1.0
-393.35232918387476 292.89627788373264 -0.309265 -0.785823 0.18799488 1.0
-662.5858429932965 331.3840844357193 0.284298 0.247137 0.23360884 1.0
-756.1741062507364 382.41075763477977 0.100322 0.187233 0.28169385 1.0
-806.1918239194765 428.81743652774526 0.384746 0.217677 0.32842377 1.0
-748.686712558086 403.55933317158525 -0.057526 -0.203444 0.29827332 1.0
-556.1289959738687 303.75323333084066 0.011726 -0.113411 0.20410515 1.0
-789.6090502289002 449.16568212809244 -0.605467 0.201595 0.34731233 1.0
-574.5611659361667 329.32033356110384 -0.110982 -0.05318 0.22401987 1.0
-510.0162964534307 375.893603298721 -0.052068 0.189066 0.25688297 1.0
-727.1623901770357 346.9105293799449 0.341037 -0.0122 0.24568571 1.0
-807.5466107482506 386.1441938678691 -0.248027 0.481844 0.2857402 1.0
-925.9035970243787 445.62881189355267 0.40235 0.612405 0.35225362 1.0
-659.0797376005158 318.74835926259766 -0.401424 0.312829 0.22021762 1.0
-852.6534783589393 415.9747826498636 -0.138564 0.3973 0.31557518 1.0
-908.883832032635 450.79976816375284 -0.040454 0.13464 0.35207728 1.0
-911.3533966606307 454.98645755347536 0.076227 -0.42351 0.35692993 1.0
-612.2814543692789 313.506116777736 0.197684 -0.109532 0.21163753 1.0
-746.0293714370084 380.8653811168564 0.039625 -0.011607 0.27402222 1.0
-585.2555987468652 302.24503075809565 -0.599181 -0.202792 0.20162115 1.0
-827.1335135808489 442.0930499354336 -0.002272 0.139189 0.33596754 1.0
-565.854586701087 306.3409379676928 0.404161 -0.065441 0.20182866 1.0
-688.846500945588 386.1341149613216 0.136791 -0.065349 0.2725791 1.0
-769.9771736768021 439.24768226219294 0.875095 0.098816 0.32797462 1.0
-582.9012492821881 347.6066296979086 -0.561579 0.300984 0.23466341 1.0
-718.6352605982332 429.59942613753475 -0.298181 0.441252 0.3132562 1.0
-737.6327085671423 468.0979727910991 -0.122321 -0.481676 0.35323372 1.0
-692.4254871085584 460.8256412846469 -0.126396 -0.47775 0.34093755 1.0
-537.2783219500297 384.6856459741393 -0.015926 -0.225495 0.26245937 1.0
-852.8682756336999 401.0419317279962 0.373197 -0.045019 0.29687455 1.0
-925.8148646485496 453.4122538491518 -0.07189 0.013848 0.34999484 1.0
-829.9170766039956 411.42442894091505 -0.510974 -0.363467 0.30170336 1.0
-693.5887216826223 354.17241612882816 0.317456 0.3421 0.24353601 1.0
-693.5710061217612 354.0248809560861 0.366414 -0.446546 0.24328691 1.0
-903.1083644609773 464.2398238043488 -0.083423 -0.143606 0.35763234 1.0
-688.507429726478 355.3421901472169 0.245045 -0.005788 0.24379802 1.0
-682.2892014125081 354.1606503658043 0.150203 -0.179193 0.24225998 1.0
-884.3371610472605 458.0063795641731 0.482951 0.257607 0.3501497 1.0
-888.5468096537492 460.6239209335992 -0.0151 -0.191803 0.35283214 1.0
-625.6090018289167 328.6033374925221 0.232372 -0.285329 0.21929777 1.0
-676.9019820350344 356.1534110511082 0.793938 -0.388234 0.24386278 1.0
-761.0186987955307 398.11643314516965 -0.228443 0.517316 0.28541285 1.0
-722.1341326179818 404.89775286341705 0.276087 -0.077086 0.2870832 1.0
-737.5519584159836 428.2091947153226 -0.029409 -0.157149 0.30862066 1.0
-553.3772360478097 330.80658862877124 -0.081919 0.04691 0.21482903 1.0
-768.7502764027599 461.72766907415934 0.515268 -0.508098 0.34150493 1.0
-741.7865906039115 461.11262036878264 -0.739727 -0.143894 0.3407638 1.0
-655.1469116500903 450.74711555875547 0.105289 0.067201 0.32255316 1.0
-562.2123628661083 397.98789264463335 0.077775 0.040634 0.27001786 1.0
-955.5580951546034 435.3859591770663 -0.058897 -0.042748 0.33090952 1.0
-873.9050865636303 416.70629317230214 -0.1905 0.421881 0.30692786 1.0
-935.1165044606473 466.62227192664875 -0.057382 0.763768 0.35558856 1.0
-932.1490961912586 466.36425535214204 -0.048254 0.156238 0.35702577 1.0
-895.9067700784141 449.58930830019887 -0.038393 -0.247033 0.3363956 1.0
-682.9987716982274 344.676715844229 -0.08368 0.237293 0.23089302 1.0
-785.7623461863241 398.66927807113103 0.041995 -0.061011 0.28103435 1.0
-883.507385425274 461.77587040577873 0.156648 0.064652 0.34739596 1.0
-876.5635837169641 460.860488484595 -0.098134 0.119762 0.34623566 1.0
-879.5690323297126 459.58259272253673 0.674067 -0.402256 0.34333915 1.0
-488.8463952609222 277.66537150823746 -0.111978 0.399265 0.17118125 1.0
-712.1785281215028 401.04224272852775 -0.263388 0.027683 0.27668753 1.0
-720.3294798653066 414.8244029397688 0.012275 -0.029489 0.28903726 1.0
-694.0819109803091 413.07923892816393 0.163162 0.045567 0.28752542 1.0
-684.7123958334536 404.67617677324006 -0.121395 0.114873 0.27770606 1.0
-564.8139061472017 342.727612833781 0.118905 0.005919 0.22194329 1.0
-882.639435024032 424.37136726352696 0.270971 0.166619 0.34501302 1.0
-659.7598000191479 323.47839896828947 -0.022599 -0.085701 0.23253746 1.0
-685.5531735321573 339.4112473182375 0.269933 0.232657 0.24808076 1.0
-859.8546027848619 435.1504203668425 -0.097719 -0.151678 0.35029182 1.0
-604.4286140074521 311.8915243707252 0.345042 0.024583 0.21878517 1.0
-849.7218650382614 438.5368749613663 -0.370972 -0.29094 0.35223898 1.0
-784.2401017994013 433.20705262318876 -0.060807 -0.065113 0.34017044 1.0
-616.4502431645058 347.04639862964757 0.102879 -0.095714 0.24662991 1.0
-585.3438835435375 346.32050571454414 -0.108738 -0.02965 0.24464537 1.0
-522.8026340684953 312.4833848323652 -0.132864 -0.267165 0.21219116 1.0
-730.4988081187813 439.29427966264774 0.022008 0.052875 0.34139884 1.0
-552.670668525259 357.48293652829767 0.525978 -0.821121 0.2504861 1.0
-691.5549983036624 450.0831293712855 -0.135251 -0.013263 0.34886214 1.0
-620.6332543106353 423.3841248190828 0.157928 -0.189255 0.3162578 1.0
-401.01081640259133 296.40676736386575 -0.409184 0.152234 0.19276635 1.0
-517.0281803992511 385.58975800919484 0.297905 0.21769 0.27251112 1.0
-870.04226349641 441.0216262082917 -0.405147 -0.196482 0.3521197 1.0
-636.5062822518613 361.1284521266456 -0.321044 -0.282147 0.25479192 1.0
-568.9798483811022 327.92235955017065 -0.148794 0.138371 0.22397335 1.0
-547.1082930084278 326.8927538508112 0.076457 -0.057895 0.22246735 1.0
-643.8422454655188 395.8048266095105 -0.066313 0.579239 0.2866778 1.0
-674.8277133433321 418.90778823104364 -0.068175 0.257693 0.30949175 1.0
-718.3510597414879 451.48713940734694 0.099473 0.03229 0.34648445 1.0
-430.18006754307345 297.688217257252 -0.084334 0.017577 0.19177261 1.0
-647.7220898956475 455.72197883245207 -0.291505 0.044796 0.34502944 1.0
-612.5756401221089 434.8533781590226 0.610535 -0.012416 0.31880137 1.0
-614.624715227084 437.4970904155982 0.224161 -0.009817 0.32154816 1.0
-632.1416761811954 455.5766275191337 -0.122022 0.068763 0.34253258 1.0
-407.97094072923926 303.38966030908387 0.282583 0.564529 0.1960563 1.0
-592.6670959799618 290.7945257273765 -0.016805 -0.066777 0.19605532 1.0
-671.8680985584057 335.8533565490207 0.082059 -0.006634 0.23561859 1.0
-631.6779078690257 317.423683032335 -0.410494 -0.236316 0.21779533 1.0
-635.518370725653 319.7508123938073 0.279658 0.132653 0.21880724 1.0
-649.4379311439326 334.961150395184 0.065814 0.163896 0.23202531 1.0
-879.8632988115988 451.0055374119508 -0.094417 -0.256989 0.35341486 1.0
-534.8299906775183 386.4149187622137 -0.240801 0.550383 0.2647034 1.0
-951.6503743127952 450.77849180319396 -0.130023 -0.073922 0.35384655 1.0
-928.7447216730167 448.4134392373841 -0.022095 -0.065052 0.35135913 1.0
-859.1087210514594 415.5443675193393 -0.207967 -0.091759 0.31180426 1.0
-857.1936658621993 415.85040764137784 0.259993 0.03604 0.3124967 1.0
-553.6982511035109 275.8647928693128 0.177868 0.211783 0.17983611 1.0
-906.1479723160219 461.90989878037476 0.057801 0.013556 0.3583216 1.0
-797.0387267529157 413.3470363191242 0.195884 -0.013189 0.30383852 1.0
-763.6837694773698 399.0966186512944 0.240478 0.112531 0.28789154 1.0
-723.8198463951054 384.47109688994766 -0.064054 0.09153 0.27207947 1.0
-559.3641641019742 306.1941903887901 0.355153 0.245834 0.20003937 1.0
-726.9870162770231 403.4338104150112 0.030383 -0.022672 0.28759655 1.0
-492.5243141897506 336.84010740798374 -0.591416 0.216621 0.21860012 1.0
-932.0363100107455 431.49641323679185 -0.109485 0.094825 0.32885617 1.0
-867.9745294113155 411.9814147646381 -0.10784 0.238481 0.30442244 1.0
-879.4129716166963 417.54340670741396 0.192743 0.312528 0.30962187 1.0
-864.1896757817681 410.90596610853197 0.154628 0.161178 0.30302283 1.0
-943.1580393172541 454.1560794888773 -0.056049 0.832308 0.34853938 1.0
-715.509912002242 348.44603203751234 0.57008 -0.042385 0.24005574 1.0
-934.1818559271819 454.808235064932 -0.231061 0.076096 0.34959042 1.0
-846.1745746272034 412.09195014936773 -0.103942 -0.059823 0.3003991 1.0
-927.171476225005 456.0668999022572 -0.040802 -0.089031 0.3485161 1.0
-772.0975258168884 399.526721019934 -0.255174 0.18919 0.28442216 1.0
-907.2985979698025 465.5808442789636 0.112464 -0.219219 0.35528076 1.0
-808.2999843209826 422.39700078487385 0.501018 0.352714 0.30686405 1.0
-631.7793314297021 329.97502986114273 0.309677 0.191419 0.2177534 1.0
-867.9273769171523 460.6018144597284 -0.048345 -0.196681 0.34659743 1.0
-788.9095189605858 423.87490437711165 -0.075654 -0.13891 0.30655822 1.0
-755.1953100180205 428.2754864942629 -0.079336 -0.016496 0.30801883 1.0
-722.0219055998714 410.2511266650197 -0.044379 0.188836 0.28727603 1.0
-567.6903294362146 341.5103089065974 -0.270127 -0.110199 0.22307791 1.0
-659.5487084345933 406.2554706897769 0.370757 -0.262998 0.2816167 1.0
-655.6125152218921 406.37955406200217 0.311092 0.696364 0.28156847 1.0
-664.1885649013738 422.40659995503927 -0.073358 -0.34145 0.2959141 1.0
-921.2823398667757 423.43089488961095 -0.049852 0.019774 0.3135804 1.0
-952.1140456766648 440.21407844866894 0.037122 -0.309239 0.33123788 1.0
-938.9608929063371 439.12745829022015 0.082186 0.471942 0.32809854 1.0
-808.5500818573485 387.8875665685025 0.093366 0.477282 0.27289248 1.0
-597.4045409917653 298.3880440621594 0.516462 -0.186643 0.19084165 1.0
-588.0849095516011 294.0113188037898 -0.014654 0.335161 0.18719618 1.0
-850.0500700815273 427.5972125414244 0.034987 0.018832 0.31027782 1.0
-851.182865578865 427.5346830583574 -0.238158 -0.114013 0.30998114 1.0
-860.152494719349 432.1840587310262 0.07228 0.063184 0.3132253 1.0
-789.605206638239 400.0259747261466 0.160897 -0.090359 0.28046295 1.0
-902.1845550301326 462.98535669289714 -0.107478 -0.091775 0.34685066 1.0
-914.5055564354782 476.74405412617654 0.194415 0.266366 0.35931113 1.0
-833.1303562192023 437.820663979423 0.093782 -0.147893 0.31586796 1.0
-776.2406543625102 430.67739671817725 0.360449 -0.080055 0.30583483 1.0
-742.1807113698259 419.4707946494568 -0.449951 0.259033 0.29272175 1.0
-719.741236165489 417.0611458450521 -0.416657 0.184993 0.29026282 1.0
-727.5500133858695 421.1148553459042 -0.007507 0.4146 0.2920857 1.0
-692.0030590217542 412.4784786779374 0.104344 0.151767 0.28350246 1.0
-572.6115126991731 283.75318668043815 -0.126049 0.153962 0.23213488 1.0
-790.9020664311248 389.5633096035913 0.025793 0.565007 0.34705037 1.0
-599.9568718085402 422.89882431070976 0.073848 -0.697215 0.3596068 1.0
-586.3815695881601 340.38871686940024 -0.345088 0.357907 0.30289647 1.0
-604.7552698604794 350.6002125857766 -0.250519 -0.281059 0.31701225 1.0
-477.8406366965274 279.35838377196444 0.017474 0.081579 0.23017028 1.0
-641.2232773780165 380.02858739878116 -0.092179 -0.227426 0.35471153 1.0
-508.80760116022765 351.7953278460544 0.086286 0.392258 0.30457062 1.0
-506.26845244565817 351.89852638372724 -0.069689 0.248171 0.30425322 1.0
-532.8273965079732 393.6142061861385 -0.225665 0.092218 0.3551004 1.0
-411.42845403881955 312.13869008295336 0.193702 -0.625115 0.25446382 1.0
-335.0447314896654 253.4070682797215 0.097955 -0.049627 0.19349664 1.0
-654.4071432043406 379.189619172759 -0.121537 -0.110882 0.34929794 1.0
-642.3585466424059 379.00143700366283 0.094643 -0.166056 0.34819645 1.0
-598.5345692766505 364.5309748286085 -0.050203 0.366488 0.32290253 1.0
-578.8356758926586 367.0039092203238 -0.109978 -0.104104 0.32450274 1.0
-574.0558445629199 366.78034001019745 -0.225998 -0.346939 0.3233757 1.0
-435.85702263930796 284.8287857073417 -0.011735 -0.206862 0.22655572 1.0
-595.4130660008174 389.37088681045833 -0.020221 0.184881 0.35234204 1.0
-590.8976643662418 389.70783000845967 0.10225 0.697741 0.3498321 1.0
-374.12422767711996 258.49027986511896 0.000294 0.658542 0.19781157 1.0
-485.9661039166603 337.1391243621422 -0.124051 -0.323663 0.28212026 1.0
-478.90417161405446 338.4756922978375 -0.019263 0.325114 0.28297082 1.0
-350.63205665417905 259.5963408129015 0.090139 0.079066 0.19676778 1.0
-504.741798555496 377.64105156335165 -0.189014 0.233648 0.32907605 1.0
-342.1334601252613 262.4264210985309 -0.242592 0.176212 0.19857074 1.0
-688.3734876525108 384.5605727657465 -0.050017 0.067559 0.35030508 1.0
-625.9982121343679 365.16078622062736 -0.013983 -0.045212 0.32191896 1.0
-585.4834440186648 370.26877962941865 -0.029255 -0.141888 0.3232784 1.0
-577.4148827469404 395.0202911382899 0.271316 -0.29899 0.34921682 1.0
-478.44837309644606 337.3637582367347 0.180151 0.258231 0.2758067 1.0
-465.0084913078715 329.00080967706 -0.182806 -0.404666 0.26503605 1.0
-362.9448022508809 262.7065645034395 0.014443 -0.814371 0.1974804 1.0
-474.6819554018082 340.20189456407735 0.091882 -0.04758 0.27791822 1.0
-461.9473572482157 330.75160343223496 0.29621 -0.030665 0.26679775 1.0
-445.7662109514821 321.26502116825526 -0.011084 0.016511 0.25626573 1.0
-561.5882996722504 405.534538455296 0.26155 -0.149164 0.35947058 1.0
-457.58456831727466 330.48976289810355 -0.704142 0.434665 0.26605633 1.0
-511.23702958383814 377.7998588775851 0.039851 0.00534 0.3204606 1.0
-512.9277449430275 379.14489731519086 -0.038477 0.280598 0.3223584 1.0
-504.04589710829396 376.5968533657171 -0.063984 0.147203 0.32084113 1.0
-503.15763632083 376.42905580038024 -0.0449 0.228759 0.32082188 1.0
-403.333704941272 309.76118261693654 -0.20468 0.223869 0.2430537 1.0
-518.9944269854454 398.0833081265304 0.326662 -0.127261 0.34546593 1.0
-476.4352375021202 405.57649718891184 0.087916 0.282735 0.35274312 1.0
-701.4241038817789 385.8773937718237 0.206075 -0.216138 0.3487585 1.0
-618.4968575381217 347.9576308948709 0.156302 0.247275 0.29508716 1.0
-544.7405951809151 313.0974071333683 -0.193857 0.457114 0.2550822 1.0
-507.03066670610866 292.50426330497766 -0.274695 -0.686864 0.23103587 1.0
-621.6883823382028 364.39829949574425 -0.17495 -0.094455 0.31380752 1.0
-476.9890706379271 291.0521121708643 0.016383 0.678049 0.22722022 1.0
-472.81521960701735 290.07270960196814 0.055159 0.009084 0.22663932 1.0
-411.61282565310336 264.37630613360875 0.072563 0.093744 0.19873136 1.0
-533.7043038030229 361.0596406578222 -0.09727 0.329905 0.29939207 1.0
-488.5954910510381 334.69348413464763 0.197102 -0.14883 0.26804614 1.0
-488.4288392642741 339.79430402382457 -0.100164 -0.044092 0.27482247 1.0
-487.93089241818416 341.5120220121619 0.089101 0.165299 0.27495047 1.0
-531.8276253849987 400.2290570063654 -0.485872 0.360085 0.34321237 1.0
-425.406325720385 337.1391375917621 -0.394967 0.397909 0.2650697 1.0
-476.56856729860647 388.67594271354767 -0.3608 -0.235474 0.3240894 1.0
-401.0210231625442 337.44676471750785 0.00896 -0.144768 0.2643036 1.0
-335.9722347641353 284.65625143910603 0.439377 -0.146559 0.20979342 1.0
-382.7580344832618 333.82523672080225 0.071685 0.456119 0.25950044 1.0
-459.38496488579824 399.3167326507174 -0.250747 0.218589 0.33380842 1.0
-704.6986552539468 393.36942723726037 -0.018032 0.09572 0.34939736 1.0
-559.6153367748844 316.6777488536431 -0.014539 0.163796 0.2540643 1.0
-562.5953163063328 329.66058332910404 0.131756 -0.130664 0.26705647 1.0
-677.588189449825 407.5100234219091 0.624641 0.162247 0.35980102 1.0
-646.2865112579989 400.84933602457323 -0.137955 0.429648 0.3476279 1.0
-565.4431758669949 351.21710063595253 0.002597 0.000911 0.2870253 1.0
-543.1231213518038 384.9135149976971 -0.174541 0.09789 0.31856894 1.0
-550.2280641115188 412.9765710236874 -0.503893 -0.393745 0.35313 1.0
-745.6843104003129 400.4577278818343 0.023621 -0.017749 0.35545534 1.0
-745.8516037693139 400.9805193453589 -0.145985 0.237248 0.35587382 1.0
-620.0880448275665 348.4328371083625 0.087118 0.02929 0.28638813 1.0
-556.8119639761775 315.00800163381126 -0.009496 -0.055041 0.24878484 1.0
-623.2880057228666 356.3157520341284 -0.715699 -0.47043 0.29182735 1.0
-622.4294187196202 356.7816130845714 -0.031731 0.042657 0.2931096 1.0
-621.0858100060143 356.3208638841565 -0.111195 0.04661 0.29251096 1.0
-580.4161824869439 376.47808159133467 -0.353894 0.33709 0.30694494 1.0
-596.8408066844293 412.51704469924124 0.21736 0.107591 0.34893587 1.0
-568.9504635612077 418.12964652872495 -0.548883 -0.245331 0.35412395 1.0
-387.93131971802035 324.9026596994115 0.061111 0.137548 0.24163951 1.0
-601.5789409768422 325.2372620092207 0.063847 -0.097212 0.28904396 1.0
-451.9013872783428 248.95886699173795 -0.201269 0.456967 0.2018691 1.0
-664.5611858830354 369.82528774792195 0.878344 -0.239787 0.34703273 1.0
-705.5515656345636 353.8482107823292 0.258562 0.009681 0.32858285 1.0
-677.2106925592178 345.39578716678415 0.139263 0.303032 0.3156226 1.0
-672.485179772836 346.2303611482889 -0.833263 -0.234193 0.31535736 1.0
-666.364120902136 343.9489970300052 0.395691 0.776992 0.3124174 1.0
-716.9548439502344 376.54573848340186 -0.070478 0.255996 0.35829172 1.0
-667.8251199075686 365.8513183699648 0.027962 0.282199 0.33703825 1.0
-767.1435280358934 376.8764297188299 0.205361 0.455019 0.35614496 1.0
-503.0971603174753 249.41888815567327 -0.011216 -0.264035 0.20148402 1.0
-561.3113778659324 277.4557345385364 -0.229654 0.276321 0.23235716 1.0
-688.827613109027 339.3150618436487 -0.171636 -0.736201 0.30417714 1.0
-686.5646543777106 340.3210228917685 -0.023934 -0.069664 0.30490994 1.0
-555.6240547392008 278.8391085437574 -0.109675 -0.606881 0.23194705 1.0
-652.5810272971837 331.519209118533 0.084066 -0.096295 0.29196328 1.0
-643.8659977806279 333.49764148943444 -0.612233 -0.033359 0.29162928 1.0
-618.2870607869684 320.76086217011937 -0.151612 0.333945 0.2766704 1.0
-699.5684157333419 366.10129384463045 0.248882 0.036459 0.33540058 1.0
-478.7314404699384 253.48397968413428 0.383873 0.473031 0.20077898 1.0
-621.3879321521204 332.1548602201864 0.214493 -0.387428 0.2883297 1.0
-587.4205748390316 324.02228204093194 -0.007689 0.063546 0.27676526 1.0
-704.34493952067 346.4576473923882 0.301513 -0.484624 0.30857474 1.0
-762.7960030670162 372.6263530661185 -0.031412 -0.004924 0.34273708 1.0
-510.5586183146207 252.29945483283137 0.018905 -0.091621 0.2000781 1.0
-622.3560866313857 311.4348253383809 -0.415636 0.052059 0.26251397 1.0
-667.4202195275502 338.19044362624345 -0.642085 0.303067 0.29501 1.0
-506.65689741577836 256.3446500886429 0.032681 -0.574228 0.20329449 1.0
-655.4863196813528 332.3111538495396 -0.135962 -0.056151 0.28641307 1.0
-618.9521394288506 318.4455963079793 -0.402515 0.072965 0.26847124 1.0
-702.3015565663749 367.6138326425692 -0.09291 -0.208335 0.32852793 1.0
-835.501586810966 378.84126359991046 0.301947 0.407551 0.3569626 1.0
-820.6646268964128 375.5196911501944 0.055322 0.178982 0.3517979 1.0
-732.0635053783808 345.7296956547491 0.040216 0.077046 0.30601615 1.0
-808.5722193493948 386.39204234631103 -0.154057 0.275986 0.3596558 1.0
-719.41283473721 349.89591921705 -0.143424 0.33056 0.30893117 1.0
-678.6325550653186 334.8847581723226 0.029672 -0.538694 0.28599337 1.0
-674.9311197261337 340.0706632748107 0.05431 -0.007 0.28967732 1.0
-503.1670577780439 264.0732005355913 -0.167484 0.04305 0.20529711 1.0
-420.2692472687264 222.57015237193616 0.547881 -0.109657 0.16472645 1.0
-592.988415481122 315.16199596324265 -0.149426 -0.045176 0.25631076 1.0
-586.6229841930023 315.8799762644565 -0.53375 -0.015117 0.2560578 1.0
-812.713142773967 379.5181202395724 -0.137624 0.057973 0.3433789 1.0
-679.1695278805236 319.8524524975453 0.220442 -0.003415 0.26939127 1.0
-666.013409486754 318.05000834187575 0.346078 0.315769 0.26539356 1.0
-726.8938692950998 355.9241389683468 0.264498 0.071832 0.30793998 1.0
-763.5337345517231 373.93481768055517 -0.01594 -0.086696 0.33211812 1.0
-678.5996756677735 336.7216308434822 -0.021655 -0.431161 0.28264824 1.0
-554.7577699561805 275.49398270431465 0.145372 -0.126031 0.2154523 1.0
-703.5113330423668 350.6147968234759 0.4364 -0.187697 0.2979947 1.0
-688.9650617565256 350.0091440777159 0.215808 -0.159959 0.2968222 1.0
-690.8123037773138 351.52289508218684 0.135048 -0.45619 0.29750967 1.0
-559.9708757716382 286.8860545406066 0.141339 0.34358 0.22476344 1.0
-757.0726002778601 389.8140204399246 -0.153083 -0.293167 0.34527424 1.0
-770.4742033200325 398.05007157277083 -0.288071 -0.157262 0.3555143 1.0
-569.9033889111154 294.38125616867 0.593448 0.169051 0.2316274 1.0
-750.1034271012683 394.3734842632006 0.127401 0.013359 0.35086805 1.0
-749.1558748850746 393.9194048935638 0.627823 0.309693 0.35026896 1.0
-503.4164094682782 264.88510617895395 0.82658 -0.266642 0.20138076 1.0
-649.1851469831821 343.19122276796605 -0.124459 -0.121325 0.2832197 1.0
-644.8928820184017 381.60877769466987 0.279635 0.159583 0.31396264 1.0
-597.6671414518487 367.7463498567639 -0.071058 -0.053008 0.29778734 1.0
-596.3899692808011 368.79026970706195 -0.049099 0.541065 0.29846376 1.0
-537.4853576662832 329.88561024610357 -0.240832 -0.248553 0.25433597 1.0
-570.138903489788 361.11885636935847 0.738686 -0.066273 0.2865337 1.0
-566.3949947198873 361.02261832407385 -0.194135 0.076098 0.2854887 1.0
-649.5477571801748 421.2003300553491 0.240455 -0.345222 0.35856697 1.0
-434.5481479053729 303.9221966107957 -0.050498 0.252317 0.22342937 1.0
-456.38332958574483 330.5176395895257 -0.29776 -0.382205 0.24725246 1.0
-440.44482710082116 328.23617376893486 0.044136 0.14563 0.24468802 1.0
-431.2508073798533 332.43265264155013 -0.060251 0.207202 0.24719557 1.0
-430.2332065573268 332.7948883179504 -0.019516 0.333254 0.2474973 1.0
-530.267556468514 411.75755801707584 -0.47038 0.704038 0.33423394 1.0
-390.19103402929585 327.04225366374106 -0.336888 -0.297114 0.24016109 1.0
-515.82311263017 434.4736862354925 -0.105183 0.000215 0.35911587 1.0
-509.3548995512012 330.0146206041772 -0.260637 -0.055471 0.24735354 1.0
-543.0879024981303 356.8877619594963 0.288885 0.101759 0.27570844 1.0
-537.5856989569694 359.021765575514 0.02613 0.03613 0.27600372 1.0
-440.12977123734765 333.245805271598 0.068185 -0.209953 0.24558185 1.0
-405.893432319994 304.2580900504285 0.070979 0.510109 0.21741459 1.0
-557.8490456031841 422.35413250025914 0.175654 -0.115217 0.34322828 1.0
-573.8464659407192 434.1290608432247 0.172448 -0.197812 0.35948253 1.0
-537.7638900633259 413.8915753975672 -0.387459 -0.388906 0.33263576 1.0
-704.5023858499576 395.2952161819088 0.065825 -0.018788 0.32249728 1.0
-700.5188968568319 393.76285702331006 0.526336 -0.240599 0.3200061 1.0
-693.6744742007978 402.42551131748246 -0.27848 0.015297 0.32798293 1.0
-515.2244382325142 362.06849571401875 0.022437 -0.069388 0.27322748 1.0
-513.8626536027622 361.8236165153989 0.090663 0.087033 0.2730063 1.0
-612.1406353930719 430.70662938852576 0.043587 0.060342 0.34886518 1.0
-575.8624351583791 427.42036315632146 -0.044756 0.443282 0.3435381 1.0
-565.1030371218565 436.41191748656007 0.034716 0.526755 0.35283095 1.0
-716.5487807913046 395.65021430856495 -0.049994 -0.106224 0.31986186 1.0
-595.2361630775082 344.29258342857037 0.132577 -0.173489 0.25790694 1.0
-680.4673888829756 409.52429630968925 0.339323 -0.069022 0.3272134 1.0
-638.1645294411433 384.9325596177911 -0.123689 0.130586 0.29898858 1.0
-639.6737770041375 386.93545107829567 0.467838 -0.055463 0.3015004 1.0
-578.841689450148 349.0152030262303 -0.087651 -0.10337 0.2600313 1.0
-567.8499306682411 349.2104222363685 -0.108831 -0.099991 0.26086086 1.0
-682.7710979748708 430.9551203767471 0.042361 0.101339 0.3517051 1.0
-365.94491779817355 283.4816492310457 -0.081714 -0.00959 0.19217025 1.0
-367.7897768006794 285.5539273214074 -0.143133 -0.366265 0.19359928 1.0
-556.3350491592875 432.9458522513804 -0.176708 -0.046579 0.342873 1.0
-587.6589191502509 318.2598649746946 -0.04054 0.000843 0.23148853 1.0
-734.299550167209 436.8702540423225 0.127515 0.062303 0.35384104 1.0
-702.0589325474558 431.50840153160965 -0.142187 0.627435 0.34512484 1.0
-640.1508384988053 430.0200542797707 -0.52771 -0.525499 0.33971813 1.0
-596.7630903273725 428.4941275579945 0.519618 -0.197524 0.33247367 1.0
-419.31699799311343 318.93799156938684 0.435923 0.091081 0.21887797 1.0
-523.1181677965296 411.31800002257813 -0.61487 -0.566148 0.3088665 1.0
-672.9417665176114 374.5941309976854 0.368984 -0.197306 0.2809814 1.0
-640.1031364539529 366.014731780998 -0.357186 0.374582 0.27153072 1.0
-753.3285098505179 440.3175306572472 0.01865 -0.627035 0.3517975 1.0
-581.5239556674214 345.6248220051327 0.808037 -0.077343 0.24893737 1.0
-644.3506405764043 383.4365871696483 -0.897677 0.008271 0.28675365 1.0
-709.0020499732558 433.41639068917 -0.311444 -0.075784 0.34146744 1.0
-678.6272763780005 445.7815604061072 -0.343501 0.076371 0.3503813 1.0
-675.4750768855693 443.8164674203896 -0.193667 -0.13643 0.34807363 1.0
-666.3930276526967 443.6288919793459 -0.209509 0.281898 0.350266 1.0
-601.4236329300371 423.94588663335446 -0.01341 0.129519 0.32252386 1.0
-600.6765574292814 424.1044866352367 -0.485741 0.793014 0.32265496 1.0
-480.80975569893354 365.3318631121454 0.166729 -0.062806 0.275852 1.0
-518.841355355418 405.85885244553333 0.210005 -0.177916 0.31827816 1.0
-513.3745598532738 320.3543537148123 -0.196393 -0.100869 0.2960706 1.0
-422.2338457711115 263.656057149867 -0.273719 0.525743 0.22250168 1.0
-537.4285128160726 337.0798616614717 -0.000537 -0.010749 0.31039518 1.0
-446.65825511963254 286.86556353299443 -0.42948 0.045589 0.24638472 1.0
-492.40561424962897 278.00860240565294 0.072774 -0.364639 0.23936106 1.0
-609.2445485036299 345.1132215803159 -0.103016 -0.115806 0.32288843 1.0
-416.5748573362595 250.02845774673827 0.216441 0.058241 0.20636214 1.0
-596.529307412302 361.29578197385786 -0.246552 0.082452 0.34008378 1.0
-465.0099943042523 282.1149552862048 -0.211261 0.291902 0.23957884 1.0
-575.0833642865942 377.9969049131851 -0.142388 0.110291 0.35624877 1.0
-440.5604515655272 306.3641297776264 0.215489 -0.256805 0.26032838 1.0
-673.7904795571618 374.016417694078 -0.12233 -0.007565 0.3599608 1.0
-640.7762790609922 364.8636792463585 0.288348 -0.310682 0.34270534 1.0
-525.9093291358159 303.0456562920931 0.161999 -0.24035 0.26244834 1.0
-497.09605496287776 291.7300267482611 -0.247612 0.087029 0.24923347 1.0
-505.5412522904727 333.61046843454267 0.249513 -0.159215 0.28939024 1.0
-523.2342230085419 367.33314825674506 0.031764 0.055214 0.3310279 1.0
-439.134456366846 322.8603326637781 0.346385 0.207672 0.2718858 1.0
-521.3414479219567 387.3356617914298 0.627649 0.240739 0.35322848 1.0
-505.72620182372725 259.5765601530511 -0.151213 0.24887 0.21507911 1.0
-633.5446899139209 326.2538311077547 0.118818 -0.167635 0.29336035 1.0
-700.8045158854718 366.4917554423984 0.504809 -0.321869 0.345666 1.0
-590.8659825388138 322.5930522565169 -0.222241 -0.076013 0.28377974 1.0
-662.0976185516669 363.94661393167064 0.207965 0.143785 0.33593166 1.0
-484.88108319735187 279.36601972074544 -0.022715 0.110397 0.23021363 1.0
-372.64381410748 216.11223954602514 0.528928 0.072698 0.16480389 1.0
-647.1548786531429 382.1259084894083 -0.267658 0.294694 0.35298997 1.0
-539.9595532319968 342.547112247581 0.442432 -0.527986 0.29719037 1.0
-518.2047947545016 336.3809559145586 0.079371 -0.187913 0.28803343 1.0
-515.590528478555 336.6412880495183 -0.038465 0.082665 0.28628483 1.0
-512.9160683985203 337.30463826750565 0.232932 -0.174737 0.28767097 1.0
-546.2393175745145 372.9086154846548 0.42681 0.331889 0.32905632 1.0
-515.1544901323965 354.63565094910996 -0.022064 -0.680845 0.30483 1.0
-505.62709489535763 356.01533868543254 0.521492 -0.302557 0.30526185 1.0
-498.8288994449412 382.8474641240329 -0.12453 -0.074754 0.3380046 1.0
-683.9313435973643 348.851498823491 -0.117064 -0.283302 0.31703234 1.0
-667.6459710838643 381.09853865951527 0.117388 -0.190809 0.3498217 1.0
-440.46832344904817 284.2452833433898 0.038883 -0.13331 0.22516747 1.0
-445.69124418378317 290.3031797170581 -0.080083 0.622502 0.2296765 1.0
-509.7242890596054 350.51796343111505 0.006481 -0.120219 0.2956804 1.0
-559.601942654597 383.7771459743574 0.449397 0.119433 0.3364588 1.0
-477.06591112453117 358.3824421259827 0.160428 -0.078576 0.30155548 1.0
-513.6886250422326 384.1692093510929 0.101674 0.022931 0.33289024 1.0
-417.23291847770537 324.9158469473079 -0.312533 -0.045943 0.26089296 1.0
-702.3545863897691 340.5782418557375 -0.183354 -0.29175 0.30497062 1.0
-689.3768832167082 340.10147555128026 0.006123 0.089511 0.30463094 1.0
-667.3609554356162 330.17908479747473 -0.255675 -0.292793 0.29034337 1.0
-689.2287156013991 343.73189067752395 0.01861 -0.16513 0.30806342 1.0
-552.5498285542336 275.0269086177456 0.355956 0.243429 0.22585031 1.0
-674.5979345752366 337.96148007993764 -0.11105 0.442065 0.29717466 1.0
-713.9829293735361 359.18364071925 0.124248 -0.04771 0.32638687 1.0
-626.959274511843 323.2694295837018 -0.40298 -0.084052 0.276317 1.0
-698.6033086328305 371.15911688880584 0.7419 0.276065 0.33660585 1.0
-512.6524027096602 284.9202981859006 0.040826 0.220987 0.22789218 1.0
-696.8752230839297 385.9070179215009 -0.537497 -0.157984 0.3499567 1.0
-691.2999143641243 384.56728131329504 -0.074445 0.003251 0.3495529 1.0
-438.854297216579 264.2022928841072 0.1673 -0.022829 0.20387578 1.0
-532.3416326611091 321.3941902180805 0.200308 0.455674 0.2623884 1.0
-534.7469122399759 332.5389111124144 -0.235919 -0.116453 0.2747805 1.0
-540.6901888235255 341.06218638402737 0.006538 0.225587 0.28166518 1.0
-528.7638731915639 337.43649109083407 -0.408341 0.128167 0.2770216 1.0
-565.0509285713802 392.9283168353184 -0.040466 0.057111 0.34231612 1.0
-565.0328416801523 394.6918375360742 -0.01835 -0.00058 0.34288457 1.0
-507.89235344615355 381.21170211535207 0.264593 0.024167 0.32243457 1.0
-510.413807998175 380.49079786707364 0.226084 -0.565703 0.3217034 1.0
-524.7113858093959 399.24260526180336 0.015402 -0.599347 0.3445896 1.0
-535.2609242760568 408.6966516656346 0.170675 -0.563208 0.35827976 1.0
-460.9884978475958 353.07920200224197 -0.204968 0.190673 0.28835294 1.0
-425.61339167767915 365.23247398625205 -0.261641 -0.184373 0.29811257 1.0
-535.3571832579839 251.5512237796593 -0.158334 -0.384889 0.20080698 1.0
-768.0268588243681 370.5988785720152 -0.242754 0.650771 0.34041485 1.0
-768.3667553950287 371.15940077599817 0.289274 0.194307 0.3411858 1.0
-772.1317101917331 373.43540372623033 -0.09695 0.075788 0.34422597 1.0
-681.4638950632877 328.34791047677146 -0.036684 -0.051179 0.28434485 1.0
-710.638877004067 349.97834707999345 -0.013085 -0.038606 0.30950302 1.0
-757.6410351443589 372.1708005187494 -0.123104 -0.085994 0.34057835 1.0
-671.5197404403053 333.4429672370787 0.362496 -0.215291 0.28822282 1.0
-740.477368018982 365.19637440283674 0.090604 0.13853 0.32766834 1.0
-667.7864303576542 330.7280381853775 0.090021 -0.026871 0.28543395 1.0
-731.7065464156209 388.82820964506516 -0.034611 -0.063997 0.35020897 1.0
-634.2068861210992 343.0484729658192 0.099688 -0.053566 0.29147142 1.0
-716.7592359754508 389.24246126877904 0.347327 -0.277536 0.34949204 1.0
-478.3533009307286 271.3870161947228 0.442126 0.377436 0.20912091 1.0
-616.389125166036 351.2879127497932 0.041611 -0.086691 0.29521585 1.0
-651.1131444130335 373.1263520221061 0.095353 0.467489 0.32182154 1.0
-500.85035692391455 290.8424262768153 0.645909 0.187313 0.22883125 1.0
-473.61705853096277 292.5673866534122 -0.02911 -0.338214 0.22744268 1.0
-553.9851941486083 342.0470044658292 -0.072754 0.236684 0.2794393 1.0
-461.5419387515822 301.0471691194263 0.173122 -0.256312 0.23303927 1.0
-408.4209987519139 265.3962240925929 0.834439 0.277863 0.19797228 1.0
-551.2990762621846 363.1436425152065 -0.080123 0.005163 0.29966784 1.0
-480.8525743585206 333.4688628073324 0.24747 -0.163964 0.26538497 1.0
-575.839090367422 413.39028225909607 0.060189 0.282523 0.35998636 1.0
-454.22502235877874 332.45075526505445 0.334514 -0.1184 0.26085088 1.0
-529.1444931860675 390.03761361316896 0.095417 -0.181884 0.3278932 1.0
-553.1004353639346 410.0275534013403 -0.171057 0.222152 0.35340562 1.0
-534.7690627205077 394.38213335519214 0.106903 0.121148 0.3333867 1.0
-552.3974733899353 410.29027458730866 -0.010501 0.255206 0.35318246 1.0
-542.346819143813 404.2429053086555 -0.154494 0.557721 0.34465623 1.0
-446.55394730626125 338.44688849158325 -0.302334 0.899565 0.26494613 1.0
-479.04585727960466 400.32351558774775 0.305199 0.237644 0.3331598 1.0
-362.0513596543235 312.2464377993291 0.270116 0.256354 0.23487772 1.0
-376.2149699378424 338.8855525303531 -0.034975 -0.235567 0.2624589 1.0
-823.4653932355732 382.4938521998962 0.587891 0.346636 0.35360655 1.0
-787.0914396938015 377.1260636243823 0.075499 0.390404 0.3402625 1.0
-730.054974765044 352.63961041532724 -0.131027 0.070615 0.30931374 1.0
-775.0085506129179 373.8766480235604 0.013538 0.051378 0.33621782 1.0
-591.0653083474156 288.29081583969537 -0.205895 -0.240148 0.23315029 1.0
-523.5101462151918 259.2021955260637 0.242275 0.291762 0.20242141 1.0
-702.1411959841718 347.3233362014769 0.109468 -0.400594 0.29893565 1.0
-770.9856504363502 383.1248857089878 -0.047799 -0.497702 0.34476352 1.0
-676.7147317637045 336.81775568173686 -0.289059 -0.107517 0.285478 1.0
-671.8979953871487 335.6935497512347 -0.120456 -0.081793 0.28451142 1.0
-674.4654832802374 339.22949390033455 -0.005603 -0.16116 0.28831494 1.0
-686.5497057687601 346.9371147546433 0.304935 -0.1457 0.29727262 1.0
-774.3489555232799 389.20265326643715 -0.015875 -0.186949 0.35209712 1.0
-662.0775041645604 337.7135402507617 -0.476778 0.103749 0.2839242 1.0
-509.9626207760596 260.3086504551136 0.524071 -0.559649 0.20018709 1.0
-612.8966782906372 320.4796477509446 -0.308226 -0.179428 0.2618624 1.0
-499.0518165524388 264.397243384997 0.001903 -0.135928 0.2025113 1.0
-638.6360286238936 337.95751711515027 0.231294 0.111583 0.28033343 1.0
-619.8935971866058 339.0971711536027 -0.141321 0.243636 0.27881247 1.0
-524.1269976675334 284.97650039264556 -0.014831 -0.031994 0.2208822 1.0
-614.3643097389584 337.1874677012518 -0.825282 -0.131695 0.27682006 1.0
-619.6305657638975 347.70331643742225 -0.135895 0.053544 0.28607264 1.0
-564.2932886334575 317.3820337923874 -0.718404 -0.479872 0.2524811 1.0
-715.6401229854145 401.86824269686804 0.172514 0.155871 0.35655594 1.0
-636.2795181944368 360.3183120642803 -0.011211 0.484804 0.3015308 1.0
-561.4912748975624 318.3949990310388 0.035299 0.077131 0.25261962 1.0
-564.2231213223406 321.21240134405775 -0.153477 -0.286448 0.25529602 1.0
-560.7390960191374 321.43049202071774 -0.665429 -0.099997 0.25591436 1.0
-545.9881703349209 318.4935330733166 -0.066965 -0.095716 0.25267303 1.0
-560.7763980669101 355.35340946394683 -0.279663 0.079527 0.28736895 1.0
-566.4135096699637 366.2087586113241 0.025709 -0.36736 0.29937446 1.0
-529.2483621413122 342.8651573299757 0.094195 -0.096468 0.2715805 1.0
-517.4267688608176 336.2008110187821 -0.080674 -0.087783 0.26412857 1.0
-513.1677613493182 335.63142321616084 -0.154315 -0.12488 0.2642326 1.0
-509.97134710160196 345.83640871017633 0.380778 -0.170784 0.27339053 1.0
-568.4878162725643 388.72608008615134 -0.067227 -0.297869 0.3219613 1.0
-561.5442287186719 384.6277234789678 0.074696 0.151933 0.31680724 1.0
-431.62006966832274 300.60722681533 -0.003352 -0.251037 0.22548346 1.0
-424.80333659169804 300.6205296043741 0.35332 0.046705 0.22495857 1.0
-319.32011606535616 280.4852223028984 0.10866 0.123225 0.20066445 1.0
-425.0251535998279 372.93773886306263 -0.046319 -0.107957 0.29453555 1.0
-676.8982941597233 313.51228448414236 -0.475721 0.005723 0.25979775 1.0
-759.2213821230688 353.67833848842105 -0.116191 -0.03713 0.30908066 1.0
-676.759986924725 325.2364924564388 0.347204 -0.525123 0.2702935 1.0
-779.9273236279029 378.52652103831036 0.125858 -0.065856 0.3339909 1.0
-774.9456663002211 374.5190435884496 0.25322 -0.105752 0.3289349 1.0
-796.3844912509568 396.4885437888496 0.315994 0.223249 0.35465187 1.0
-775.5803689736119 399.0367251293585 0.253486 -0.258056 0.35601613 1.0
-655.5956386423659 341.4889863710762 0.32542 0.74646 0.28017768 1.0
-739.7227729116256 406.4859002297459 -0.053277 0.160249 0.3560417 1.0
-574.9120186321417 322.11909377486705 -0.010464 -0.077536 0.25383908 1.0
-658.7982925607466 380.7265728766801 -0.104757 0.165112 0.31851107 1.0
-550.2856097342309 325.88599221067597 0.05464 0.155246 0.25436607 1.0
-592.5699793363757 369.81295202789084 0.151668 0.422427 0.29968417 1.0
-519.9007377587631 324.2107294734075 -0.743668 -0.148265 0.24990644 1.0
-606.3832830233931 415.3800721807116 0.054583 0.211614 0.34985134 1.0
-501.4456389028019 354.17429873341405 0.249525 -0.327603 0.2761436 1.0
-467.6526784600806 345.09164773653674 -0.177177 -0.236365 0.26481506 1.0
-528.2111847592611 422.02820314543357 0.170839 0.529863 0.35121363 1.0
-418.9650937652057 336.3457061573154 0.292731 -0.427941 0.25328687 1.0
-388.07728248556 338.6018558050173 -0.089076 0.05825 0.26465768 1.0
-375.3760459445423 336.475245117678 -0.126317 -0.148075 0.26258433 1.0
-396.7943629288233 342.13816705530206 0.021662 -0.281588 0.2639829 1.0
-491.33084406128125 418.6215648804615 0.409859 0.079592 0.34799215 1.0
-385.1845790399144 333.4502939467793 -0.263401 0.075846 0.24948348 1.0
-539.0554492187957 329.4705211910289 -0.027215 -0.140756 0.30770496 1.0
-366.1706711857675 228.42865419973342 -0.325034 -0.407777 0.18728925 1.0
-571.1420945434941 336.0596338954236 0.115919 -0.44712 0.31198665 1.0
-553.4769568962416 342.45894108421226 0.234818 -0.204683 0.31506437 1.0
-574.5938975184823 375.33233119924114 -0.084891 0.193583 0.35747567 1.0
-550.8014660001171 369.5845090869877 0.048644 0.053801 0.34811392 1.0
-516.7520618564091 286.9219122902375 0.51533 0.621436 0.24864328 1.0
-620.6447068248028 352.42140070901365 -0.141692 -0.403288 0.3311436 1.0
-485.0999599664837 280.5394894950434 -0.48799 -0.099216 0.23837106 1.0
-476.1594256366636 288.0901700406504 0.023307 0.003942 0.24528134 1.0
-389.7157639611445 240.20340057881225 -0.341345 0.577995 0.19301465 1.0
-704.4002698948917 374.0567978540167 -0.434789 -0.319177 0.35958713 1.0
-536.0301893258677 288.4398170162457 0.68507 -0.238281 0.24853824 1.0
-672.7473064306134 364.9525132237554 -0.204354 -0.094509 0.34366387 1.0
-431.0744343214059 251.61832400534288 0.224541 -0.717262 0.202363 1.0
-604.816470123479 350.4234293203217 0.160144 0.125836 0.31703356 1.0
-641.1895616298589 376.3946456143406 0.268575 -0.010342 0.35311088 1.0
-625.9236278231998 370.152521473355 0.011831 -0.091032 0.34528342 1.0
-622.9055417851508 377.63795753009845 -0.150147 0.51531 0.3514642 1.0
-622.097130422465 378.45819855706526 -0.322286 -0.689371 0.3520534 1.0
-621.0965362537838 376.0588949390599 -0.108254 0.126923 0.34942997 1.0
-614.8378088324747 381.87283381993456 0.170192 -0.123817 0.35460263 1.0
-565.8713375734999 359.93599661779103 -0.323973 0.28715 0.32213178 1.0
-579.5307933132732 383.0546639391813 -0.273972 0.132539 0.3527645 1.0
-576.9617770527746 383.87821303073673 0.073372 0.001523 0.35334226 1.0
-536.3875833227139 386.2509437615236 -0.307156 0.035209 0.3527634 1.0
-536.8681604635493 390.76000124832575 -0.435676 0.471896 0.3561208 1.0
-524.7814223099647 391.65580778791275 0.068925 0.257516 0.3577735 1.0
-780.804413750428 375.5900137532826 0.0401 -0.189297 0.3290911 1.0
-707.2023694059687 345.32754677425703 0.294033 -0.013661 0.28966334 1.0
-703.915986940591 362.3294619704136 -0.015754 0.358998 0.30404565 1.0
-492.9887570653904 255.7999218007362 0.468192 -0.287918 0.19003282 1.0
-772.0539866643494 400.57219902452596 -0.107835 -0.003849 0.3524185 1.0
-655.9176510837984 349.06618059519235 -0.067327 0.159483 0.28600398 1.0
-597.8040677609014 321.52075412530985 -0.077618 -0.064871 0.2542429 1.0
-493.6886878371661 268.81032383668577 0.390877 -0.4935 0.19970068 1.0
-738.9878754200274 404.48694675844786 -0.082361 -0.068007 0.35165608 1.0
-488.5784555647038 272.9205932503275 0.330658 -0.180186 0.20236959 1.0
-617.1609231758231 298.2873448644985 -0.370814 0.181688 0.23252822 1.0
-608.1883957897189 298.4993355850377 0.015462 -0.094331 0.23246823 1.0
-703.2881290069835 348.39786582569343 0.224494 0.049125 0.28670523 1.0
-597.133745877674 298.05520731725966 -0.065165 -0.112681 0.2309976 1.0
-643.4797775173715 326.47391174354243 0.074561 0.018291 0.26016107 1.0
-525.528411922846 267.1916741073303 -0.008709 0.030258 0.19867067 1.0
-748.5228892253791 384.1128114533736 0.126738 0.19463 0.3266774 1.0
-630.5642016909409 334.2311194762931 -0.003836 0.014581 0.26401037 1.0
-727.9864489990626 392.58867522109495 -0.427802 -0.310008 0.3307061 1.0
-722.0145642217043 394.56857207349503 -0.187017 0.44383 0.33116892 1.0
-715.2342818377424 393.9865296600281 0.083622 0.19594 0.33010474 1.0
-826.0535356315811 413.3369320335287 -0.041108 0.055358 0.35757062 1.0
-793.2419111190418 396.7472219926198 -0.179951 -0.136818 0.33872277 1.0
-795.643798126296 398.2935875171795 -0.501875 -0.166726 0.34071934 1.0
-796.0554002802054 399.3984038328386 0.055377 0.123249 0.3409345 1.0
-794.805870419221 400.0715065851266 0.216059 -0.388068 0.34088013 1.0
-791.1275132012352 398.19692230178055 -0.538202 0.418928 0.3384713 1.0
-806.8473000975371 408.3473233336337 0.031895 -0.361647 0.3490043 1.0
-783.8513910776132 400.74414769011065 -0.104477 -0.597913 0.33995315 1.0
-778.4461821513788 401.81524300359365 -0.412761 -0.16478 0.3396525 1.0
-778.1203793288071 401.0601133563127 -0.039914 -0.061324 0.33901152 1.0
-534.2568289713664 279.53034007962736 0.116424 -0.652111 0.20607838 1.0
-599.8538725470027 326.7814083055749 0.343757 0.369002 0.25010374 1.0
-822.2589543482903 400.0908406412888 -0.127132 0.546118 0.3387059 1.0
-803.7474964093263 404.67962825381545 -0.07646 0.44161 0.34052548 1.0
-805.130788165795 401.4970825541082 -0.137948 0.163532 0.3345093 1.0
-814.299617947461 414.8674018758111 0.460698 -0.275108 0.3519958 1.0
-797.2517608355845 412.03314407276594 -0.152329 0.018691 0.34401217 1.0
-725.9675181506844 397.37523053672203 -0.386518 0.103988 0.3204574 1.0
-751.8146165474192 346.9947230597176 0.040696 -0.228618 0.27388108 1.0
-745.9940318371382 345.72786446964534 -0.269955 -0.065234 0.2724408 1.0
-838.1053303516214 392.73950971580376 -0.145589 0.11071 0.32690236 1.0
-877.0352740252839 411.5870601022242 0.369301 0.134433 0.35128084 1.0
-845.6137742994327 400.81644159269644 -0.295524 0.440786 0.3342784 1.0
-649.774850288363 310.659819070528 -0.145611 -0.056254 0.23303683 1.0
-843.3744849329615 402.65306511927855 -0.00358 0.520312 0.33637747 1.0
-756.2141369293787 363.2361160194033 -0.070345 0.17585 0.2872414 1.0
-690.5521725855139 342.20684092539096 0.101141 0.130959 0.26134115 1.0
-833.9713140342049 413.9653010953155 0.067557 -0.499929 0.3444195 1.0
-678.8214443584441 343.62099907461555 -0.147177 -0.256329 0.26092818 1.0
-681.0635570250155 354.70555860532846 -0.100502 0.253134 0.27028796 1.0
-649.7700938057974 339.79115859123897 0.096378 -0.025867 0.25544664 1.0
-631.134624051839 332.56973677973497 0.114844 -0.682651 0.24722438 1.0
-688.2550833436167 316.8830488313231 0.014716 0.042895 0.23772499 1.0
-898.2601627486797 419.8176926284081 0.138454 -0.093145 0.351919 1.0
-727.7848051597493 355.78076465245675 0.030508 -0.309357 0.27280098 1.0
-852.0673120598295 424.22885227940003 -0.114796 0.121766 0.34995562 1.0
-612.5455801997759 306.9229357686675 -0.173497 0.124351 0.22213334 1.0
-842.7445521141861 428.79544702803116 -0.059123 -0.008379 0.3545741 1.0
-812.2165544370757 380.73640475602747 -0.209587 -0.668465 0.32875127 1.0
-559.5172578685725 268.8102193711532 0.142032 -0.084078 0.20252995 1.0
-772.2260650685375 398.92406713497786 0.082221 -0.166897 0.33922574 1.0
-503.9919964071857 265.5473418368991 0.309809 -0.013555 0.19377787 1.0
-582.1284453601692 314.96006675595237 -0.046124 0.001562 0.23988144 1.0
-594.0774207668105 321.51809469576904 0.445442 -0.29686 0.24613032 1.0
-500.6023325958591 276.35564265043666 -0.204029 0.104783 0.20198189 1.0
-491.54565993136725 272.1251513762177 -0.127995 -0.568988 0.19682665 1.0
-501.12405544760855 276.2333557758904 -0.095 0.029448 0.20026504 1.0
-451.5481951379718 254.1337392218501 -0.223946 -0.186212 0.17434111 1.0
-433.42388623454366 244.2316793423893 0.185751 -0.183858 0.16532691 1.0
-614.9049365198609 347.1919719739004 0.164831 0.045206 0.2599813 1.0
-610.2875148816456 344.8917771184542 -0.025895 0.168497 0.25733766 1.0
-499.47086427233603 285.1091657423515 0.058527 0.127313 0.20004496 1.0
-539.0472320144379 318.6942630099877 -0.168357 -0.274815 0.22975098 1.0
-447.1125320320922 243.48928163605643 -0.221296 0.225258 0.16346218 1.0
-449.966912759859 249.73971677482697 -0.033993 -0.138719 0.16771038 1.0
-605.7307579509464 347.151057076354 0.055445 0.21381 0.25438854 1.0
-702.0318173373697 414.7516603933684 -0.268844 -0.097412 0.32661003 1.0
-496.6975246208972 292.92331069032 0.077523 -0.189896 0.20176513 1.0
-478.31329649527623 293.6861819267348 0.221545 0.035056 0.20092213 1.0
-367.81425025272523 290.7816641826242 -0.638569 -0.228962 0.19224516 1.0
-563.596645331727 284.62286601701703 0.474814 -0.313946 0.1987791 1.0
-492.47156642288877 256.5646184520397 0.202845 0.270819 0.17331621 1.0
-553.6986450375889 292.79673237340853 -0.060842 0.084424 0.20285434 1.0
-510.7478081164988 291.3653062848378 0.107592 -0.213569 0.19956407 1.0
-726.9579498840403 418.81179346847614 0.368988 -0.184835 0.32654175 1.0
-503.28563646776786 239.49618063829686 0.239826 -0.345355 0.18020216 1.0
-635.5169027765602 297.61643271992466 0.059669 -0.169173 0.23446114 1.0
-801.4997453506232 379.24954392616274 -0.556385 0.000979 0.3281182 1.0
-729.4589953954794 326.1752481326802 -0.238578 0.144465 0.25427806 1.0
-672.2215911695068 303.49753394546366 0.42362 -0.303561 0.231622 1.0
-563.7021422612672 248.98857365950232 -0.00018 0.020366 0.17738865 1.0
-661.8881847608553 293.0048772357881 0.25752 -0.451882 0.21848236 1.0
-558.1416444502286 249.73899514309275 0.098189 0.010696 0.17718363 1.0
-508.32990474853364 239.55565298756957 0.088519 0.353386 0.17962843 1.0
-619.34773052267 293.3833867764745 0.081393 -0.439969 0.23215392 1.0
-534.7836066176776 265.68843917901006 0.681156 0.362042 0.20185423 1.0
-519.5645554116794 268.36044531876047 0.156657 -0.029651 0.20024943 1.0
-572.3792118230434 300.5582884478351 0.153796 0.115106 0.23142238 1.0
-446.11757454892484 237.50859899280712 0.020251 -0.302247 0.17149499 1.0
-747.4516943978766 396.680607324514 -0.142558 -0.150133 0.33971936 1.0
-640.9408810635576 343.38874338736633 -0.076281 -0.237423 0.2765953 1.0
-584.2032935961499 323.58047684533386 -0.160818 -0.094677 0.25116977 1.0
-521.135635531785 334.0040914909127 -0.054089 -0.046837 0.25506523 1.0
-417.36479747538004 333.8158901475547 0.065727 -0.116039 0.24693914 1.0
-413.18370600408133 334.6720026073795 0.004952 0.179783 0.24597393 1.0
-310.52322221502305 263.71802762679545 0.105205 -0.213876 0.18008724 1.0
-390.77028250091007 337.056679149266 -0.137396 0.115713 0.24690749 1.0
-825.0049572022583 393.3084029886006 -0.492746 0.133895 0.33675158 1.0
-564.4337350188143 270.2576367219661 -0.179155 0.152401 0.1993451 1.0
-506.8637695330945 247.35323843871504 0.313261 -0.26672 0.17821409 1.0
-725.4329217820538 359.8626064991785 0.411785 -0.019597 0.29015517 1.0
-808.6214045600964 410.7869725020264 0.190946 -0.368213 0.35048282 1.0
-802.0923635479526 411.2269855701608 0.274516 -0.077724 0.3501433 1.0
-618.2944838138153 328.5958352700711 0.298299 -0.087353 0.24932522 1.0
-744.8413385474946 426.7721295316914 0.095488 -0.242214 0.35722667 1.0
-452.38042895498523 282.42590106034015 0.251007 0.193218 0.19877978 1.0
-394.68954835242437 314.52733268802314 -0.070133 -0.145655 0.21923794 1.0
-525.8942785377656 424.6641086010686 0.182825 0.075203 0.33423656 1.0
-598.0779565445818 269.26491928887344 -0.379296 -0.219056 0.19935338 1.0
-665.3678418754589 303.83348950867276 -0.084869 -0.249229 0.23338716 1.0
-844.544697554687 398.579168135689 -0.061035 -0.176867 0.33455637 1.0
-631.9428293595399 304.71517272322274 -0.02192 0.128105 0.2292579 1.0
-901.3567412328929 401.3360772106119 -0.274578 0.572544 0.3417721 1.0
-552.1438879645892 248.4402730043097 0.319456 0.622714 0.176688 1.0
-767.0867172503115 347.7598478423315 -0.541306 -0.035466 0.27519062 1.0
-558.5323533110775 274.5436611108732 -0.011771 -0.079375 0.19484095 1.0
-846.2171088056581 422.50111754070076 0.041899 -0.127834 0.35088995 1.0
-609.6447561862565 304.7837725373409 0.159045 -0.154699 0.22176433 1.0
-575.368508074407 270.6595439675631 -0.256703 0.094276 0.19044462 1.0
-662.9028897082524 326.54980366636045 0.114657 0.14919 0.23998897 1.0
-661.0615340830035 328.3093589697558 -0.196016 -0.184613 0.24029773 1.0
-701.3875171673012 308.96821165946847 -0.099029 0.035035 0.23013274 1.0
-537.3481815677542 259.3806281299288 0.166371 -0.13358 0.17778204 1.0
-561.0357115379911 382.5776032030743 0.393151 -0.335996 0.27414694 1.0
-541.6664951597154 258.35470838815496 0.016336 0.056182 0.17512898 1.0
-582.4397850403309 282.3803149487713 -0.296224 -0.349253 0.19506612 1.0
-536.7800831117622 261.2757300613339 0.224879 0.763349 0.17712894 1.0
-544.583881669356 271.95531718678785 0.64492 -0.199451 0.18382686 1.0
-489.48766675265534 247.12319924651445 0.201935 -0.009023 0.16318609 1.0
-619.8087688817368 455.39941607226467 -0.12766 0.017782 0.34581864 1.0
-355.30987101677647 266.4089294596781 -0.373341 0.427909 0.16758484 1.0
-395.5301280343161 298.9027867608989 0.031069 -0.293738 0.19262081 1.0
-581.1559974716575 444.1348849209516 -0.237498 -0.130206 0.32992747 1.0
-693.4114571278803 331.83880209102597 -0.671772 -0.746473 0.23694506 1.0
-694.5470606534973 333.0862358837338 -0.139508 -0.316796 0.23704912 1.0
-506.12116012862947 247.02961406162277 0.125238 0.080604 0.16129756 1.0
-539.428231567125 267.21663856199376 0.137177 -0.105343 0.17725907 1.0
-899.6697901171458 443.58452276126803 -0.113989 0.006063 0.35177708 1.0
-662.4909519197707 331.29355326088006 0.161395 0.415742 0.23360051 1.0
-883.1135964259499 442.26608431583855 0.483292 0.313874 0.35153282 1.0
-898.0845277790073 443.594960000862 -0.365928 -0.618164 0.3515419 1.0
-634.4572273028284 332.76662173556474 -0.025779 0.008819 0.2312083 1.0
-728.1273707422288 466.03431395223055 -0.005924 -0.07484 0.35828805 1.0
-849.407162665107 416.52842515838444 -0.052293 -0.047889 0.31513396 1.0
-582.884349658682 303.15527121882116 0.565063 0.100133 0.20190689 1.0
-551.7546661468507 304.4026459594754 -0.100038 0.115793 0.20038459 1.0
-689.1378916917355 460.84428039510243 0.02494 -0.345676 0.34113637 1.0
-665.4810435488688 459.8943923188829 0.122138 -0.043941 0.3399049 1.0
-603.8515211363862 429.32476926110536 -0.423634 -0.158854 0.30556086 1.0
-852.4243963252013 405.32813522505796 0.163239 0.088123 0.29981261 1.0
-566.7309682474274 282.63959357891713 0.218275 0.256353 0.18264979 1.0
-610.7241590589979 307.79312551350415 -0.257621 -0.240719 0.20315315 1.0
-821.4744189910177 415.40344943613576 -0.098003 -0.364835 0.30429912 1.0
-868.5331510644811 446.7172488252192 -0.012768 0.213767 0.33661968 1.0
-576.0150947511456 306.2379269675036 -0.29275 0.016472 0.20047268 1.0
-666.594465230826 386.9850188292412 -0.089372 -0.12049 0.26681164 1.0
-565.8136921246909 339.49143057692686 0.338948 -0.093623 0.22250377 1.0
-440.97307893388114 308.28598483111375 -0.328532 0.193669 0.192432 1.0
-953.8589666894582 434.62087546839405 -0.026584 -0.004905 0.3300073 1.0
-656.7980178451812 308.79143850683744 0.174165 -0.031679 0.20410767 1.0
-717.5828109917335 340.62218126535623 0.192983 -0.448022 0.23098718 1.0
-939.5626143694374 465.5310616993754 0.580947 -0.094997 0.356389 1.0
-712.9482368741255 354.76963161521786 -0.308706 0.184338 0.24215886 1.0
-930.1853447510969 465.1217402695327 0.125403 0.272008 0.35624656 1.0
-584.1008069384957 295.34114364843475 -0.097459 0.116016 0.18997192 1.0
-780.4437602637009 399.6934731125957 -0.244009 0.039507 0.2815754 1.0
-517.9917418484141 269.05561018797 0.062716 0.309819 0.16836879 1.0
-581.4512227286929 313.3988875910504 -0.089261 0.192317 0.20087934 1.0
-498.0072729007417 274.8398254352375 0.782474 -0.328941 0.17047994 1.0
-491.4590131950132 275.5005547285968 -0.118016 0.089346 0.17003596 1.0
-531.6092536776557 252.16863289035396 0.171517 -0.182645 0.17237417 1.0
-705.5326181001981 340.4802014768701 -0.336281 -0.163346 0.25236464 1.0
-701.0322565907751 341.17366431542416 0.163559 -0.106141 0.25084144 1.0
-526.1419628531899 258.7630751260829 -0.043372 0.482838 0.17537004 1.0
-529.6542440112277 295.45619701600936 0.050687 -0.597948 0.20095949 1.0
-531.8006147446825 297.1020676455042 0.074408 0.030222 0.20204265 1.0
-523.5127362220765 305.10439756019224 -0.034942 0.017998 0.20689571 1.0
-391.82001476453956 297.13630453970916 0.047382 -0.110904 0.19248132 1.0
-539.7195378981937 262.3976195430809 -0.230986 -0.870952 0.17607582 1.0
-598.6517206280766 299.92473525269935 -0.670817 0.166355 0.20661974 1.0
-519.6208018567796 264.2960187043691 0.21496 -0.168343 0.17506745 1.0
-747.5352800514227 429.602260261282 0.278944 -0.092909 0.32648 1.0
-384.8381032973034 275.0542936482406 0.088358 -0.221619 0.17365196 1.0
-394.41589321001373 298.3182166218833 -0.223138 0.102781 0.19073431 1.0
-921.3894581638508 440.71148581583225 0.083535 0.078121 0.34948593 1.0
-839.1338186702741 433.22702193174086 -0.247175 -0.344892 0.3319444 1.0
-869.6117539207908 449.43519034169356 -0.212801 0.353782 0.3501144 1.0
-813.2131846186841 431.5965074930864 0.040993 -0.072277 0.32878697 1.0
-568.01173249042 302.2397308281924 -0.161726 0.100099 0.20104426 1.0
-502.2245495304608 279.4638925241014 0.071794 -0.140863 0.1808266 1.0
-565.8435135792995 325.0587166424619 -0.139059 -0.094024 0.2179276 1.0
-556.1003740634525 277.6536509318652 -0.229572 0.840975 0.18036664 1.0
-650.5937900820146 326.3654877614326 -0.266334 0.416676 0.2215017 1.0
-790.4821038151147 410.99733898909057 0.188428 0.214275 0.30157533 1.0
-582.68109111455 306.40313704946504 -0.111348 0.097632 0.20210345 1.0
-763.3439631719324 400.97068562964324 0.073569 0.593097 0.28952682 1.0
-857.3156204660141 453.7766264877641 -0.053466 0.120625 0.34738928 1.0
-819.6879373984799 437.3555591052402 0.233595 0.572589 0.32772318 1.0
-571.8955683688056 309.22028875598306 -0.229226 0.084261 0.20258635 1.0
-750.1202927813391 407.4257787979215 0.212434 -0.302714 0.29287726 1.0
-804.4971242557793 454.5537793704007 0.053367 0.190221 0.3436349 1.0
-805.9093236723181 456.17750718996007 -0.046879 -0.343377 0.345467 1.0
-701.7447463384864 460.8933651131318 -0.296741 0.442401 0.3416275 1.0
-932.5824923263708 432.58967429488104 -0.149125 -0.029082 0.32946855 1.0
-890.1906459012056 417.3951147966884 0.491221 0.262452 0.3111125 1.0
-892.0223727969762 418.8363267712307 -0.503259 -0.014763 0.3121038 1.0
-642.2972823076313 305.2779956110927 -0.4801 0.692119 0.20336609 1.0
-628.5526396684745 308.8749458603236 -0.348522 -0.06889 0.20307186 1.0
-569.3721067423081 289.5709404243244 -0.388925 0.502926 0.18608293 1.0
-865.7727597334748 459.94101100387286 -0.148239 -0.089473 0.3458727 1.0
-472.98356413778873 305.9316554439198 -0.221211 0.153926 0.19168524 1.0
-491.52007523199643 320.9724176903374 0.146565 -0.155894 0.20348176 1.0
-444.17189556731887 313.4451023155825 -0.119739 -0.265753 0.19518311 1.0
-957.6695075065785 436.32456206853175 0.404841 -0.154491 0.32994503 1.0
-607.8824768358247 292.19572513622455 -0.053667 -0.237828 0.18826587 1.0
-610.6548736815591 294.2517468928838 -0.194249 0.019298 0.18937151 1.0
-604.3427642831422 293.97816697428584 -0.032739 -0.038027 0.18841438 1.0
-612.1763545845613 299.5075411903651 -0.105565 0.129313 0.19280809 1.0
-698.3154562759745 342.3642457559941 -0.071536 -0.021245 0.2289513 1.0
-923.2781594627573 475.77611589369553 -0.148309 0.087414 0.3598459 1.0
-581.5409732582342 311.1041465282832 -0.147874 -0.300453 0.19894354 1.0
-642.653303423273 317.1034250882657 -0.179518 -0.087466 0.27596408 1.0
-641.6719368822664 371.61194623332824 0.002456 -0.260098 0.34663033 1.0
-621.3167641038737 379.9200286986405 0.557607 -0.018046 0.35155407 1.0
-379.97935015717076 254.8665417885901 -0.102086 -0.101301 0.19884779 1.0
-378.0359266370898 253.8889048397884 0.673391 -0.538488 0.19788578 1.0
-440.50134778486745 287.4365697623998 -0.087341 -0.090594 0.22961172 1.0
-437.1362015709179 286.2183321006015 -0.067933 -0.344197 0.22815754 1.0
-378.8026877675458 257.4651816734856 -0.279466 -0.160452 0.1978862 1.0
-485.98328734459454 335.85502147365764 -0.546381 0.376541 0.27942428 1.0
-344.3608302196789 258.3370045098402 -0.18667 0.088712 0.1956794 1.0
-342.6647230230262 261.5285331443067 -0.368544 0.032295 0.19773442 1.0
-339.4452920557859 260.63704391192704 0.052325 -0.435091 0.19681309 1.0
-456.1585481443614 253.69176056074966 0.062652 0.028694 0.19790989 1.0
-426.2818769877447 248.96862005846063 -0.209225 0.101043 0.19227515 1.0
-395.348248070149 260.79437774799106 0.095924 -0.091816 0.19788602 1.0
-377.4550298935685 262.6381288464856 0.677127 -0.259495 0.19732575 1.0
-460.99169508596174 327.4976119110605 -0.054288 -0.100916 0.2634369 1.0
-460.8912785191705 330.0024896520939 0.172518 -0.075606 0.26603016 1.0
-513.1434929882798 375.86606971100383 0.285482 0.101973 0.32018307 1.0
-513.4112601975319 379.4162726837343 -0.531228 0.166643 0.3225089 1.0
-431.78794531094724 329.7613698442187 -0.169035 -0.097361 0.26377827 1.0
-323.1336330894606 266.8367136248936 -0.065418 0.046175 0.1975299 1.0
-503.615345931147 410.01131619416645 0.052743 0.007067 0.3585242 1.0
-482.286966913012 405.96902107375234 0.2237 0.102959 0.35255453 1.0
-501.7041648501484 290.3969186232617 -0.173952 0.170119 0.2286848 1.0
-539.5851737143945 313.36942576273265 -0.046898 -0.253089 0.25423086 1.0
-430.214267861664 259.8084259350579 -0.087939 0.100667 0.1967595 1.0
-475.4279620411626 292.26595638253843 0.040108 -0.071105 0.2276665 1.0
-448.88610702284694 290.4424005889621 -0.074361 -0.022813 0.22482166 1.0
-410.5491134306845 263.9241732930736 0.200335 0.392836 0.19833462 1.0
-535.0947238461545 398.68136722935725 0.238518 0.024615 0.3425773 1.0
-528.8289140798861 391.49644295866165 -0.049153 -0.097213 0.330992 1.0
-536.1295558122126 400.4927374080921 0.454832 -0.232012 0.34275198 1.0
-329.8100927013217 276.2656454012201 -0.211294 -0.130242 0.20229986 1.0
-394.148796339859 337.98850043432407 0.13982 -0.386699 0.26479203 1.0
-475.97205466830303 262.93359990284085 0.421029 -0.057517 0.20064619 1.0
-400.18994340302703 224.09055961551465 -0.389493 0.014737 0.16436738 1.0
-585.6610158538043 321.3775665411584 0.107804 -0.052135 0.25729197 1.0
-471.06095327635234 259.89275733101033 0.078125 -0.205762 0.19443543 1.0
-466.20078213904816 259.34891263472707 -0.203384 -0.0351 0.19371909 1.0
-564.5430416832048 319.50537140767216 -0.098729 0.074007 0.2536416 1.0
-461.38113584095123 267.37020197306174 -0.296719 -0.180025 0.19952556 1.0
-565.2519037397939 329.8759164672163 0.009963 0.150276 0.26175696 1.0
-696.5251455378174 411.6065140988492 -0.122137 -0.053771 0.3599831 1.0
-393.06791892433074 270.1767866667893 -0.076373 0.034018 0.19588074 1.0
-301.0363482623963 243.87004243409092 0.168791 -0.06709 0.16829859 1.0
-290.0237515840242 243.85976452278487 -0.025039 0.000953 0.16748351 1.0
-582.1463307750106 320.68259912671454 -0.280974 -0.031321 0.28233704 1.0
-451.5625429881689 251.46992024639567 -0.299937 0.078799 0.20292784 1.0
-652.7816036492402 342.05130752499826 -0.049717 -0.352758 0.31054562 1.0
-598.1193516419933 313.8306259264571 -0.207451 -0.110314 0.27291813 1.0
-442.1549805781358 240.29559255394364 0.009812 0.24776 0.18977997 1.0
-500.8021317307568 249.74034609402045 0.111433 0.209499 0.20055169 1.0
-502.67691529727745 250.9467431264654 0.078152 0.085455 0.20184037 1.0
-495.72372135055735 251.69214457506624 -0.191353 0.227716 0.20194985 1.0
-486.81480270401784 249.6050108754711 0.082178 0.133094 0.19883838 1.0
-476.71115696630307 252.1801030133256 -0.029936 0.488885 0.20080584 1.0
-443.0238044495202 236.6611293556181 0.122027 0.603159 0.18433462 1.0
-475.71761498309013 256.0100336065816 -0.107285 0.052306 0.20200974 1.0
-524.0469021419292 251.06309877356986 0.1557 0.301399 0.20093831 1.0
-564.6178652816848 277.3302871497207 0.169765 -0.049729 0.22692966 1.0
-574.0538653013144 284.50837824142724 0.131761 -0.013153 0.23322278 1.0
-721.014759087213 361.3582476715865 0.161129 -0.028959 0.32741734 1.0
-554.237142581266 254.50793609651947 0.024836 0.185811 0.20407541 1.0
-526.6999808923683 243.21571272493256 -0.213605 -0.016763 0.19254434 1.0
-811.6789390813931 383.53457057248 -0.282838 0.454707 0.3585574 1.0
-783.0681698130056 374.34518216342343 -0.634978 -0.224799 0.34271458 1.0
-728.5865115997243 354.63276923298423 -0.173154 -0.581957 0.31463954 1.0
-800.6131229261671 389.32422836913037 0.051659 0.315337 0.35904443 1.0
-748.5320019449189 368.3314919548168 -0.244644 -0.00243 0.33133367 1.0
-752.2021460383902 369.36775568906506 -0.300377 0.25071 0.33130398 1.0
-494.4228982342302 254.44085601127642 -0.013737 -0.473807 0.19691864 1.0
-504.3976068014118 263.1971852017774 0.115738 -0.180824 0.20348965 1.0
-492.33739806679995 259.42611742731987 0.001084 -0.050154 0.19940756 1.0
-489.5183792006589 258.1220930430187 -0.059363 0.112194 0.1982052 1.0
-480.20412556353995 253.0267187541439 -0.022658 0.226131 0.19291665 1.0
-419.387039701477 221.53806726084557 -0.063249 0.007136 0.16413535 1.0
-732.8114488860544 390.0796974555797 -0.474925 -0.361426 0.34843674 1.0
-661.7117135583097 305.84318996800437 -0.192022 0.312282 0.2549853 1.0
-675.571649916596 323.58003696013486 0.168408 -0.180634 0.26977527 1.0
-555.9154783673309 276.3186344964081 -0.022805 -0.115874 0.2160964 1.0
-583.4205904161246 291.2418724730215 0.029797 -0.491808 0.23168859 1.0
-526.9422965959701 263.06339912297113 0.450802 0.45579 0.20220736 1.0
-447.9812350444716 227.74817409756065 -0.254788 0.267031 0.1683286 1.0
-513.5781970151588 265.02670443607633 0.121306 -0.176525 0.2023769 1.0
-514.433130832018 266.8618267418911 -0.525812 -0.75897 0.20385428 1.0
-477.61680816563165 250.70813319090917 0.281842 -0.072103 0.18793291 1.0
-763.867171658413 399.2304920298438 -0.304751 0.144479 0.35604575 1.0
-745.2470761726037 392.74846173723085 0.173715 -0.209255 0.34843728 1.0
-503.88959312707345 265.301150326976 -0.391217 -0.570753 0.20180193 1.0
-505.2564681580727 266.1621230807543 0.146793 -0.102107 0.20258667 1.0
-647.1548430042677 420.5184982736525 0.004317 0.363388 0.35741618 1.0
-541.1785567428536 432.1653703743018 0.059512 0.05688 0.35917836 1.0
-531.6745755498099 426.0270739641246 0.127759 -0.321278 0.35183236 1.0
-387.2706463819781 337.258066665063 -0.083343 -0.211036 0.24867636 1.0
-484.03583802275926 274.7407178031338 -0.041283 -0.109102 0.20021835 1.0
-652.0223563318224 422.64581144528836 -0.155415 -0.102136 0.35265186 1.0
-462.9842077389835 309.01400343761964 -0.260542 -0.525716 0.22669628 1.0
-507.75982222068785 401.2464316450093 0.187774 0.458314 0.317561 1.0
-417.87366793002457 341.77309085909275 -0.003788 -0.118159 0.25191325 1.0
-418.1377043756155 345.0263129056539 -0.207938 -0.00197 0.25405017 1.0
-415.5757056605942 344.76323340749116 0.050095 -0.108534 0.25400922 1.0
-539.968883100951 307.67334830017484 0.077961 0.102089 0.22646977 1.0
-484.859138931592 323.63122747643 0.081588 0.352733 0.23529176 1.0
-472.3473372910124 333.67985071437334 -0.291408 -0.013307 0.2430159 1.0
-575.7042944393048 427.0821395806973 0.02452 0.029823 0.3429855 1.0
-478.9770642630229 321.0647900645763 0.070435 -0.185913 0.22879657 1.0
-610.9638709910323 347.4491044906138 -5.5e-05 0.160903 0.2581987 1.0
-689.5287778055656 431.44872771864254 0.019085 -0.028446 0.34385967 1.0
-626.9313474684081 430.71921417299984 -0.213957 0.375139 0.33976966 1.0
-473.7529051112229 254.56842680539646 -0.312301 -0.219464 0.17185025 1.0
-517.5836563495246 292.4482329454174 -0.187764 0.016707 0.20191388 1.0
-690.0897618072204 443.3277046771871 0.183693 -0.307617 0.35134202 1.0
-670.5396370005402 445.6820233144283 0.205301 -0.370434 0.35178727 1.0
-438.7655810002012 295.8673148231069 0.161667 -0.205608 0.19897969 1.0
-398.06505907085545 290.19752982701164 0.576949 -0.156734 0.19263238 1.0
-375.47597744108697 292.2517792446876 -0.074247 -0.78571 0.19299018 1.0
-411.36026878812396 326.5915091466158 0.207899 0.023024 0.22193472 1.0
-445.15087831584526 280.7137022732947 0.056374 0.045127 0.19969383 1.0
-550.9239289863347 359.02418448163957 0.087104 -0.14857 0.27573678 1.0
-523.8816446827178 405.05570275683743 0.115419 -0.249101 0.3173303 1.0
-382.22383460949277 308.59155138566825 0.078385 0.182113 0.21863025 1.0
-378.43217705657287 308.31366303955934 0.008376 -0.274571 0.21686903 1.0
-392.9927801487622 234.28171312275637 0.073345 0.168542 0.19361676 1.0
-331.7065350731344 205.12806078983363 0.107836 0.032426 0.16267745 1.0
-445.2601143415041 286.5072108320568 0.275152 -0.041764 0.24597642 1.0
-339.7171762873607 221.83478949796992 0.160917 0.068308 0.17670424 1.0
-569.9561366623931 372.0495325706647 -0.232818 -0.051202 0.35649562 1.0
-402.9691822153265 235.12073868059335 0.252358 -0.143356 0.19182833 1.0
-549.9564582105247 339.38789701168497 -0.003853 -0.111898 0.30893978 1.0
-399.87492164642896 254.04295620794068 0.084429 -0.088081 0.20681094 1.0
-369.72443521796373 250.05799953851212 0.13778 -0.087504 0.20040005 1.0
-349.247094559375 210.91246863589777 0.312485 0.109376 0.16361685 1.0
-584.0659248602417 380.9799631850283 -0.317268 -0.199194 0.3533617 1.0
-520.2951320233138 343.70840720040445 0.055081 0.380299 0.3042206 1.0
-554.2746788623776 385.5604872934487 0.118311 0.180948 0.35553196 1.0
-357.3138730260036 253.52363148694593 -0.518784 0.128777 0.1989576 1.0
-712.4763117814097 375.10942037673914 0.112903 0.108116 0.35722628 1.0
-468.0953915470474 251.4515333092809 -0.114038 0.27619 0.20377934 1.0
-401.2487909560994 253.6762307270484 -0.079869 0.105556 0.19886652 1.0
-602.5607817505589 385.5406385629529 0.325956 0.125341 0.35265797 1.0
-347.9864633508559 257.763222168826 -0.113199 -0.18636 0.19719785 1.0
-640.7489284496921 330.1215297660677 -0.107585 0.201903 0.29076093 1.0
-488.6700325696996 252.29315658072585 -0.231702 -0.13615 0.20288266 1.0
-658.6152922983758 351.09048841050674 0.067077 -0.335601 0.31469604 1.0
-460.26156344731635 253.58131132718398 0.218201 -0.150683 0.20148936 1.0
-441.45708126819756 288.4410832859368 0.043388 -0.04622 0.22737662 1.0
-417.4479117600293 281.4798773463071 -0.068238 -0.595342 0.2206805 1.0
-572.5282468083572 393.4769677631901 0.025035 0.218319 0.3485999 1.0
-461.82844925725203 323.85944045262937 0.161174 -0.290659 0.2620477 1.0
-555.9149492681797 397.6020525025524 0.156508 0.056269 0.35372636 1.0
-313.80517799670326 232.1086014283263 0.18115 0.603607 0.17032196 1.0
-326.2610421083615 259.6194898959529 0.0336 0.217686 0.19388628 1.0
-640.4383532620446 334.1380966113206 -0.053003 0.041035 0.28991264 1.0
-480.45943807522355 251.3860422730276 0.495961 0.591078 0.19803792 1.0
-628.6301068575784 338.9901889567827 -0.293311 0.110953 0.29098302 1.0
-465.446588849044 256.8284259634714 -0.324816 0.062309 0.19932495 1.0
-599.5631001944331 332.56269659131067 -0.059788 -0.027953 0.28215957 1.0
-465.69736867241744 258.8678921890478 -0.221752 -0.078518 0.20152262 1.0
-450.1818428971585 262.9295660278798 -0.35747 -0.299572 0.20299785 1.0
-440.94396701116057 262.49718670502153 -0.469097 0.179043 0.20151725 1.0
-538.4996827190006 333.8344607806579 -0.073345 -0.114323 0.27574104 1.0
-373.3216169911957 259.3785786191016 -0.117846 0.015489 0.19395374 1.0
-361.1119879536304 275.5849304880578 -0.380848 0.120054 0.20692085 1.0
-452.3687116633047 389.6220158331751 0.001797 -0.01564 0.32657066 1.0
-314.3347356306897 283.28829058090673 0.037727 -0.188919 0.21071161 1.0
-462.1405170998733 255.73283132867667 0.178559 0.035719 0.19529451 1.0
-621.1644891384423 348.27654950845755 -0.372527 -0.550314 0.2952657 1.0
-394.18818880844776 224.65993701801327 -0.657511 -0.287365 0.16441858 1.0
-498.69678273318516 290.3518835944641 -0.208491 -0.102944 0.22802447 1.0
-570.5298350322959 333.2005018861308 0.016955 0.002965 0.27475113 1.0
-572.9952967558382 335.94010174366235 0.04 -0.066671 0.2772025 1.0
-487.54315225828867 291.3105322795392 -0.007047 -0.358188 0.22749922 1.0
-641.5650906981001 395.3227473517027 0.322574 0.279753 0.34639055 1.0
-371.01535513246733 229.48832621696135 -0.058308 -0.000778 0.16705497 1.0
-419.3198459320651 262.8439730230635 -0.237527 0.028645 0.19719642 1.0
-364.4163298638412 227.64556298192252 -0.115627 -0.293346 0.16391157 1.0
-559.2592920442709 406.0815179932814 -0.253603 -0.052339 0.3478668 1.0
-533.0569595074558 392.9177765253853 -0.014526 0.041056 0.33146828 1.0
-673.6178750195837 339.6420959530905 -0.236633 -0.057191 0.28862032 1.0
-664.4347913030444 338.6764175022293 -0.122397 0.274736 0.28511372 1.0
-497.980951669357 264.07188781283054 0.07969 0.130033 0.20279232 1.0
-487.6062675809332 264.25096830006026 -0.038456 -0.270332 0.20097443 1.0
-477.43964209548574 261.40414476995915 -0.036355 -0.019303 0.19753367 1.0
-718.6208033350811 394.7238685363178 0.215386 0.028998 0.34878066 1.0
-557.5270815207554 317.8045619938824 -0.37874 0.050363 0.2523568 1.0
-448.2943375599347 265.89875163086447 -0.008589 0.022957 0.1988107 1.0
-574.4886389481806 353.5104028735152 0.088263 -0.015894 0.28688306 1.0
-416.0508166899041 263.46238644314036 0.296042 -0.170924 0.19409566 1.0
-512.0998116913144 334.6878621287748 0.00677 -0.002091 0.2630906 1.0
-546.0451262764286 416.8454446191771 -0.095985 -0.411094 0.35304517 1.0
-270.73201943222557 241.20819533358815 0.812384 -0.129786 0.16612023 1.0
-467.345734481827 234.82522220534395 -0.045398 -0.076291 0.17436445 1.0
-786.3950297511293 399.086080405748 -0.145388 0.440312 0.35505095 1.0
-774.9242650882137 397.8696094201156 -0.445607 0.416494 0.35344112 1.0
-425.35071548163364 274.2554784062475 0.25238 -0.201615 0.199048 1.0
-295.8017947793471 244.5533983534245 0.102448 -0.371127 0.16782519 1.0
-456.8907631597589 397.49580202543655 -0.111363 0.166291 0.33151042 1.0
-379.8968832074568 339.55056131231925 -0.078996 -0.079138 0.26441622 1.0
-296.06418615524257 257.45386182421134 0.182026 0.111148 0.18187127 1.0
-387.7055992046405 232.8459252169174 -0.31502 -0.015158 0.19245593 1.0
-523.471902664459 320.4620728379494 -0.055792 0.24586 0.2958543 1.0
-552.0400924871134 320.534112473898 0.176106 0.077458 0.29131937 1.0
-564.1033613572872 338.5894489319671 0.012206 -0.033138 0.3126361 1.0
-459.9301400376789 285.1291999774016 -0.041806 -0.078985 0.24362215 1.0
-555.3002517853097 343.4046251011434 0.199871 -0.122911 0.31643048 1.0
-445.22405333601034 280.76160220971855 -0.243812 -0.198993 0.23921491 1.0
-449.395400377022 283.370390103076 0.024891 -0.003421 0.24219956 1.0
-448.5524843793253 282.96897579659884 -0.081996 -0.036795 0.24053088 1.0
-446.7878765548566 282.4704156480514 -0.152416 0.423419 0.24095017 1.0
-443.45557003003455 282.74577934462224 -0.338235 -0.044825 0.24066257 1.0
-323.5577232918689 207.84154970883543 0.409545 0.239369 0.16289045 1.0
-359.5951192491041 237.01409115890203 -0.595035 0.487372 0.19002868 1.0
-507.4423198425216 282.3844918991001 -0.384493 0.224329 0.24278799 1.0
-478.84681547117845 274.6131755704621 0.139929 0.270984 0.23229684 1.0
-617.1099231076294 365.6191893085492 0.053226 0.202758 0.3431735 1.0
-603.0342447251885 362.82589595350265 -0.144187 -0.006039 0.34049863 1.0
-356.61271244677914 251.04442258694877 -0.297076 -0.275934 0.19868249 1.0
-632.1145328805869 340.04455290384635 0.107798 -0.102163 0.31136024 1.0
-429.4723802145702 238.75829394057553 -0.279887 0.140337 0.19257912 1.0
-658.0592641092408 367.39190758487086 -0.001968 0.238044 0.34665632 1.0
-609.63214573544 381.83618211377666 0.085558 -0.13334 0.3533002 1.0
-594.1587703820019 382.6404826595349 -0.095849 0.000611 0.35543987 1.0
-361.0416108938538 254.6960326304237 0.073134 0.097618 0.19923487 1.0
-535.089982756403 388.1656770911107 0.310748 0.122991 0.3542144 1.0
-536.9602712837111 391.3375286104802 -0.069609 -0.064093 0.35641193 1.0
-609.6597782474779 293.42425799965247 -0.317696 -0.18406 0.23297824 1.0
-783.6011374476682 380.11677028943524 0.277107 -0.24753 0.33363733 1.0
-798.6559359649025 380.250554425836 0.31951 0.225376 0.33063245 1.0
-549.0840481412629 263.1088099287785 0.022527 0.063989 0.19873022 1.0
-560.4651113509124 268.6298148272815 -0.02033 0.059816 0.20398237 1.0
-808.5566134370454 395.6664552971803 -0.403526 0.027724 0.3455553 1.0
-464.8728087447167 235.4929971254066 0.410744 -0.316888 0.17038445 1.0
-528.4170104208309 268.7536776443027 0.027809 0.086231 0.20017987 1.0
-558.1416079303838 284.4819953799632 0.097924 0.673821 0.21551888 1.0
-517.180546989249 271.5413977090423 -0.042554 0.913755 0.2004563 1.0
-499.9940128439017 276.70815274367743 0.123272 -0.013195 0.20307948 1.0
-499.3651379509791 277.0910197382563 -0.016192 -0.424889 0.20337391 1.0
-856.9604399583947 407.8354494027413 -0.212061 0.215982 0.35837716 1.0
-483.09531686433485 231.75741613198926 -0.032461 0.22396 0.16620944 1.0
-702.8512333659494 341.76764118539734 0.12084 0.100835 0.27337733 1.0
-515.7632748057844 276.6382636207771 -0.243981 -0.164582 0.20151402 1.0
-485.66121602488664 231.43379249599 -0.04745 0.000584 0.16419826 1.0
-817.334911856353 410.5949944003732 0.040157 0.289075 0.346902 1.0
-544.8373663390321 275.9227562859403 -0.14227 0.419378 0.19935761 1.0
-801.7004290372354 405.9497512967504 0.145383 0.456158 0.34000108 1.0
-809.2195794994268 410.33688887093723 -0.077706 0.3795 0.34399325 1.0
-535.1437573860059 275.6923402082423 -0.08924 0.097367 0.19869003 1.0
-517.7051952470722 276.9522841886971 0.129856 0.133805 0.19839178 1.0
-515.6814576250289 279.06296540362456 0.010697 0.142624 0.1987608 1.0
-516.0921065209063 281.07944930774863 0.068351 -0.261523 0.20009866 1.0
-723.6760882742238 398.76676400593925 -0.157326 -0.079267 0.3237727 1.0
-876.8990937330894 416.6762905685111 0.062755 0.093148 0.3536982 1.0
-553.9669114664374 278.87717390667854 -0.759257 -0.193246 0.1997154 1.0
-557.0619695732938 279.85216407446217 0.009401 0.110507 0.19988501 1.0
-555.3090471645532 278.6991233309885 -0.309379 0.307746 0.19858932 1.0
-529.669478804021 270.19299415199265 0.011352 -0.139923 0.19138165 1.0
-549.297204752111 284.2667530831145 0.390702 -0.036681 0.20344836 1.0
-657.3447745348919 341.12930117477094 -0.010212 -0.087995 0.25717604 1.0
-655.7619457701182 342.9265041332221 0.033039 0.05109 0.25863582 1.0
-447.59114921841535 241.13722344938353 -0.087177 -0.339135 0.16337578 1.0
-673.7576810735969 308.09925599526895 0.240092 -0.243351 0.22909062 1.0
-777.3941666377134 366.40219752897127 0.311109 -0.116057 0.28684098 1.0
-678.3767219773661 338.07714586206765 -0.441564 -0.150877 0.25307328 1.0
-848.6034540084646 424.7085404738894 0.193611 0.032411 0.35166678 1.0
-508.308755002081 256.5090176770604 0.205115 -0.007528 0.17581023 1.0
-836.6897144206885 425.6647746548175 -0.07202 -0.183678 0.35066035 1.0
-570.189865932609 294.2031692152462 0.091029 0.365779 0.20870304 1.0
