X Y e1 e2 Z WEIGHT_SEEING
556.2011418957419 396.42481260048726 -0.351767 -0.386785 0.32198504 1.0
588.6884480973238 401.5277605923027 0.030782 -0.318613 0.32902217 1.0
532.1819785918934 351.3866367506491 0.00477 0.148875 0.27294472 1.0
659.0435242838788 399.89821235971084 -0.024621 0.131607 0.33567747 1.0
570.7412969740548 343.2746281740172 0.012178 -0.03702 0.26976871 1.0
677.791665164296 401.7885155815886 -0.288176 -0.6894 0.34201738 1.0
617.101926697639 364.5348596348207 0.023361 -0.246168 0.29611337 1.0
620.978584919939 360.7375386840913 0.044127 -0.577788 0.29223025 1.0
688.7975327915567 403.38185328574974 -0.619776 -0.539054 0.34522608 1.0
508.5333898141464 294.48044858046427 -0.246822 0.20586 0.22154254 1.0
691.6647646893746 392.10414682013067 -0.718678 0.687826 0.33119255 1.0
518.0143825008176 290.5766015844036 -0.360074 -0.342948 0.21934398 1.0
728.5342036515631 405.77745787814763 0.342722 0.562228 0.35243934 1.0
749.1874664654068 406.9760446550172 0.243593 0.22747 0.35565615 1.0
569.574578719336 297.8094503588522 -0.257105 0.388663 0.23280174 1.0
621.1562395393555 321.87160957168 -0.178295 -0.168212 0.25823984 1.0
594.6400290721339 298.35337927832944 0.025489 -0.128002 0.23455136 1.0
609.6690618662077 301.4963265024218 -0.151162 -0.055308 0.23939005 1.0
770.9079254149822 369.99479094416165 -0.262529 0.269468 0.32325223 1.0
787.7090246480855 378.1373782474657 0.003235 -0.062698 0.3330456 1.0
636.0742965102829 298.15951709991396 0.038239 -0.531009 0.24118663 1.0
781.6267811630668 365.09749849215797 -0.084942 -0.421146 0.32166392 1.0
722.1923845038303 325.9573335622129 0.552377 -0.378948 0.27780148 1.0
855.8038615704962 383.5027121467047 -0.189817 -0.124149 0.3546231 1.0
858.3942398983243 377.78339045310184 0.042102 0.191077 0.34843156 1.0
505.17023800262217 377.1257806134647 0.125387 -0.10591 0.29173538 1.0
576.2750031505476 401.63404333755614 0.2584 0.108827 0.3229237 1.0
594.7726360029462 401.7068741857704 -0.192518 -0.125781 0.32531852 1.0
624.6623336568401 408.9601354580886 -0.33569 0.620506 0.33312643 1.0
631.6603357989028 406.272111649513 0.012987 0.297385 0.3312232 1.0
582.252677815051 370.93056798822533 0.168252 -0.069124 0.2912055 1.0
592.1380191058888 373.81121170395863 0.189589 0.150728 0.29550844 1.0
407.99941683679515 254.38280434074582 0.136335 0.162548 0.17870913 1.0
637.7067446989564 401.46747101880004 -0.030398 0.119792 0.3287722 1.0
665.3041050277463 407.0057913426305 -0.155889 -0.137132 0.33625314 1.0
671.3471027495755 405.6235840122858 0.258429 0.047168 0.33705473 1.0
609.6722520473213 361.83655321744897 0.078323 -0.381718 0.28497037 1.0
503.6905288837773 298.1001692390306 0.138101 0.17378 0.21966164 1.0
577.525031328833 337.2858226531613 -0.176091 -0.399318 0.26002625 1.0
692.0112288502481 402.476009696058 0.407464 -0.04714 0.33495572 1.0
507.0013271511379 294.38798885618473 0.973571 0.182903 0.21812792 1.0
550.499394886698 310.7081442517709 -0.158061 -0.025919 0.23599792 1.0
659.4305829367154 367.27309841330344 0.103133 -0.131869 0.29580137 1.0
598.0595542963433 328.76798497692715 -0.096231 0.047872 0.25489777 1.0
569.1224404431312 313.7761646625799 -0.767146 -0.193695 0.24007326 1.0
588.5103912493247 319.80049337546535 -0.430181 -0.010224 0.24600285 1.0
736.4551836781924 397.7849591862521 -0.148489 -0.078469 0.33668897 1.0
552.2354893584946 289.9798172717162 -0.206633 0.241201 0.22022276 1.0
591.3845127132506 303.886364011923 -0.14253 0.027933 0.23472 1.0
591.599953508621 302.81451926430225 0.173808 -0.188401 0.23378827 1.0
578.1210718495803 296.79279668914995 -0.674154 0.270976 0.22826657 1.0
707.9757304362412 360.762061480238 0.121842 -0.288399 0.2973337 1.0
751.4380014561942 353.1633925301621 0.215044 -0.140603 0.300009 1.0
687.2099933485508 320.7360468622162 0.427178 -0.239183 0.26105374 1.0
799.7241357737435 371.95577227255353 -0.042658 0.138354 0.32348517 1.0
793.6713492906193 366.2124559792465 0.138526 -0.104021 0.31788078 1.0
701.7133233470423 320.3121194179956 0.03157 -0.918278 0.26312363 1.0
653.5553271405498 296.01226397707643 -0.487172 -0.07263 0.23756802 1.0
815.4370393157726 369.4922111807859 -0.103379 -0.177037 0.32450828 1.0
818.065520982678 370.601367921374 -0.174509 -0.170607 0.3260109 1.0
829.7279438504677 371.42239742402825 0.178628 -0.19331 0.32890037 1.0
559.8005454503992 246.11491618705853 -0.273621 -0.849539 0.18946522 1.0
742.6932394997515 325.54717467129376 -0.350689 0.316715 0.2752815 1.0
668.8503496057488 292.86811969476037 -0.063257 0.396384 0.23930904 1.0
745.2162726880794 324.58878352083275 -0.015743 0.054594 0.27343085 1.0
795.1755889419914 347.08928967732436 0.890227 0.200227 0.30035165 1.0
674.69421583829 292.5195720976818 -0.151624 0.222213 0.2388119 1.0
739.5681721473187 321.29724548898133 0.105399 0.147837 0.27105656 1.0
740.0891560430674 321.53088704373 0.368217 -0.160357 0.27161643 1.0
879.5841845846585 382.482551099666 0.259201 -0.047418 0.35037586 1.0
678.2051435793364 293.43599883515907 -0.326131 -0.103505 0.24001032 1.0
753.5918978992621 325.4161238276371 0.6116 0.257358 0.27668414 1.0
513.2768253667238 372.2871860399892 -0.056687 0.023822 0.28189993 1.0
602.6896583697354 416.2301836990563 -0.022443 -0.139661 0.33392188 1.0
481.5237309004308 327.57412507446116 0.570468 -0.73278 0.23954016 1.0
564.9889413978206 376.60112243503306 0.071506 0.231522 0.28949472 1.0
628.3513437450522 410.9343343550189 -0.12696 0.132784 0.3315397 1.0
633.7553190331714 406.2391610356098 -0.026712 -0.152652 0.327676 1.0
652.4692716932497 410.04612237332606 0.052874 0.3841 0.33167076 1.0
659.6473560707241 412.53958404875135 0.102711 -0.155485 0.33428285 1.0
694.2842360958459 418.3020696153191 -0.198079 -0.094726 0.34492442 1.0
600.8988300767251 348.0467810828313 0.001767 0.131825 0.26775637 1.0
603.9437317674985 346.11899394255676 0.036896 -0.818797 0.26497427 1.0
726.8652896677837 414.207577300161 -0.267053 -0.085798 0.34581926 1.0
668.4254404641065 376.49983318146053 0.520262 0.307648 0.30234963 1.0
686.7415582827713 377.2272172426431 0.119723 0.483341 0.30462644 1.0
637.4894058565133 341.67017755450263 -0.238053 -0.17934 0.2652111 1.0
590.7849867620962 303.86427329748034 0.254887 0.319009 0.23015626 1.0
818.7850625705645 368.50001490308375 -0.019006 0.207624 0.31717926 1.0
679.5317852777364 300.491664456532 -0.40601 -0.203248 0.24164009 1.0
859.1028318734717 367.4672971503286 -0.212083 -0.378663 0.32340044 1.0
837.4747343425141 355.4476022084549 -0.112162 -0.169367 0.30924383 1.0
835.947307005172 347.8829689127335 -0.069202 -0.237301 0.30349493 1.0
385.83160443660535 283.1180321035514 -0.02527 -0.047976 0.19285159 1.0
577.9656846245763 418.8097994924352 0.685028 -0.285306 0.32592076 1.0
578.0258350015744 411.9705122654468 -0.376799 0.282217 0.31898463 1.0
551.1727498000973 374.0588725636512 -0.440603 -0.298178 0.28183663 1.0
468.00113295289924 314.5585161332131 0.015581 0.697917 0.22305441 1.0
424.2935848441014 280.4950584178556 -0.398437 -0.077172 0.1921746 1.0
649.0454605612995 415.40400895009236 -0.099536 0.029409 0.32950896 1.0
646.1280785582184 415.5074198822458 -0.018361 -0.020672 0.33092108 1.0
658.5961490848814 411.68698261208857 0.051387 0.085747 0.32928547 1.0
665.2844962799287 414.444001761002 0.124065 0.278363 0.33222166 1.0
706.5362924674039 436.2782676506978 0.318689 -0.33077 0.3575924 1.0
692.8949924520434 412.0905203460359 -0.232387 -0.19039 0.3315027 1.0
516.0219173334681 301.6203059389767 0.293862 0.262161 0.21622732 1.0
704.9694621738286 410.505197538408 0.623473 -0.446226 0.3312129 1.0
714.630687022962 412.493475688819 -0.021651 0.07839 0.33398142 1.0
715.3852422281183 413.561783573403 0.297193 0.135715 0.33672738 1.0
551.3584346928893 314.8722847167648 0.196515 0.458748 0.22988218 1.0
677.2852639253704 381.99922785813334 0.056641 -0.090419 0.30117548 1.0
772.5406629218064 424.53121538786394 0.598182 -0.008397 0.35283166 1.0
622.5350581478207 328.75544838909235 -0.169778 -0.209203 0.24944933 1.0
574.4632115044664 300.7248373730626 0.136429 -0.093188 0.22235632 1.0
730.7872115600746 379.1927559299982 0.366375 0.596272 0.30434108 1.0
824.9173879289943 423.3846235478768 0.005503 0.429715 0.35942182 1.0
654.2150555160598 334.5002972240345 -0.091522 0.200946 0.25722203 1.0
817.0880026147692 420.04865358779824 0.038447 0.084053 0.35842142 1.0
811.7883647215158 409.5521621914897 0.617222 0.324907 0.34613422 1.0
634.0704399005713 302.8029397566875 -0.164244 0.033693 0.23063573 1.0
884.0880768703834 405.37686798189 -0.073282 -0.043098 0.35227785 1.0
762.8570278854667 341.07228150337545 -0.783015 -0.413346 0.27698624 1.0
847.6575503564063 367.62956459896407 0.089628 -0.066088 0.31426427 1.0
858.3437281651453 362.9888093903934 0.324402 0.305951 0.31152037 1.0
831.0335513643639 347.63159470658434 0.187677 0.315618 0.29460344 1.0
854.3068339706807 357.8551950305522 -0.007512 -0.22673 0.30917522 1.0
713.8044243809964 293.11209487913385 -0.241477 -0.182359 0.23531821 1.0
863.2110289767104 351.8644191773733 -0.001888 -0.044507 0.3065267 1.0
633.1975171310762 431.9537025384158 -0.099049 -0.191727 0.34081572 1.0
638.3746652534332 425.1271504017688 0.580699 0.465482 0.33137727 1.0
633.9906513980415 402.6784867510409 0.292164 0.329152 0.31065273 1.0
677.7504430557169 421.2694733298722 -0.240155 0.238489 0.33251458 1.0
676.8519174001175 422.17973551905874 0.141444 0.245365 0.3328095 1.0
498.11809596248463 306.9729474678491 0.029552 -0.414376 0.21455762 1.0
508.05466742107643 304.23020777897847 0.000764 0.488298 0.2141574 1.0
589.5759700998004 349.5691736687394 -0.17086 0.021517 0.2586659 1.0
482.0644328321535 264.59688136598834 0.331123 -0.335535 0.18243347 1.0
533.5336380990536 290.3523651700735 -0.368144 0.029059 0.20529084 1.0
641.0441461525596 345.06609684096475 -0.004043 -0.066053 0.25838113 1.0
640.5038344847851 343.78250659309373 0.42498 -0.317326 0.25883785 1.0
783.9246610204788 411.69048773991443 0.048158 0.109612 0.33422253 1.0
754.678535161252 397.9573093585708 0.297487 -0.150331 0.32046008 1.0
736.5260732184745 385.84130207976636 0.372295 0.575524 0.3056545 1.0
667.2806825652383 339.48108995199885 0.276877 -0.297553 0.25878206 1.0
837.9916061395822 394.39562453422405 -0.000122 0.228499 0.32868752 1.0
842.0330221510369 393.2677809764487 0.237299 -0.114473 0.3288556 1.0
740.3976842900125 343.8594481105706 -0.584761 -0.146587 0.27190974 1.0
554.7967326817544 255.86009944504158 0.261962 -0.27168 0.18518429 1.0
649.6919522272916 296.54999470018817 0.069736 -0.008447 0.22477083 1.0
654.672429171217 296.93359101105534 0.207717 0.277869 0.22403353 1.0
777.6823131828202 345.92341920022756 0.254108 0.556503 0.27775696 1.0
752.0901985307088 326.91659653658456 -0.094113 0.311818 0.2598977 1.0
736.1919821923487 311.6220819176945 0.223056 0.182846 0.24844179 1.0
738.3659961531766 309.71905070586234 -0.288934 0.236438 0.24566263 1.0
749.4078988579705 314.4090247387374 0.110668 -0.192049 0.25226724 1.0
849.0427245060954 352.4291069540556 0.403825 -0.167622 0.29574403 1.0
723.2866994489431 298.6206472593715 0.057067 -0.167667 0.2360565 1.0
853.5609507554592 350.6627054494481 0.305106 0.158205 0.29471126 1.0
826.9768296242596 341.669250981064 0.056656 0.40815 0.28315878 1.0
847.6334795809823 347.7626857784025 0.530734 -0.202569 0.29349402 1.0
727.6870396809312 293.7475980442155 -0.045235 -0.059602 0.23328523 1.0
833.5838548379161 336.0770585297659 0.08396 0.033436 0.28312096 1.0
667.0044041442259 450.31893415640167 0.013233 -0.090572 0.3542077 1.0
506.42941097773775 339.06884093951527 0.084759 0.100407 0.23812905 1.0
576.8487568417249 338.6964767827815 0.265702 -0.064817 0.24325861 1.0
527.9966414782357 304.9931068939316 -0.402362 0.090705 0.21137477 1.0
522.240882614459 300.5534784606879 -0.582963 0.149074 0.208244 1.0
754.375030656058 417.9946769226345 0.464139 0.201406 0.33263043 1.0
672.903265609337 370.5057886800899 0.130067 0.290007 0.27888796 1.0
776.4010829193887 410.07749115216126 -0.12257 0.303055 0.32485685 1.0
695.9463568344948 369.2353688924707 0.088015 -0.086628 0.28054884 1.0
826.1189190670719 434.5807116531119 0.610859 -0.200571 0.35780355 1.0
787.097864355851 405.07564612199394 0.289499 -0.353087 0.32293335 1.0
787.300893628745 405.39760296502357 0.142314 0.06108 0.32290468 1.0
679.6694815077722 343.6020619079247 0.01497 0.24945 0.2567607 1.0
855.9645631589298 421.2600977267916 0.206448 0.227274 0.34899962 1.0
830.7058914305705 393.9071864430408 -0.454632 -0.452704 0.3189795 1.0
801.1016032840523 379.12228781837257 -0.174512 0.045818 0.30203703 1.0
852.0659887908039 397.9386096902337 0.519923 0.01892 0.32678342 1.0
773.9400570534369 351.05249923503084 -0.550952 0.284499 0.27654836 1.0
734.4525155991049 333.43378875972064 -0.49186 -0.169842 0.25815114 1.0
573.3808918703122 251.25029622265515 -0.073007 -0.105758 0.18019961 1.0
889.468820023061 373.6280209059783 0.066661 0.822437 0.312293 1.0
988.9000833625971 407.88937242595796 -0.061843 0.165222 0.3592761 1.0
781.9282671772464 323.7017711330813 0.304491 0.098327 0.25743142 1.0
757.7125976568227 309.8895546064026 0.166927 0.472282 0.24397855 1.0
855.9781003293351 343.0165207463309 -0.148604 0.244938 0.2857243 1.0
862.7388694725593 343.52362604886576 -0.253387 0.057217 0.28617513 1.0
939.5940646674314 371.8787647810692 -0.19153 -0.251423 0.32140216 1.0
748.3544838513772 297.03449930405986 0.205812 0.125077 0.23602407 1.0
868.0462945948199 342.6786086268075 -0.748037 0.5009 0.28564787 1.0
659.3663652411032 453.5775964155547 -0.068664 0.036098 0.35597646 1.0
574.3117104069015 379.14972119197614 -0.322509 0.111321 0.27575698 1.0
550.0130875379879 341.9026062808718 -0.122658 0.17073 0.24117003 1.0
704.9936686455525 428.1544034993192 -0.145019 -0.451443 0.33217353 1.0
563.1196130701289 340.02798269161775 -0.098786 -0.023685 0.2400968 1.0
690.6842308760739 411.5661909027544 0.076942 -0.016974 0.31473532 1.0
731.3318730522582 437.26891917175766 -0.146026 0.043793 0.34524605 1.0
524.7878638146101 341.72224097329706 -0.210777 -0.045775 0.23519996 1.0
479.43010017386877 302.55723091866815 0.331339 -0.192048 0.2023386 1.0
715.873431332364 419.3481299803517 -0.003154 -0.387996 0.31829414 1.0
662.0855626346424 445.116412878068 -0.087981 0.376578 0.3321741 1.0
545.3788944834116 341.29621524061236 0.657463 -0.043776 0.23151876 1.0
551.12720075292 341.3850093690916 -0.081459 -0.461706 0.23374636 1.0
702.4502571962707 426.67530256726025 -0.622249 -0.045828 0.31897533 1.0
707.3240264008791 427.9686144732218 -0.32599 -0.073377 0.32014596 1.0
727.2732137115937 424.19390423243533 0.010794 -0.36302 0.3199715 1.0
757.4446208691818 439.96734250450754 -0.576559 0.082616 0.33518252 1.0
598.8030039675333 366.5053595285212 0.091253 0.102188 0.25141272 1.0
574.9618528591506 344.9671686803273 0.274425 -0.128983 0.23259845 1.0
733.6114622903198 434.7892468415066 0.210521 -0.111156 0.32346353 1.0
630.886856418539 372.7928383625915 -0.110105 0.432348 0.25997424 1.0
762.5812119695058 450.21004299999964 0.064777 -0.122895 0.33917895 1.0
769.982741474055 443.2702682832853 0.080322 -0.036288 0.3342485 1.0
748.2099095689281 433.24135027425217 0.304762 0.088942 0.32270327 1.0
764.7656731489449 442.21756362967204 -0.060715 -0.258137 0.33436438 1.0
771.3105978760445 446.636291325911 0.027844 -0.122349 0.33063304 1.0
626.2413826957269 350.68983667618664 0.095034 0.014007 0.23663707 1.0
514.7376141816604 285.4083151889572 0.042329 -0.018899 0.18312064 1.0
722.968265094364 400.4642608427285 -0.093528 0.075031 0.28618252 1.0
741.0759352412757 456.025878598514 -0.209133 0.207251 0.33076543 1.0
781.1943928325218 449.5378730856239 -0.193745 0.231688 0.32978138 1.0
657.2970602496114 378.88256678027403 -0.083665 0.56456 0.25816658 1.0
797.3744194718254 453.12427149254955 0.430001 -0.055663 0.33156648 1.0
622.0123401396543 417.7598266038498 0.052181 -0.230641 0.31168896 1.0
680.0909964850008 453.9753182170022 0.325752 -0.292359 0.35453808 1.0
479.6349985816666 304.9786820183767 0.205509 -0.397995 0.2049142 1.0
744.2945612673533 435.0964658371763 -0.301862 -0.488804 0.34193 1.0
617.6489795636786 340.4986403952917 0.198151 -0.240662 0.24364549 1.0
655.8108758208703 360.3746471377106 -0.236283 -0.171271 0.26332334 1.0
760.6497404969174 414.66567001971606 0.088906 0.628579 0.32430097 1.0
837.6021683091903 433.9944858270759 -0.186777 -0.067329 0.35260722 1.0
798.699854469058 409.0309277458041 -0.161256 -0.116643 0.32312125 1.0
842.1687162171644 422.5536125615185 -0.26789 0.135583 0.34271982 1.0
720.5275518827243 351.2050818704404 -0.30054 0.132136 0.2648343 1.0
743.4414082833061 339.4873310138591 -0.085215 -0.429908 0.25772166 1.0
746.9416902373383 336.0779927484424 -0.692656 -0.008059 0.25679657 1.0
668.004723493479 297.7420213290635 -0.130117 0.226844 0.21893977 1.0
601.0795970913555 262.59309425705663 -0.417203 0.66428 0.18870777 1.0
839.0800027418001 361.18837412997425 0.318613 0.202395 0.28874174 1.0
777.3555960888579 325.8333100342664 0.041603 -0.094217 0.25596765 1.0
965.6549320672539 404.93931750127547 -0.165804 -0.094997 0.34867385 1.0
912.9996262196645 370.4766584752483 -0.023881 0.07404 0.3101802 1.0
746.5825550830101 303.20332729026063 0.489063 -0.049384 0.23584367 1.0
747.0416594422824 303.0890485007285 -0.307775 0.002407 0.23639175 1.0
935.3871416054104 375.0244808412036 0.285543 0.527422 0.3182072 1.0
943.4468658997987 374.79613264203795 0.173248 -0.14737 0.321962 1.0
533.699620073125 341.4244728368939 -0.179149 0.155028 0.23286885 1.0
729.401546382684 437.62763781222213 -0.407465 -0.322756 0.33373162 1.0
735.0243932112129 421.45450876316283 0.061926 -0.119499 0.32024065 1.0
735.9760026505363 421.95188970944486 -0.416868 -0.071359 0.31981567 1.0
734.0857947511722 419.87596837594765 0.365561 0.065764 0.31978634 1.0
739.6324982760443 419.4227425125292 0.274167 0.755076 0.3176968 1.0
794.6406816462535 433.6819832598979 -0.092308 -0.009767 0.33761036 1.0
818.6653081704661 444.45525478719003 -0.214348 0.730314 0.35108703 1.0
692.5758146815139 355.7088048243024 0.215131 -0.20594 0.25798222 1.0
816.233383822902 422.7670277764781 0.100119 0.216917 0.33013222 1.0
707.4932864236431 361.9518467956912 0.040369 0.316078 0.26568496 1.0
806.8240666982138 410.267892165991 -0.006211 0.042336 0.31680077 1.0
865.8164755953637 433.5906493618816 0.52113 0.65801 0.34808666 1.0
820.9558493030411 396.41081754387295 0.007172 0.159842 0.30843833 1.0
854.657963576173 402.9042684485174 0.459068 0.163621 0.31772605 1.0
741.5773029453126 335.405447815818 0.036774 0.308929 0.2508251 1.0
825.1882101820241 362.8451272479491 0.104261 0.174178 0.28239673 1.0
716.8641682977775 311.63303010356594 0.028887 0.021776 0.2312785 1.0
775.0316410830912 336.0226885952106 0.215671 0.222624 0.25602046 1.0
832.8433288165722 360.5335503740857 0.251891 0.131152 0.28202555 1.0
879.4094870272513 368.8994724914433 0.079175 0.303539 0.29583716 1.0
761.3372399650651 316.23164886737544 0.028985 -0.226691 0.24056612 1.0
865.0380474796307 355.9724572656776 -0.08828 0.017837 0.28317294 1.0
859.5843359033676 355.69533390058166 0.105933 -0.042376 0.28482443 1.0
859.5273720991503 354.11460153999514 0.075002 -0.281565 0.28157833 1.0
861.8105065765642 354.7338629129607 0.216339 -0.095429 0.28248906 1.0
855.8793335120433 351.64789808178597 0.033827 -0.055916 0.28125957 1.0
862.2417267337842 351.3682667269294 -0.03231 -0.253028 0.28012758 1.0
863.6842387690906 349.5144401756993 -0.289001 0.020794 0.27971998 1.0
863.4832652186276 345.1699519486912 0.532736 -0.201386 0.27820632 1.0
793.3377112134251 309.8065680860599 0.008652 -0.151052 0.24158193 1.0
777.4112383578909 303.86599231710335 -0.385771 0.221004 0.23562726 1.0
584.0666135791598 366.16129449584224 0.854277 -0.386487 0.25223666 1.0
684.7140989502992 432.4268452844025 0.103538 0.063134 0.32105994 1.0
755.3250697007546 454.94313924788474 0.31286 -0.140956 0.3486338 1.0
717.8396532251124 431.3626901922285 0.143965 -0.670423 0.32128143 1.0
713.945832414191 427.7681749247698 -0.048361 -0.290314 0.3192519 1.0
753.7394210149581 441.48023824343176 0.095663 0.014593 0.33326167 1.0
785.6971978389745 462.8809098748172 -0.326468 -0.209942 0.359595 1.0
804.2600603864207 463.0631176443176 0.096391 0.362868 0.35993928 1.0
823.294456332774 461.0294257890511 0.035212 -0.105946 0.35957196 1.0
838.344195443842 455.7213390867104 -0.256996 -0.202359 0.35851863 1.0
805.1450138895665 430.3929594827695 0.435862 -0.441452 0.32993883 1.0
861.6177726798277 433.96569663045193 -0.014014 -0.274688 0.3400149 1.0
828.2001684114823 412.5033348069138 0.207604 0.282854 0.31614983 1.0
842.6354894539726 400.00858164275706 -0.207187 0.084602 0.30906478 1.0
786.2673694129644 367.79954080765407 -0.039976 -0.291096 0.27528417 1.0
752.7785562864502 349.3947122722904 0.609924 -0.210528 0.25759268 1.0
783.6201220395395 347.8435124832734 -0.119527 -0.055487 0.25902006 1.0
796.3728574001394 341.48017394078926 0.322448 -0.002185 0.25818 1.0
934.3305160702492 393.7351064689785 -0.207955 -0.250589 0.31660354 1.0
869.9184019650571 364.78727018762527 0.105552 -0.340685 0.28471658 1.0
936.6213164009506 392.7133855145769 -0.223546 0.225972 0.31780365 1.0
992.2174645237511 408.66704168819234 -0.315288 0.826524 0.34016195 1.0
868.8751133384212 355.72373771689973 0.049585 0.420196 0.27716544 1.0
939.2231328855606 384.78453452391904 -0.116685 -0.222622 0.31106672 1.0
905.7906618778288 367.5833422575896 -0.785982 -0.20772 0.29412284 1.0
917.324199992792 369.679811586395 0.025082 -0.567459 0.2959857 1.0
822.6167882922265 330.5785793524611 -0.338669 0.164622 0.255762 1.0
890.7362857752929 351.7526187535349 -0.036824 -0.37211 0.28019682 1.0
1021.309036348793 399.6202966141435 0.067832 -0.262416 0.33796942 1.0
813.2941258661136 316.26110270856765 -0.312414 0.119255 0.24513063 1.0
543.0003987552668 332.8742496851533 0.06137 0.115574 0.21982402 1.0
601.3285809632191 369.9657787338752 0.197449 0.00883 0.25394464 1.0
584.2246142129661 355.613989540761 0.605001 -0.21478 0.24021685 1.0
758.5216186322734 439.49770881982846 0.285551 0.099283 0.32757622 1.0
772.3880462793763 435.2336638378891 -0.501631 0.101012 0.3228575 1.0
715.0231587513042 397.9287067843864 0.150499 -0.551564 0.28515348 1.0
812.5781072405612 448.75449134994375 -0.026765 0.263725 0.34132865 1.0
600.7481250577349 310.4134819844077 -0.216074 0.58256 0.20803227 1.0
863.1017572627262 431.9291947675719 -0.627153 -0.162033 0.33047226 1.0
881.4297647391381 428.6311397472267 0.433845 -0.220465 0.3300168 1.0
788.4047756093883 379.67294436319617 0.252847 0.221739 0.27778608 1.0
747.8126864116891 357.00735728633305 -0.278637 0.127926 0.25585613 1.0
866.866583182932 407.1561542292101 -0.027865 -0.436505 0.31127247 1.0
765.2194905902666 353.76801500764293 0.146091 -0.135239 0.25708103 1.0
806.3086932701144 362.31495673225953 -0.205728 -0.170529 0.2679079 1.0
874.2170575184541 390.8327394583239 0.13591 -0.067613 0.29809013 1.0
873.7427265172723 390.47432571880296 0.082996 -0.05612 0.29791674 1.0
963.7036470737738 416.7049588429017 -0.635492 -0.347044 0.33443624 1.0
902.5721517592784 386.3083784630818 0.126617 0.242169 0.3008744 1.0
819.8506192328158 341.7497087263944 0.164625 -0.013882 0.25635886 1.0
870.3983503012284 358.99529366337185 0.011872 -0.267879 0.27605435 1.0
1019.0145882307195 417.46912150721477 0.161501 -0.320797 0.342597 1.0
1039.835585359495 426.8303466598177 0.045247 -0.207449 0.35380736 1.0
982.316883415601 391.2686314683867 -0.373444 -0.092941 0.31588212 1.0
996.2555346487592 398.51503037799637 0.003754 -0.261579 0.32484072 1.0
795.9736361165969 316.14136314581833 0.101123 -0.112684 0.23584653 1.0
868.4373513902686 345.2412542376288 0.164205 -0.530468 0.26656517 1.0
1041.0764301124239 404.1972293474907 0.017646 0.44571 0.33734533 1.0
607.8504660455603 358.35785105839557 -0.209999 0.113525 0.24020407 1.0
785.595871944017 450.0035556015982 -0.036618 -0.051169 0.33193898 1.0
756.2708545121968 432.04045151189325 -0.167521 -0.293123 0.31399742 1.0
780.9464678647519 449.3049864071395 0.655465 0.065321 0.33169287 1.0
691.6339416998882 350.19312623319854 -0.447152 0.576983 0.2414093 1.0
914.5874136527048 452.5257051165667 0.470628 0.4778 0.3469851 1.0
876.712371322041 426.96879411665003 -0.039752 -0.037613 0.32143906 1.0
759.505975800117 362.34562886542153 0.429925 -0.428298 0.25598916 1.0
870.2041830839878 395.1303619762441 0.100849 -0.021322 0.29404622 1.0
843.8870254253864 371.48629893814206 0.293219 -0.267641 0.27209607 1.0
918.0692422610689 404.04876202889346 -0.589878 -0.039056 0.30873597 1.0
903.9962384982841 396.817829796458 0.056694 -0.076836 0.301 1.0
884.0906311049847 387.69612869879535 0.191871 0.301336 0.29106537 1.0
886.5736887736327 388.1032487123486 -0.56235 -0.24879 0.29175416 1.0
897.6753263264648 393.1450831249321 0.264902 0.062541 0.29801777 1.0
981.4267324575169 422.5195009705575 -0.282371 -0.25547 0.33261305 1.0
902.1085920616241 384.71714827661907 -0.229139 0.007408 0.2912655 1.0
890.7775263263242 368.20070600697085 0.208625 -0.071336 0.27778673 1.0
908.8966461657219 375.6584602670988 0.48671 0.01272 0.28596973 1.0
896.4467813311742 369.9212901856967 -0.021015 0.094883 0.28069323 1.0
908.266259973852 372.7487050934856 0.002715 -0.223781 0.2839988 1.0
926.8093797650355 355.69367855385167 -0.02046 -0.018841 0.27731606 1.0
579.2535262615045 356.3954948750514 0.500796 -0.271719 0.23324992 1.0
725.8801329264438 437.5993391344965 -0.590346 0.080387 0.30890557 1.0
711.793215618345 409.53700793581856 -0.068886 -0.31101 0.2845952 1.0
798.8241467588988 457.40283242989034 0.058043 0.028642 0.33495495 1.0
802.5782764256467 456.1032819575959 0.109581 -0.037306 0.3338414 1.0
802.8260143057861 454.0887242000824 0.209227 0.039498 0.33087754 1.0
851.1450103097611 479.73978843371447 -0.084201 -0.097845 0.35943356 1.0
808.8614644351621 450.9528654371656 0.191728 -0.152407 0.32994527 1.0
933.3961539700201 418.9614063227428 -0.246309 0.280054 0.31522527 1.0
867.0135529618956 375.8344552946091 0.496431 0.386444 0.27374935 1.0
985.6549848937493 426.5858044128187 -0.072494 -0.016634 0.33010572 1.0
745.4184848500985 307.9323630687241 0.261436 0.387941 0.21425983 1.0
744.6844672649842 307.4497628681225 0.298888 0.644291 0.21401124 1.0
914.2313116024294 371.9365591879849 -0.224873 0.465992 0.27773136 1.0
848.2591670332882 341.3295921086084 0.135389 0.078038 0.24827628 1.0
951.3771388676277 383.4814388095052 -0.372458 0.309711 0.2918306 1.0
534.8444782588759 382.17659944408484 0.330884 -0.191377 0.3058278 1.0
547.6051744221522 394.1665139646906 0.30984 -0.149788 0.32029578 1.0
491.68812258664485 346.92781017624566 0.035285 -0.080144 0.26808092 1.0
433.96652031802506 274.24960614109386 -0.409762 -0.803393 0.19985412 1.0
556.4320982111026 334.8905953695102 -0.370068 0.155043 0.2629256 1.0
664.121175007836 398.264572545129 0.173402 -0.107895 0.33843005 1.0
528.6799159941196 354.4647515318909 -0.241636 0.793518 0.27341112 1.0
658.8313025348866 401.7555988607419 -0.635466 -0.191256 0.33429113 1.0
622.5893961872073 365.59981428771897 0.239242 -0.013724 0.29330838 1.0
611.3839834503833 437.6284086837452 -0.21628 -0.672406 0.3459056 1.0
474.1463377344528 318.4099259255758 0.033103 0.057415 0.22334623 1.0
559.8349797924392 373.36373410803606 0.042799 0.408879 0.27814892 1.0
544.7079335007669 352.34413705751626 0.214182 -0.007965 0.2591507 1.0
482.75548162165586 314.9752081704127 0.457134 -0.532432 0.22231433 1.0
661.0033367673598 415.85934125726106 0.260561 0.080076 0.32824102 1.0
681.4465878950188 415.9931718978319 0.120193 0.287143 0.33238122 1.0
503.83630001758286 301.4269667703005 -0.392012 0.26965 0.21253318 1.0
714.3111002581908 424.0172280103843 0.074823 0.092366 0.34382787 1.0
705.5089267877178 415.1429354653783 -0.044407 -0.037204 0.33356318 1.0
708.984104317787 413.6319325785725 0.535667 -0.065414 0.3315273 1.0
487.854245367783 340.79220490493077 -0.215923 0.119528 0.23921874 1.0
615.4508723271141 426.62078993654313 -0.471823 -0.271266 0.327572 1.0
617.7669853031748 427.31104704923024 0.156722 -0.828754 0.32853884 1.0
493.4573032218464 340.58694087520655 -0.252156 -0.027451 0.2395993 1.0
494.9859697609027 337.80717786470757 -0.029299 -0.029919 0.23844968 1.0
510.1969690508202 337.092762270942 0.171944 0.205463 0.23764215 1.0
513.353074627339 338.82067765021037 -0.041181 0.204913 0.24044682 1.0
509.2094962419746 335.49597390422565 -0.116944 -0.106132 0.23651901 1.0
514.5885734702857 336.994789961408 0.045355 0.170683 0.23881339 1.0
521.020844754973 340.84184880577754 0.10613 -0.165682 0.24231078 1.0
685.8429694097783 438.8746715704305 0.391652 0.014566 0.34975886 1.0
535.1175934174015 334.94114864981873 0.149384 -0.027938 0.23848437 1.0
547.6914192800866 343.387859884941 0.647308 -0.065789 0.2465204 1.0
539.2077723185166 336.695229858426 -0.012649 -0.273408 0.240474 1.0
715.9535790738623 442.88387673020566 0.406676 -0.408394 0.35481492 1.0
499.2352452771689 308.28597663799894 0.360924 0.183404 0.21475962 1.0
553.1242814977451 335.6945203237666 0.051651 -0.142056 0.24043798 1.0
554.1992068430784 335.3229267149067 -0.382365 -0.035615 0.24058348 1.0
710.0086907140914 430.3135223678297 -0.322514 0.013371 0.34161028 1.0
706.919919988685 428.650949642327 -0.019414 0.000422 0.33999845 1.0
492.41431383937237 295.8996208562683 0.572281 -0.084597 0.20501791 1.0
561.6530404014627 336.93343183624705 0.213733 0.082932 0.24319936 1.0
568.461789562452 337.5031274136053 -0.121006 -0.149661 0.24347906 1.0
568.3608942181861 336.4763045929248 0.512568 -0.687497 0.24272545 1.0
618.3167981398602 353.9823235233454 -0.534276 -0.354086 0.26180983 1.0
662.1607971212251 369.65690438985126 0.01351 -0.050878 0.27998793 1.0
652.4159263179658 359.77670998722704 -0.334872 -0.482944 0.270593 1.0
641.1077904400158 293.68990925783135 0.124707 0.044304 0.24043843 1.0
483.72564655279473 353.66268222754553 0.06955 -0.608183 0.27018094 1.0
521.9586530648131 373.1439061612219 -0.194731 -0.129404 0.29030192 1.0
583.3157205669534 410.7656172990289 0.090953 0.347265 0.3344781 1.0
569.5155006322028 393.0344406811007 0.088803 0.622527 0.31453308 1.0
660.3627231575213 373.78864401524436 -0.20734 -0.283806 0.3051156 1.0
659.5103046083397 373.50632854116844 0.155302 -0.061842 0.30474433 1.0
594.028203236388 307.1014512768804 -0.433427 -0.421283 0.23920839 1.0
587.6890764126655 303.7151853486265 -0.111306 -0.053298 0.23598745 1.0
556.4875752296331 288.2447734140144 -0.110897 -0.267298 0.22100593 1.0
556.5870834677457 288.9803674054342 -0.009108 0.036373 0.2213934 1.0
597.0294137350998 304.07092665102675 -0.027539 -0.114289 0.23715895 1.0
635.2624678649402 324.04772992587516 -0.261288 -0.0983 0.25921342 1.0
521.6829780774365 375.7587743629152 -0.165651 -0.209321 0.28840452 1.0
627.6131469990127 402.27662231007497 0.071669 0.040601 0.32358134 1.0
634.9106447332705 406.73338552879 -0.470349 -0.098955 0.32915807 1.0
645.0884852451156 408.05236085290767 -0.132691 -0.151189 0.33333775 1.0
648.461125979873 408.8665064216481 0.215428 0.394683 0.33208033 1.0
660.3949188736763 410.6581741738326 0.20496 -0.044299 0.3355493 1.0
650.5084003516382 406.91870080528406 0.322495 -0.554422 0.3310747 1.0
645.3980745712698 390.04615051278404 0.153263 -0.111531 0.31272504 1.0
579.9046148264479 342.28781287771807 0.125272 -0.322667 0.2636487 1.0
777.3654910623289 400.1783316352348 -0.096774 0.472031 0.34368226 1.0
859.3760876411221 384.25129799556805 0.472229 0.048856 0.343166 1.0
894.5225082497042 385.2510398936472 0.228004 -0.300284 0.35015348 1.0
695.9605412463865 296.69164517157657 -0.121649 0.029455 0.24405351 1.0
545.1176030004614 380.0860702290349 -0.266501 -0.122337 0.29002357 1.0
606.0502015772495 414.7666854694416 -0.105936 -0.129215 0.32725552 1.0
637.978205188438 413.571696589653 -0.132774 -0.070693 0.3291563 1.0
643.8941939977785 411.8902820915243 -0.101656 -0.095822 0.3288207 1.0
644.608837726047 414.16399881539144 0.147062 0.525406 0.33117118 1.0
643.880667299915 412.7242853602926 -0.109047 0.145543 0.32967338 1.0
538.9307175288583 342.0195915636839 -0.069432 0.146961 0.25267598 1.0
647.2128706992173 410.3629529998484 -0.072143 0.110227 0.3289579 1.0
617.3059429505444 357.21587588636794 -0.312719 0.054101 0.27370635 1.0
723.2919782237315 409.8617149128202 0.15335 -0.04076 0.33691671 1.0
626.7693920175184 326.25748725097776 0.519944 0.027161 0.2495779 1.0
729.3160155486687 367.11393781074077 -0.371796 -0.231312 0.29751095 1.0
663.2940459721955 297.2676492612458 -0.174863 0.263745 0.23326504 1.0
805.0387780574576 353.46818861515663 0.524226 0.031598 0.29720196 1.0
902.8803384928627 394.36464442734365 -0.206058 -0.013254 0.35407007 1.0
870.9352465681629 371.3515469130649 -0.829421 -0.054474 0.3252835 1.0
871.2101711065595 372.10367308527105 0.442975 0.845898 0.32780007 1.0
850.9138528222279 361.15980692452115 -0.108439 0.373346 0.3129858 1.0
832.8073453852334 366.10890319847 0.369299 -0.273608 0.30586457 1.0
748.0319648809347 310.64743260552814 -0.120052 0.736514 0.244958 1.0
853.7644073949027 354.1539781397666 -0.179329 -0.470484 0.29577026 1.0
715.9046007258855 289.79182457628895 -0.065001 0.225224 0.22371186 1.0
674.070899664935 266.8873992194689 0.277757 -0.317343 0.2035277 1.0
717.5045525155656 337.06194001695593 -0.042186 0.109262 0.24988562 1.0
693.0452358440623 315.84119669022095 0.206322 -0.430452 0.23219366 1.0
804.0395029989801 362.74619127113573 -0.217938 0.232481 0.2817758 1.0
843.3107900788756 377.8549324358043 0.066675 -0.22006 0.30034235 1.0
703.7594066980239 313.1946362808019 0.04697 0.239812 0.2317369 1.0
868.8763579073383 368.1702145308179 -0.074195 0.017079 0.2983568 1.0
872.0489107350916 368.37014030713993 0.276598 0.045698 0.2976137 1.0
876.3154889002715 369.66191374002784 0.231901 0.452567 0.29843292 1.0
688.5099456084948 289.7992540150968 0.019045 -0.297576 0.21556556 1.0
834.0006073964513 350.6023748446482 -0.184927 0.074561 0.27860335 1.0
832.7198840064045 350.1195410444803 0.364359 -0.326159 0.27882197 1.0
859.0910034133772 356.78582059103604 0.159068 0.058076 0.2870957 1.0
744.3730866868667 308.61644944341396 -0.089468 -0.029634 0.23639807 1.0
754.3198322122574 312.2186876338549 -0.278346 0.135929 0.23985283 1.0
980.4492213718637 403.52330212349796 0.012778 -0.19684 0.34452882 1.0
715.7244445986037 291.7740782561097 -0.393503 -0.292096 0.22021805 1.0
709.9985595101875 288.75246159403974 -0.021333 0.120484 0.21772479 1.0
1005.208538193679 410.6522656669117 -0.402656 -0.16708 0.35889974 1.0
995.2372947709752 405.140294694671 -0.317087 0.155883 0.3511978 1.0
782.7361696940112 313.5584654109606 -0.009405 -0.026663 0.24555007 1.0
859.6822076026457 365.44708577772434 -0.029652 0.021083 0.2816484 1.0
815.5162059458576 340.97597578284046 0.011173 0.108104 0.25717238 1.0
818.177456916004 339.7986837698598 0.33011 -0.33392 0.2562591 1.0
822.4557718293906 338.5966006032281 0.260257 -0.006124 0.25537068 1.0
949.9671364076634 388.8348353141907 -0.119593 -0.057303 0.31368688 1.0
954.8283827433492 388.28436851692123 0.235165 0.0316 0.3142497 1.0
882.1570599264778 357.85238614145436 0.210809 -0.105401 0.28028923 1.0
870.6259634512902 353.17636045343727 -0.211577 -0.002395 0.2757176 1.0
860.5045506337264 347.7175551177976 0.045703 0.323669 0.26938298 1.0
1007.9405981302939 407.2424367497707 -0.275515 -0.218871 0.3383681 1.0
967.0816146556431 388.2127818426472 0.270424 -0.024547 0.31530908 1.0
965.183829285116 385.0291929132294 -0.044001 0.044998 0.31360343 1.0
938.2424050858375 370.04417432892643 0.232768 0.225255 0.29763544 1.0
880.885286123911 369.60427255550155 0.217695 -0.089336 0.28224742 1.0
879.1584700937516 368.29518832301864 -0.312247 -0.26521 0.28098857 1.0
892.5444364127047 371.1105668911034 0.017502 -0.207015 0.28303593 1.0
1001.6073666511022 404.8292443353559 0.220735 0.380702 0.32631862 1.0
1041.5404593454343 424.1984448167701 0.10598 0.008517 0.35062996 1.0
997.6545931860809 401.6537666756465 -0.087669 -0.152552 0.32479045 1.0
1030.5310227748935 412.8734541861602 -0.305785 0.174316 0.33789253 1.0
871.9149497070795 347.3646884236163 -0.026613 -0.213584 0.26501927 1.0
808.9009038720684 312.52591354380553 0.09318 0.159898 0.2332291 1.0
1035.2210673879965 409.4530865524263 0.210927 -0.036854 0.32889596 1.0
484.9452137730575 297.01068902070534 0.208677 -0.157545 0.24815513 1.0
568.6274704748076 349.7139302976057 0.118743 -0.152972 0.31086016 1.0
594.3327641384856 365.8890070705663 0.016962 -0.259699 0.33153546 1.0
619.7225949878796 380.023472829353 0.032249 -0.335338 0.35267335 1.0
490.6151171444093 299.03434949744326 0.152049 -0.165872 0.2511176 1.0
628.3962193740899 378.38201712948967 -0.22953 0.055337 0.34971687 1.0
491.61315702126683 296.08353552559896 0.790262 -0.136018 0.2484286 1.0
454.93023577535206 271.1867168961761 0.101959 -0.002351 0.2205117 1.0
499.5805803157746 293.85580672793463 -0.28501 0.575072 0.24748671 1.0
643.3452609134481 377.6698036716213 -0.321911 -0.02581 0.35507393 1.0
605.7250565482087 347.0349340364299 -0.306022 0.205585 0.31523648 1.0
572.9501889953722 394.06225738413366 -0.335182 0.358549 0.35337487 1.0
589.5410829931868 387.69412934083215 -0.108608 0.010812 0.35042435 1.0
457.4024333188632 283.5847885880849 -0.101846 -0.002538 0.2271715 1.0
594.0512054905549 349.5111544864182 0.074465 -0.036949 0.3070062 1.0
624.0439930364729 359.48755070497174 0.661143 0.494011 0.32238266 1.0
427.6708063942076 308.38935236288734 -0.246962 0.240621 0.24232039 1.0
520.5198605516192 348.2763082627234 0.011655 -0.010295 0.29170045 1.0
532.1488756682137 350.5445960298351 -0.107896 -0.304571 0.29352388 1.0
448.8851820118591 296.39457204868677 0.216074 -0.011611 0.23447286 1.0
467.3168205822883 303.3941426981937 -0.017347 0.246618 0.24123429 1.0
519.0738831040073 331.80569732482104 0.337241 -0.175522 0.27375364 1.0
474.91562975822677 302.5370333035751 0.304363 -0.083287 0.24091049 1.0
639.1880384999648 362.29111630452417 0.108685 -0.074461 0.32053232 1.0
547.7244687913562 298.19794125164833 0.314249 -0.268842 0.24582484 1.0
653.0073804584167 353.0476345578938 0.012857 0.051568 0.3143492 1.0
690.672567490102 366.62882022782173 0.103247 0.111875 0.33489406 1.0
598.0170833032527 308.9257886077188 -0.095496 0.036131 0.26503003 1.0
605.6238619029442 312.3356789137839 0.068149 0.056679 0.26678783 1.0
539.8527162145035 384.31245588194304 0.18092 0.368275 0.3233959 1.0
460.3619818769635 307.6421512810085 0.224637 0.001656 0.24041168 1.0
561.8234424887172 369.6576629622313 -0.357332 -0.02074 0.31138644 1.0
603.4052868788268 394.11717574565597 -0.280835 0.242858 0.34372184 1.0
587.8672706858594 375.2549230430327 0.139382 -0.038319 0.32167858 1.0
500.32221480883493 306.55774218888655 -0.007401 -0.245483 0.24342981 1.0
483.16907174373847 295.9948709749614 0.161242 0.583969 0.2334927 1.0
634.188911046191 387.72787251653983 0.035173 -0.205074 0.3386032 1.0
634.5659777804599 387.8118810249413 0.010337 -0.005737 0.3388332 1.0
628.9372206101409 385.9433963839712 0.050306 -0.084863 0.3391279 1.0
601.6075686761463 363.9296823732201 0.126212 0.374559 0.31081685 1.0
493.1306853206501 294.33967760224954 0.246435 -0.356287 0.23198621 1.0
650.2569441294528 374.9704517195233 0.01172 -0.535346 0.32712343 1.0
634.4589121282617 365.5567850270676 0.361642 -0.117789 0.3158065 1.0
632.2182765082223 365.49760180806146 0.089833 0.121783 0.3173493 1.0
518.9819082390812 294.32763059529583 0.05448 -0.063562 0.23444249 1.0
658.5513011203269 356.08570887302767 0.146919 -0.543911 0.31196755 1.0
616.6778082192601 318.00194803626994 -0.040595 -0.007699 0.2694389 1.0
578.8645232713961 294.98324809990464 -0.246206 0.146905 0.24347305 1.0
630.3587101803333 319.52974231218917 -0.18352 -0.050024 0.27212352 1.0
616.3212702160328 311.2752814041465 0.09323 -0.263632 0.26339954 1.0
618.2326967920748 311.8829043838535 -0.037062 -0.446814 0.2643868 1.0
405.28291226326286 311.58998617727985 0.090639 -0.269909 0.23526679 1.0
531.9445719601915 384.4176820845905 -0.006454 -0.233006 0.3172134 1.0
577.1162446621097 401.19269943544623 0.410947 -0.117943 0.34081304 1.0
559.7148931233075 385.97840482912244 0.129894 0.068279 0.32136902 1.0
599.5063856861309 382.1664005404481 -0.302475 0.281915 0.323651 1.0
593.2835368956654 380.90711374535164 0.401148 -0.013807 0.3217325 1.0
505.61187718331905 315.41930283002733 -0.619543 0.23364 0.24823174 1.0
647.4767608007686 398.4690560003616 0.366509 0.423823 0.3463721 1.0
659.8327536533745 400.3689660809565 -0.091491 -0.034598 0.34824103 1.0
647.6048290997954 390.8831511047059 -0.16433 -0.110821 0.3387727 1.0
610.7975138186625 364.3657280991495 -0.222563 0.199226 0.30565995 1.0
610.8956458328272 362.52482676934295 -0.350294 -0.003798 0.3047478 1.0
615.8787226923432 363.4496680405398 -0.402972 0.569818 0.30469415 1.0
520.045491712674 297.3249244765897 0.544088 -0.020966 0.23431611 1.0
620.3725948267587 348.7925907801202 -0.135215 -0.205101 0.29139397 1.0
515.594745054585 286.34821372444344 -0.297325 0.775107 0.2246812 1.0
633.0213496293845 346.92572559865937 -0.184991 0.113945 0.2911266 1.0
592.383975519995 312.68778148445773 0.132448 -0.0148 0.25675246 1.0
705.2906232202346 366.7019915192955 0.104891 -0.069192 0.32081932 1.0
694.300427157094 358.5634667711879 -0.344936 0.16614 0.31177574 1.0
622.5596683347204 318.5066979979842 0.236651 -0.114134 0.26353118 1.0
754.3504488732375 383.08189989489097 0.594982 0.254684 0.34794608 1.0
644.5854537498698 311.8645776704745 -0.308289 0.410056 0.26294962 1.0
617.4152597806918 289.5385141848799 0.234159 -0.045157 0.23960777 1.0
807.2248217839536 380.5252386715029 -1.046149 -0.182039 0.3534768 1.0
493.61684414488235 384.6988373893674 0.028373 -0.17219 0.3083531 1.0
493.67231119157634 385.2566360684214 0.209547 -0.324215 0.30956855 1.0
465.09699886311114 342.6561113496612 0.027203 -0.084551 0.26487696 1.0
642.1745672538723 405.75088539008283 -0.399135 -0.412983 0.34644517 1.0
638.1308186845328 391.198376283295 0.039301 -0.005263 0.3293489 1.0
566.2012806492263 339.6444982180205 0.303457 -0.071095 0.2706765 1.0
616.8717161524131 372.9125349123599 0.248662 0.091897 0.30753434 1.0
622.9542746806325 371.4378333071347 -0.149468 0.009761 0.30638534 1.0
501.1683917888764 288.1711030079813 -0.347429 -0.034659 0.2198848 1.0
522.7985613071061 299.1245291077912 -0.25981 -0.02679 0.23044729 1.0
621.964781736465 317.6082316057047 -0.105525 -0.331952 0.25962296 1.0
730.4698559964077 370.5673768877779 -0.090294 -0.036378 0.3222209 1.0
616.5812177071107 309.4599324591617 -0.16139 0.021426 0.25035036 1.0
703.7634683332444 327.88452462221693 0.378284 0.343473 0.28118408 1.0
631.4264804040844 292.1971717064179 -0.322221 0.276731 0.24040365 1.0
758.3858815889546 350.8158835331359 -0.509735 0.248704 0.30933198 1.0
760.2214796953147 350.91174301883245 -0.089652 0.028039 0.30999812 1.0
641.3948002303085 291.91083457333735 0.008676 -0.207409 0.24053912 1.0
764.4475249065624 346.4472716719358 -0.366519 0.11523 0.30583724 1.0
849.4423030536469 383.3404508072693 -0.705801 0.23719 0.35677758 1.0
607.5927378320592 383.5106950771682 -0.034989 -0.120345 0.35652658 1.0
613.859027134075 382.97113640906434 -0.635119 0.298104 0.3576425 1.0
618.2212602404727 384.33886572828396 -0.245058 0.208965 0.35939112 1.0
434.9559179831814 266.0548330072012 -0.11421 0.177313 0.2163228 1.0
594.668851027488 362.49802878986065 0.281771 0.102463 0.3303312 1.0
597.4736274443139 363.2310046445477 0.2814 0.18145 0.3321561 1.0
630.1996602377956 380.7601102713564 -0.375237 -0.036379 0.3569801 1.0
445.60313875308026 268.8828037508622 0.061313 -0.102519 0.21948144 1.0
640.4858154914999 377.9151254355279 -0.002031 0.032815 0.35659987 1.0
653.1484943848138 378.72499719985683 0.262015 -0.094871 0.35961765 1.0
633.8750598481822 357.56951632593245 -0.094195 0.151069 0.33422843 1.0
610.4584783706912 344.7264188435476 -0.116439 0.16645 0.3169852 1.0
636.2027757387608 358.1594407765854 0.549191 -0.422431 0.33481395 1.0
638.2798130514044 358.5207756628282 0.126612 -0.057553 0.33342174 1.0
520.4658369667773 282.82712176795 0.24331 -0.312315 0.242974 1.0
620.4515375979717 336.12082150961635 0.020973 0.185203 0.3086278 1.0
447.59425025477964 290.38034090425816 0.062398 0.246064 0.2352782 1.0
571.4824499979812 370.9931996943184 0.512753 -0.363217 0.3327974 1.0
552.7183862693928 342.12735406897934 0.056083 -0.330412 0.2974019 1.0
615.5345294176385 362.0576503770418 -0.270569 -0.048755 0.3260099 1.0
508.55491251937025 297.16996917141034 -0.450841 -0.114986 0.24885459 1.0
609.8968323429018 354.8652676416467 -0.050951 0.256954 0.317525 1.0
453.71586596065976 263.50218613586736 0.488548 -0.139722 0.21272053 1.0
618.6756155750088 356.1781974923039 -0.143413 -0.199193 0.3216704 1.0
621.8382941528735 357.0226405719706 -0.063948 0.412785 0.32200873 1.0
474.1882450610274 272.1863890631024 0.128766 0.148696 0.22154006 1.0
613.6733081307102 353.0217128509476 0.899188 -0.164762 0.31709394 1.0
621.0776219206517 357.0091553476938 0.060188 0.009129 0.3229481 1.0
631.0762361769931 356.5344580843502 -0.231817 -0.207957 0.32306153 1.0
629.7229277229358 356.16614721070124 0.26022 -0.005749 0.32285404 1.0
632.3748602450595 354.6126781317158 -0.059051 -0.154007 0.3216375 1.0
642.6747539480176 353.422088829388 -0.040879 -0.055675 0.3220471 1.0
632.6355455680855 348.92727631626235 0.654821 -0.483049 0.3152323 1.0
506.930529228229 350.7852332136044 -0.069913 0.15423 0.29380518 1.0
579.8419923657315 397.52847593389396 0.412871 0.741214 0.35507616 1.0
608.3299177492755 389.1568981282388 -0.300311 0.037569 0.34916127 1.0
521.0302960125094 328.7320461484215 -0.642049 -0.230849 0.27462575 1.0
650.514833943068 369.6581448321272 0.433705 0.24677 0.33412585 1.0
580.3376297657155 322.28478371769626 0.11889 -0.463692 0.2768026 1.0
591.7823956438046 315.7560102055009 0.102755 -0.305503 0.2723687 1.0
593.1269045752408 309.7256998348425 -0.161045 -0.167646 0.2663263 1.0
679.0585963186012 350.0606949140415 0.287478 0.273034 0.31695393 1.0
730.9942666317897 379.4530100255818 0.114915 0.04811 0.35820937 1.0
599.9270744894696 309.27995491074824 0.073395 0.064758 0.2664455 1.0
694.349035327044 353.210772414843 0.039783 0.22989 0.32426906 1.0
519.7757134567714 380.6874738747 -0.24571 -0.496788 0.32075697 1.0
527.3583248056923 380.08582534069154 0.397721 -0.077557 0.32052913 1.0
536.2167451258241 352.62530383978645 -0.256758 0.675273 0.29486516 1.0
544.1718793202815 351.3653770713134 -0.070462 0.232448 0.29411602 1.0
571.2821268452525 367.24781515297417 0.160715 -0.788759 0.3117797 1.0
572.2739364709197 365.5661999936208 0.105413 0.127428 0.31113234 1.0
493.750510175111 311.8906745884356 0.050408 0.062068 0.25058943 1.0
481.0847524816373 294.08591713172916 -0.660492 0.437659 0.2317775 1.0
506.8976815909574 308.1855835553215 -0.008948 -0.400294 0.24753146 1.0
598.9636068748831 363.5951826395275 -0.109338 0.841024 0.3132876 1.0
658.3621747169309 391.69452182231174 0.147294 -0.141317 0.35075578 1.0
500.1849585894031 297.1694346196524 -0.125163 -0.542541 0.23705697 1.0
656.269405983578 390.5676543259558 0.181024 0.135092 0.3513174 1.0
535.9096102419599 313.575196726866 -0.024804 -0.008913 0.25710058 1.0
627.3508690140415 363.98525279496704 0.022284 0.096591 0.31708464 1.0
626.4859092366527 364.04848304972757 -0.26229 0.776795 0.31897458 1.0
639.2962669945534 370.7472549313607 -0.085551 0.131496 0.32705367 1.0
644.0268140370869 373.07661538292405 -0.032756 0.024745 0.3296324 1.0
624.4000927253587 362.30840726218713 -0.310174 0.415782 0.31659296 1.0
639.8052544280565 354.40078645352224 -0.120866 -0.105192 0.30797225 1.0
741.5595321605001 382.80872348230884 0.539977 0.068796 0.3563788 1.0
607.337925302583 310.07520401404355 0.063795 0.141081 0.26453516 1.0
561.3982429724869 401.0812757515156 0.256269 -0.519378 0.34162703 1.0
538.4344766707145 384.2239259305361 0.28055 0.109184 0.32282582 1.0
548.8519233493811 382.88811640674777 -0.134696 0.36874 0.32074618 1.0
553.7643069013075 387.5070867801385 0.060782 -0.857398 0.32616928 1.0
534.4678057884529 357.6424845059341 -0.027636 -0.0407 0.29160908 1.0
533.728892094697 355.7114331697184 -0.086452 0.218172 0.29215664 1.0
562.0417953779648 367.8203455553998 -0.278418 0.2951 0.3064043 1.0
608.6869141043712 378.8493020787144 -0.221394 -0.156842 0.3228379 1.0
483.5804395966562 297.38608889087834 -0.159617 0.057931 0.23189756 1.0
643.5055257853102 388.9975771372751 0.005557 -0.472703 0.33772686 1.0
592.2542564283485 357.58497305263364 -0.491737 -0.135984 0.2992031 1.0
605.6147497186724 364.42643980793525 0.241964 -0.283632 0.30741915 1.0
603.1318016406718 361.63748383801 -0.447514 -0.094753 0.30366573 1.0
612.7576289145098 335.6828828023352 -0.067892 -0.2561 0.28071564 1.0
676.8198444615147 356.73420384060233 -0.529891 0.112732 0.31248927 1.0
670.4380518654478 347.44711269459134 -0.067475 -0.02152 0.3001011 1.0
672.2387296599228 347.5305451858769 0.022365 -0.142158 0.30055815 1.0
609.3104294865515 311.0578981036197 -0.055261 0.00862 0.25843453 1.0
606.5015208338317 309.7478974910323 -0.276646 -0.202754 0.25859454 1.0
613.9276529504684 311.0430929314846 0.12171 -0.066032 0.2594803 1.0
771.9988312220455 382.3215172686312 -0.117151 0.001239 0.35223007 1.0
745.6602142966236 366.80230882534204 0.231513 0.176753 0.3341739 1.0
647.031647915571 308.53699441355184 0.252674 0.237321 0.26410496 1.0
500.50338725194325 385.2739490641653 -0.257936 -0.080792 0.3115075 1.0
535.79302867968 404.86545547339995 0.18204 -0.259419 0.3373962 1.0
584.0098880672231 390.1045378730071 0.029272 0.148975 0.32565013 1.0
576.3646469334705 385.5007044628498 -0.081334 -0.245732 0.32125196 1.0
582.3069112175623 387.4350791116333 0.611329 0.123768 0.3242109 1.0
578.5829880225551 373.1017698468852 -0.228271 0.419247 0.3061992 1.0
641.4642954387155 396.80638640974234 0.032554 0.046152 0.34144735 1.0
491.6995313195095 298.63154661762536 0.122934 0.216464 0.22858827 1.0
637.889755445097 383.5050181187583 0.218507 -0.240167 0.32538694 1.0
653.9876475133758 393.43931650277347 -0.130449 -0.090759 0.3386283 1.0
623.9791545751101 364.97084759330306 0.191601 -0.130005 0.30619732 1.0
528.3883943446848 297.16572760466966 -0.055146 -0.034605 0.23171815 1.0
668.8543261827905 366.664688435609 0.09282 -0.162947 0.31115016 1.0
553.8413076622987 301.90806960594244 -0.302035 0.590246 0.23920427 1.0
574.0264432897599 293.27220099224235 0.147354 -0.612098 0.23403493 1.0
616.1558786803504 314.1130836412611 0.362461 0.647248 0.25817278 1.0
563.866343699042 286.2850460147761 -0.564194 0.360956 0.2275198 1.0
580.8769290166263 292.7147194452141 -0.404979 0.333702 0.23509401 1.0
605.4192618040204 305.32178345836996 0.038476 -0.110484 0.24962986 1.0
707.8658904315422 328.28347884448925 -0.089247 0.278523 0.28309745 1.0
780.4082658031865 358.7803455005291 -0.136643 0.05768 0.32336774 1.0
697.5064665932155 322.003171944398 0.616726 -0.113433 0.27792135 1.0
702.605132629674 321.6174561317604 -0.032618 -0.256279 0.27807587 1.0
685.0828155123758 314.7396768457708 0.226969 0.105645 0.26887813 1.0
435.9469853895159 260.626317263793 0.093661 0.189539 0.21895659 1.0
596.1528146302347 344.03869812099975 0.079746 0.150178 0.3248528 1.0
593.6171441981957 339.83187859850716 -0.336567 0.387502 0.31833825 1.0
475.31945230083477 289.72484118394374 -0.080685 0.107602 0.24724056 1.0
604.5054834078827 347.5849674400228 -0.014721 -0.103172 0.32195023 1.0
594.4570391620971 340.60582468330244 0.002432 0.266131 0.31550118 1.0
595.7239759014476 340.15575146113656 -0.412396 0.360583 0.31381464 1.0
602.0611641194345 342.11555796910596 0.213727 0.462868 0.31726572 1.0
587.7451515282014 331.3707463811822 -0.31354 0.000173 0.30384868 1.0
612.1823752417313 337.4756391561698 0.402802 0.117695 0.3118207 1.0
570.7454330047545 338.34102766801016 -0.14788 -0.239436 0.31683895 1.0
505.260858662346 306.4056885792918 -0.079101 0.20969 0.2696952 1.0
442.04100089436 261.50945180107095 -0.210801 -0.08915 0.21906102 1.0
440.16904346499297 258.4015699488714 -0.031383 -0.148066 0.21636254 1.0
446.24758876941974 260.65368833911907 0.026275 -0.285394 0.21935262 1.0
587.5475697301092 341.62324105598464 -0.177227 0.193168 0.31723398 1.0
608.0975072318039 354.13582339559133 0.071018 0.485361 0.3346594 1.0
593.6192204254203 340.8711766770098 0.15179 -0.181442 0.31577992 1.0
598.011549939277 344.3106305256311 0.247591 0.170173 0.3235286 1.0
648.0712436425312 370.6492837125123 0.147588 0.083361 0.35852367 1.0
456.4656219630836 289.43803158091595 -0.169603 0.017513 0.24021395 1.0
586.7739327720674 363.06595360812827 -0.299719 -0.034149 0.33325377 1.0
483.64024842066027 294.5057612247972 -0.153308 -0.160186 0.25019762 1.0
589.2507134708558 357.32704596093333 0.173879 -0.074513 0.3273687 1.0
587.5103952170969 356.2099683489928 0.203512 -0.012686 0.32705304 1.0
486.76457094555803 293.09311152430763 0.173771 -0.028102 0.24732937 1.0
562.3661352025497 337.2083015392794 0.114567 -0.255663 0.30073798 1.0
451.6877129085311 267.6695100417708 0.004607 -0.017664 0.21990278 1.0
574.9172718869085 334.8797799786733 -0.135393 0.084304 0.30187002 1.0
602.9837516129681 337.6860397159608 -0.114979 -0.357535 0.3091491 1.0
669.6187264577679 369.3521712494824 0.259816 0.19558 0.3547693 1.0
609.9405500050653 335.91388782499365 -0.110707 -0.171231 0.3093134 1.0
609.4807134518311 334.8029767401902 -0.12425 0.148225 0.30774555 1.0
720.7515496973263 427.22323467303346 0.115544 -0.387255 0.33464056 1.0
587.0329862965307 339.9481393737637 -0.237667 -0.005825 0.24293652 1.0
614.1877470497408 341.37484867069765 0.107427 0.254283 0.24648301 1.0
788.3572085811343 422.51596246054487 0.390903 -0.192138 0.33706957 1.0
768.2765861038444 409.5030234554969 0.244403 -0.191214 0.32230064 1.0
766.3383389492951 406.83160531097377 0.175753 0.015797 0.31895494 1.0
706.2490930751181 350.2404814822133 0.008971 -0.061523 0.26392332 1.0
575.5479803536457 252.9653101867117 0.28473 -0.005058 0.18079825 1.0
800.0646643836927 350.6209126442865 0.188759 -0.100306 0.27803555 1.0
724.4761130414363 419.5445748186821 0.203027 -0.15632 0.31942153 1.0
746.5844427913055 420.26506124581437 -0.193388 -0.293827 0.3221789 1.0
823.1090948235212 447.84843213818385 -0.55372 -0.045248 0.35915095 1.0
836.4144051396562 446.9299270893656 -0.298769 0.021263 0.3589266 1.0
809.9888958771788 420.89837675596414 -0.183913 0.189944 0.330514 1.0
774.8016044736273 439.7573279528138 -0.120186 0.002476 0.3398832 1.0
717.688551683733 393.8915121658131 0.441696 -0.614411 0.2907594 1.0
802.4609853558399 430.77327123927796 -0.501104 0.314501 0.33210436 1.0
701.75907283602 357.05236695473684 -0.228373 -0.000338 0.2583119 1.0
937.8760405301452 437.46214050180924 0.245395 0.179983 0.3572511 1.0
845.9229280784563 360.97471209961236 0.223138 0.199996 0.27997667 1.0
727.8788560140202 310.98350086090744 -0.024201 -0.508433 0.22933716 1.0
727.6696865674486 310.79402647963843 0.36698 -0.173806 0.22992347 1.0
802.992636327364 340.2298446598585 -0.078146 0.059601 0.26131716 1.0
906.9134414289949 385.3964760541979 0.024581 -0.347777 0.31137818 1.0
825.157795406371 458.91588435828294 -0.045564 0.029489 0.3568297 1.0
795.0004973558707 423.1648531406462 -0.178465 0.076962 0.31714702 1.0
776.6582995995931 377.7253866551009 -0.105567 0.144886 0.2775681 1.0
753.7000653699178 359.9980404969778 -0.368485 0.106055 0.26194862 1.0
877.5507129512739 413.1624315067271 0.307227 0.101004 0.3184924 1.0
770.0941851059264 349.7877104648653 0.087991 -0.043548 0.25732264 1.0
781.2142929922879 341.4136273618951 -0.094845 -0.174653 0.2519236 1.0
658.8566547705162 350.88146747791774 0.391601 -0.326227 0.24009433 1.0
866.3768847373349 464.1631884704513 -0.525271 0.549058 0.35810265 1.0
866.828100754114 462.2870973960947 0.45774 -0.061623 0.35789385 1.0
706.3899247519649 368.0773627854687 -0.133679 -0.206013 0.2566304 1.0
852.993600444581 436.2600731239078 -0.264608 0.143935 0.3299018 1.0
691.0900625679503 348.107769228017 -0.215642 -0.107682 0.24214794 1.0
923.8360338218496 456.62316669541804 -0.19591 -0.001041 0.35776383 1.0
753.1091690949553 357.31615899496876 -0.112997 0.074692 0.25575113 1.0
900.7896762978589 427.56033475468615 0.062083 0.0995 0.32987064 1.0
902.5377798695769 429.0111470598382 -0.831007 0.371231 0.33142635 1.0
904.3400612736066 399.9315448960274 0.025571 -0.110654 0.3071308 1.0
901.1401773683391 389.0390624056066 0.126678 -0.066047 0.29889736 1.0
918.2260677229918 398.03472456089264 0.09317 -0.092023 0.30850852 1.0
898.779691513182 434.8915994088911 0.108485 0.045925 0.32634902 1.0
891.9457342346061 423.90261833413143 -0.223204 -0.496133 0.31663653 1.0
654.3860301411152 301.83688274220697 0.078189 -0.127427 0.20153554 1.0
677.7535119319558 301.14155672731135 0.283319 -0.316939 0.20333137 1.0
963.9207695523774 430.9399959060607 -0.023919 0.021462 0.33407396 1.0
894.642119219581 398.23053478172045 0.24043 0.021056 0.29722318 1.0
975.6205751734965 428.84258584885947 0.200775 -0.925368 0.33314165 1.0
914.7768032192321 394.9463796190057 0.046273 0.060153 0.29721394 1.0
984.1050322294102 423.9868484692331 -0.046947 0.55965 0.33192497 1.0
989.4661093577618 425.2940281539684 -0.030316 0.31611 0.33151424 1.0
877.7320009717594 375.0567099722052 -0.033907 -0.149943 0.27664703 1.0
881.9527926481273 374.13775897674435 -0.066381 -0.154055 0.27654305 1.0
901.1057381680818 373.1770228112975 0.228087 -0.203205 0.2812489 1.0
870.5203584461468 348.263322633235 -0.232036 0.056801 0.25791693 1.0
929.8254944584239 370.55476359630853 -0.289833 -0.549004 0.2818059 1.0
572.1824689473794 404.92632463076166 -0.151637 -0.127947 0.33095434 1.0
559.1161469353237 397.731582158748 -0.344627 -0.093644 0.32107812 1.0
436.8646119660863 303.0900874183884 -0.206508 0.167462 0.22200727 1.0
411.56506363910364 283.0701691314117 -0.130964 -0.028631 0.20411445 1.0
583.1732452972265 393.64032929591303 0.136686 -0.015991 0.32229167 1.0
435.01444874813285 277.9271554143084 -0.220955 -0.136983 0.20105807 1.0
661.6282115594847 399.8103869456046 0.107989 0.541066 0.33753857 1.0
426.4866137018378 250.87953102099405 0.012602 -0.028698 0.18042634 1.0
429.9334969982622 250.71004312402803 -0.090805 -0.011588 0.17991395 1.0
508.3310796865576 292.1253091043045 -0.357196 -0.374943 0.21959636 1.0
511.76674703408753 291.5570407311241 -0.556093 -0.146944 0.21956766 1.0
564.6918691064419 295.0355636847035 0.052251 -0.060417 0.2299989 1.0
560.7984528585162 262.1715455598661 -0.027503 0.046743 0.20480564 1.0
817.7231947004352 381.61934500006305 -0.112723 -0.223922 0.34229356 1.0
760.3247273845506 345.607841855245 -0.144998 0.265358 0.3011364 1.0
650.0111224177977 294.1134486032943 -0.168405 0.483661 0.2409876 1.0
805.0309085741699 363.63256734121524 -0.175567 -0.376239 0.3261721 1.0
779.9239940163203 346.57300255165046 -0.298515 -0.059332 0.30516312 1.0
864.6198846754547 382.6269585802425 -0.108404 -0.05828 0.35305154 1.0
404.97722541025064 298.0886248587092 -0.287673 -0.03949 0.21292062 1.0
591.6334128772367 413.47843188465384 -0.196695 0.341988 0.33434305 1.0
635.4653489241291 410.7634853909764 -0.300258 -0.066139 0.33719555 1.0
621.5126791558458 404.7356782519789 -0.101023 -0.248134 0.3314995 1.0
464.72250703422606 282.3933480611033 0.260984 -0.021638 0.20354062 1.0
461.9101112962078 273.6320670923341 -0.039287 -0.179325 0.19656205 1.0
470.0227423798871 269.47046044908217 -0.198442 0.044552 0.1951321 1.0
472.69098291534385 268.60047652107 -0.529034 -0.026022 0.1940274 1.0
516.2594570370848 293.034208379591 -0.537601 -0.297716 0.21822211 1.0
649.270457279743 363.6768175105812 -0.060089 -0.018762 0.292503 1.0
659.053716790147 363.802727846143 0.09642 0.395873 0.29283166 1.0
439.67373593255985 231.72298416063015 0.105511 0.070522 0.16542648 1.0
708.5592663047815 372.58346315729943 0.250262 -0.227587 0.30910146 1.0
446.9825390160433 232.11630958098374 -0.45157 -0.119722 0.16578117 1.0
635.3591480261783 327.064155303502 0.155722 0.206787 0.25844672 1.0
473.5812380223319 243.51458120282172 0.164644 0.074479 0.17732808 1.0
653.32960750842 328.2719234890903 0.078503 0.187753 0.26344246 1.0
792.816923020089 371.57743693012065 0.123017 0.078122 0.32271257 1.0
809.3073725944521 372.61660862328677 0.135493 0.264241 0.32534653 1.0
645.6488941908074 294.6132012311326 0.13441 -0.372791 0.23656619 1.0
670.1240334796298 302.2355183431803 -0.484704 -0.291075 0.2441597 1.0
878.2428089894579 384.1276617643123 -0.718189 -0.137244 0.35159764 1.0
787.6293593322441 344.47787738222445 0.277166 0.172667 0.29950675 1.0
690.6380466398049 297.7045467289509 -0.278261 -0.04544 0.24550937 1.0
403.15739678690966 292.78769663504033 0.175538 -0.018518 0.20373753 1.0
638.8039423465111 408.61358896979556 -0.060491 0.258384 0.33056727 1.0
649.7695652143717 409.02569662459143 -0.114318 0.288761 0.3321535 1.0
660.0155390071809 410.6131984356175 0.14708 -0.001496 0.33177942 1.0
392.6994786769115 242.29259590530967 -0.069489 0.515045 0.16477087 1.0
399.44379968617835 241.92456626366405 -0.053969 -0.1939 0.16532406 1.0
500.85290228369456 303.90018711836507 0.366132 -0.019847 0.22041258 1.0
400.19555427660845 242.09723648376428 0.243091 0.238531 0.1655164 1.0
693.3302647414683 416.80320154498474 -0.291973 0.18158 0.34276927 1.0
422.28124725499185 250.96754619721082 -0.118532 -0.065964 0.17361677 1.0
433.4733031931206 256.65723258959514 0.098442 0.087405 0.17955491 1.0
598.8343163004408 335.8767591801164 0.062319 -0.059077 0.25620636 1.0
674.4372223266121 375.886382803843 -0.007932 0.17818 0.30114248 1.0
643.819768272582 328.82913055664034 0.007392 0.072743 0.257181 1.0
481.26530965980425 241.33417905603102 0.205356 -0.433715 0.17343335 1.0
901.8702538233164 391.4892501525003 0.111028 -0.077595 0.35406613 1.0
863.9787247398968 371.88491434255064 -0.035718 0.026802 0.3284533 1.0
901.6633408744627 387.07680256593255 -0.180715 -0.062992 0.35178462 1.0
865.4681799125435 369.91189469820176 -0.231822 -0.138206 0.32667148 1.0
813.9434899590374 344.85163696591303 -0.077682 -0.07171 0.29847696 1.0
422.10155634688863 296.75588455401584 -0.175656 0.132267 0.20473072 1.0
420.8143644300318 295.60750387590645 -0.20563 0.222612 0.20366642 1.0
488.96484767149406 310.95490612958133 0.105668 0.139465 0.22226405 1.0
380.2603521294042 239.83594216117973 0.480502 -0.20442 0.1602473 1.0
668.8018411472427 420.64295603043047 -0.233307 0.071201 0.3376854 1.0
666.7253077599685 415.0956892911365 -0.095009 0.125986 0.3329726 1.0
670.5237257199751 412.72231523133325 0.323155 0.146127 0.32956767 1.0
679.41216752947 416.0000976929774 -0.259739 -0.48251 0.33271864 1.0
638.3522367874666 341.06867496534034 -0.123555 -0.236708 0.26133 1.0
478.3473373396554 248.94275090608696 -0.129436 0.44803 0.17482495 1.0
815.3379975812088 420.91603799781615 -0.081154 -0.083807 0.35918188 1.0
818.1665726780633 420.666827880005 -0.105539 -0.120927 0.3593941 1.0
823.4237101384607 421.66954175022454 -0.295036 0.006186 0.35960093 1.0
821.6373282151476 410.0707135029243 0.055195 0.058405 0.34643337 1.0
625.5182512013911 312.04402994945224 -0.182571 -0.048934 0.23661107 1.0
502.49343246789533 249.60529644898122 0.129475 0.34678 0.177379 1.0
824.4554567018548 411.00151559642256 -0.09801 -0.315712 0.34790775 1.0
489.72184232444624 240.62427890318895 0.209039 -0.027687 0.1708116 1.0
574.4228777013437 273.7336995431533 -0.010782 -0.155823 0.20195201 1.0
545.5789404418744 255.21407381486307 -0.021337 -0.027082 0.18719831 1.0
865.0784417064351 399.6559070846883 -0.430747 -0.152608 0.34651294 1.0
887.07980490652 406.73512899729724 0.176248 -0.075429 0.3540808 1.0
692.36925283247 295.0586903710634 -0.083647 -0.011614 0.23371746 1.0
550.9062806067967 234.41211103963892 -0.499214 -0.134349 0.17427213 1.0
698.763943307147 296.8704259131347 -0.113569 0.090208 0.23594634 1.0
852.2066826824027 358.79167606475625 0.29896 -0.173527 0.31017056 1.0
860.9393092608921 352.5110981702729 -0.208744 -0.216242 0.30660075 1.0
927.3372631941451 378.4302900460611 -0.10784 -0.257793 0.342218 1.0
866.2028301539524 353.06910171638424 -0.026356 0.178862 0.3080311 1.0
920.4505393073845 370.4861538165279 -0.049064 0.47639 0.33136934 1.0
917.7177679582076 368.68385568507387 -0.119027 -0.089963 0.32937273 1.0
515.1091411812604 347.1287555948372 -0.075024 -0.169536 0.24901918 1.0
559.3157157839074 361.807229228284 -0.00045 -0.158566 0.2658829 1.0
548.7951506878196 346.09243385514856 0.06581 0.148335 0.2499579 1.0
576.2857249257365 335.1757347759985 0.342914 -0.434141 0.24512787 1.0
725.8512937934631 408.1103525521001 -0.042281 0.139725 0.3264872 1.0
743.9741610029492 404.66393659556934 -0.130375 0.351425 0.32269892 1.0
769.0480496415554 414.63000545071503 0.267274 -0.075575 0.33610976 1.0
643.841717534504 346.3111833611487 -0.076328 -0.04972 0.25987858 1.0
778.5475526500682 417.0707847283403 -0.395756 0.55503 0.34097764 1.0
783.2675575175153 411.25982804869557 -0.123517 -0.110954 0.33373293 1.0
829.3158497156938 428.65479501334676 0.012143 -0.017448 0.35946846 1.0
622.6879214139298 311.19905897375406 -0.196258 -0.069736 0.23034675 1.0
824.5257964016417 396.60203580303266 0.003806 -0.007123 0.32878247 1.0
787.3819521263819 365.03419690796966 -0.109185 -0.25367 0.2944591 1.0
611.0222541196241 274.21937099792063 -0.580723 -0.340032 0.20327085 1.0
736.963057837385 312.0128231577857 -0.015738 0.258519 0.24803667 1.0
726.222330135584 304.7077701179076 0.442913 -0.017256 0.24141504 1.0
731.1156588744332 305.5415370443303 -0.158592 -0.130635 0.24136662 1.0
858.0453668323148 351.2761132823493 0.148946 0.022284 0.2973611 1.0
836.5220609472278 336.6598493436617 -0.788376 0.152458 0.28262395 1.0
888.7863976802041 356.49939217412197 0.165659 0.195696 0.3090503 1.0
424.20984916001834 294.6058224308732 -0.07866 -0.208427 0.19694869 1.0
422.22035280224327 291.96756411437815 0.015201 -0.097963 0.19484542 1.0
577.5010294555666 379.8029004863869 -0.138263 -0.28038 0.27679768 1.0
561.2268742704581 371.7973714283824 0.249341 0.115907 0.27055344 1.0
440.2272173510299 262.2202303667828 -0.095478 0.397534 0.17442931 1.0
520.4850672953534 299.18570674849394 0.023597 0.033034 0.20649128 1.0
613.5728130851429 339.9133868102268 0.285604 -0.272514 0.2483562 1.0
771.7228964270477 410.77567307509975 0.071086 -0.216611 0.32509592 1.0
658.899497997803 348.3547114321564 -0.057054 0.255283 0.2597775 1.0
787.3942698258628 405.8287623995456 0.134831 0.00474 0.32372618 1.0
567.857351265241 288.70561094971265 -0.038126 -0.289092 0.20397428 1.0
570.1713848466327 289.2035031261133 -0.115465 -0.124677 0.20457746 1.0
580.0456200851337 289.2927436984501 0.089543 0.132696 0.20530514 1.0
858.7876092156296 420.64389131954374 -0.006174 -0.337337 0.3496773 1.0
894.165633949078 404.82155391540357 -0.001791 -0.000743 0.33792874 1.0
579.7247931037258 259.8387651488965 -0.214396 -0.080227 0.1859832 1.0
850.7609436150924 362.3394264380774 0.425193 -0.197291 0.2984985 1.0
944.2748322881158 391.9658758233054 0.01268 -0.084051 0.3383564 1.0
684.2573554067912 278.3109113707853 -0.242147 -0.028905 0.21274832 1.0
740.7589577037959 302.0575756501382 -0.143157 0.083592 0.2375494 1.0
564.0130711178117 228.1003106399287 0.083992 0.34804 0.16703907 1.0
684.5313719243794 275.66655820844755 0.017771 0.120668 0.21185243 1.0
857.3834309427575 343.08818335229415 -0.189802 -0.062085 0.2851379 1.0
577.9359383145957 228.80977286515767 0.161058 0.163108 0.16838232 1.0
936.1240426219568 372.37350777508925 -0.08393 -0.003469 0.32203183 1.0
509.7228707483727 349.00695570282926 0.284734 0.076427 0.24042681 1.0
446.98308544333344 283.5404414857832 0.197894 0.001299 0.18213291 1.0
547.7195928463553 342.7583546615194 0.088523 0.034244 0.2332386 1.0
509.8562359089455 304.11936683184217 -0.160061 0.36571 0.20220111 1.0
454.76410709319174 301.76595433907266 0.436342 0.057344 0.19290826 1.0
630.5801381843887 381.3437888395159 -0.11991 0.227972 0.26611587 1.0
762.2695600431912 450.2334217967983 0.483455 -0.508782 0.3389638 1.0
434.12286661165444 265.0831134375482 0.606884 0.379524 0.16448732 1.0
770.4618116490615 446.79038576889036 -0.018216 0.45834 0.33179063 1.0
795.2015687456368 445.71486714041515 0.452772 -0.088069 0.33346847 1.0
511.52071736247854 283.4325862262213 -0.206765 -0.096399 0.18157725 1.0
738.2738349055095 407.18705986303456 -0.344643 -0.332383 0.29273614 1.0
739.3195205615202 406.94432933191484 -0.022759 -0.208907 0.29252842 1.0
530.4586455788226 334.00685406774215 0.068214 -0.032982 0.21424025 1.0
570.0094097677104 341.01611831787886 -0.0484 -0.214497 0.22291149 1.0
609.301092565312 343.63821358331296 -0.326728 -0.227509 0.22676663 1.0
473.5153389345604 303.0224402448538 0.02238 -0.03599 0.20285076 1.0
406.6312482040301 254.97565954499697 0.17685 -0.378028 0.16489193 1.0
529.148420392894 304.38959600132176 0.249148 -0.189621 0.20809427 1.0
796.7182860017252 412.1031230534211 0.147628 -0.074791 0.32465008 1.0
473.43249484675067 244.2347237566978 -0.809988 -0.415887 0.1633492 1.0
838.4336260929523 416.83311642169525 -0.088332 -0.225356 0.33635834 1.0
826.2921954297935 383.0523602331639 -0.074293 -0.010501 0.30481404 1.0
584.7345523655982 264.31037786703735 0.126328 0.20063 0.18747951 1.0
747.3693873680119 337.212901324404 -0.171425 -0.202157 0.25813523 1.0
541.8849562750083 234.26141712010244 0.392408 0.557228 0.16368403 1.0
859.7664565760759 366.8174110744009 0.31306 0.336072 0.2967039 1.0
713.4931673934339 289.12672756430146 0.103549 -0.123676 0.22109924 1.0
768.18990391334 308.8406345291525 -0.107159 -0.297921 0.24279073 1.0
744.3320815065136 297.9120678371783 -0.214054 0.30474 0.23082714 1.0
746.793579509321 300.5155643080598 0.02877 -0.163315 0.23402777 1.0
502.9322134669847 303.7427907257035 -0.115665 0.015522 0.20228676 1.0
710.009431634646 417.68354193766766 0.083986 0.099518 0.31491587 1.0
466.50718093498483 251.8838588749368 0.762551 0.072566 0.16473445 1.0
828.0398073256641 409.9353824093022 -0.267872 -0.445 0.3199369 1.0
861.7635606277103 397.35593023391283 -0.437186 -0.27996 0.31525773 1.0
853.3607899286594 380.70605806949055 -0.089268 -0.317468 0.2995443 1.0
779.6355610077644 338.0615685808841 -0.165775 0.052631 0.25879747 1.0
980.4860098735784 410.18416797065476 -0.571607 -0.251683 0.34640497 1.0
925.1936449961746 382.83895207297047 0.177644 0.0606 0.3134984 1.0
528.3216508113263 343.04566936887625 -0.12212 -0.496973 0.22972062 1.0
536.2909070245354 341.98718814289043 0.608205 -0.02552 0.23118614 1.0
627.8947085850234 377.0398268339108 0.294132 -0.003861 0.2647412 1.0
622.1835828410308 372.9332219224814 -0.028388 0.181255 0.26121128 1.0
626.6837536562874 373.30397063465807 -0.471937 0.493803 0.26266608 1.0
525.4085397907203 301.2243614285729 -0.067808 -0.180784 0.19988623 1.0
700.7961205953856 358.00715581713365 0.143068 0.273657 0.25606957 1.0
677.0923557005564 344.10884048814546 0.006456 0.019171 0.2441753 1.0
781.6806918636881 396.76792197802007 0.110516 0.129704 0.2977949 1.0
601.9006239198851 302.6922508071527 -0.15397 0.058417 0.20578174 1.0
861.8641791759028 433.9298765524134 -0.122473 0.025014 0.33994302 1.0
613.7082237895703 301.0085641016353 0.067132 -0.050948 0.20608945 1.0
790.7004954104226 341.5481882355418 0.024559 -0.155339 0.2573272 1.0
844.7247481154759 363.2591456340962 -0.234719 -0.48023 0.28083044 1.0
864.764654940175 361.34914982868924 0.30976 0.152843 0.28261063 1.0
858.8001812658918 352.88747968179047 0.129421 0.142452 0.27383453 1.0
860.1177993211246 352.6181619578467 0.165791 0.025993 0.2741581 1.0
710.0720269857113 292.13895609222027 -0.147995 0.429395 0.21411434 1.0
856.7685867959229 352.5547862092622 0.369099 -0.273291 0.27381817 1.0
946.5963793640102 387.86167816801856 0.028068 0.193736 0.3145038 1.0
908.4747224312415 369.75829673565903 -0.261754 0.044415 0.29585186 1.0
1004.6564759089529 406.3116623838697 0.025453 -0.338739 0.3388804 1.0
875.7872431734698 354.1116153573404 -0.199334 0.030309 0.2793246 1.0
999.4929014873546 404.1115462405272 0.033569 -0.12799 0.33862987 1.0
1003.4869636399014 402.2149323803228 0.278375 -0.283846 0.33791104 1.0
593.3321313568069 235.5956192702504 0.096813 0.280401 0.16542476 1.0
757.300957558682 466.24705664497833 0.278648 -0.067236 0.3509485 1.0
629.1432264376027 381.65362461406295 -0.000807 0.087074 0.26524687 1.0
636.1681570972842 382.9091926444186 0.178427 0.047071 0.26513386 1.0
631.4928160940332 381.8225102001661 0.000818 0.13761 0.2650113 1.0
645.6818424327554 385.9431832809219 -0.066356 0.145204 0.26976582 1.0
555.3917989161816 320.21547789533645 -0.013355 0.050177 0.2108235 1.0
618.5240805783744 357.0444712738877 0.139086 -0.07652 0.24490947 1.0
781.3141093415713 445.8370018493674 0.158641 0.05756 0.33353812 1.0
482.1367284878444 255.28076743075297 0.147227 0.201651 0.16152671 1.0
853.2246323447187 421.66701772692886 -0.04447 0.028727 0.32008094 1.0
640.2561451342813 293.9576321089279 0.03 0.027713 0.20139512 1.0
925.7290607702646 423.8230262400026 0.071087 -0.09132 0.33370477 1.0
902.1620425367012 397.2071425105279 0.112463 -0.167944 0.30603343 1.0
822.874488636567 355.64572306465874 -0.125299 -0.171696 0.26595286 1.0
706.4585339562419 299.5785215380402 0.102767 0.025565 0.21258827 1.0
981.5710535373502 406.0176730471395 -0.470657 -0.394225 0.32814965 1.0
1024.795978045609 423.04174666786054 0.418482 -0.182068 0.34712064 1.0
769.7831082070004 309.1086012936771 0.167925 -0.169877 0.22662577 1.0
976.7050644642218 388.9187278925702 0.075064 0.065205 0.31339645 1.0
873.0936136102057 346.6934036448896 -0.065777 0.151096 0.26813966 1.0
639.2881581551287 302.75198574362895 0.254081 -0.177699 0.20282309 1.0
881.1743397585889 404.3874442693518 0.014963 -0.006094 0.30259457 1.0
913.4968052019523 415.60450507110664 -0.109002 -0.286718 0.3173772 1.0
795.8925443973985 353.99374645584254 -0.073809 0.214597 0.25435758 1.0
794.5339565509004 351.9273643630649 0.131894 -0.062884 0.25356358 1.0
686.2908740884068 301.01711131871957 -0.044054 -0.060956 0.20626345 1.0
902.1788859699561 395.1044888320897 0.012849 -0.106325 0.29916662 1.0
691.4264079957345 300.296736215484 0.020798 0.091392 0.20787664 1.0
891.8209228370861 369.6043320979687 0.129625 -0.254789 0.27923852 1.0
904.2007051160334 373.71814908037044 0.335308 -0.043573 0.28380772 1.0
921.1727721686052 377.9664780930744 0.141739 0.12678 0.28975758 1.0
925.7968202860756 378.7597729458322 0.153748 -0.101802 0.29059315 1.0
930.9864222229663 380.230239413245 -0.206661 0.290783 0.2921788 1.0
991.3322856419197 395.42173304339815 0.306807 0.101904 0.3151204 1.0
1017.6805467862986 395.72828782973426 -0.511203 -0.022769 0.32060844 1.0
423.1351253765299 268.6034571517778 0.378064 -0.025405 0.1622051 1.0
947.4519232653518 462.1899355244012 0.185304 0.261557 0.35574403 1.0
929.4324050449952 422.3063214659094 -0.055469 0.090314 0.3189995 1.0
804.12462787778 356.264350953557 0.056559 0.087307 0.25325897 1.0
863.4921492180357 376.1033437887316 0.172308 -0.246619 0.2750399 1.0
705.5767343508479 294.82831568898365 -0.504804 -0.54991 0.2013944 1.0
404.8009088246695 310.5523908479945 -0.068425 0.120834 0.22841004 1.0
414.0243056012362 311.122400554616 -0.614462 -0.258716 0.22939652 1.0
532.3254141783176 393.14124227287294 -0.149581 -0.380112 0.3174083 1.0
435.44273482269176 275.02947795685094 -0.001141 0.48913 0.20052987 1.0
407.7534102577684 256.51049562718833 -0.135678 -0.01859 0.18057583 1.0
630.4901051040771 366.9579311989662 0.255654 0.43377 0.29556388 1.0
635.2131533518517 373.2873490562284 0.001049 -0.067423 0.30331224 1.0
455.39652013867004 320.17552506162934 0.120378 -0.35336 0.22396064 1.0
419.8748906969939 295.8437105894323 0.073435 -0.020191 0.20330963 1.0
643.6267168705848 418.767016437006 -0.272465 -0.207813 0.33159038 1.0
577.9748356479687 370.44107923481187 -0.071146 0.547469 0.2763722 1.0
653.4109531714978 418.6778224182725 -0.007476 -0.110222 0.3323786 1.0
666.116504675768 418.41051616848574 0.097555 0.039465 0.33065313 1.0
567.8506031430446 347.3178211613003 -0.488933 -0.185099 0.2569043 1.0
463.33622275267544 258.30178937440724 0.104466 -0.020086 0.17768353 1.0
515.0571636838752 337.27131086143777 -0.304285 0.305576 0.2390592 1.0
539.3435907853668 337.80708144730403 -0.120173 0.044726 0.24139914 1.0
534.8069756090176 337.12326745047955 -0.057695 -0.084002 0.24083246 1.0
518.7203862712842 306.34127822784427 0.078106 -0.085125 0.2148093 1.0
513.7989506846421 302.0893047457871 0.22434 -0.082113 0.21079959 1.0
522.2700626224155 306.18959746571556 -0.087588 0.05122 0.21417968 1.0
584.6165881834188 340.62246309352906 0.050526 -0.119096 0.24728431 1.0
508.36517569994817 294.8437829620246 0.05355 0.169693 0.20560989 1.0
611.9033426586026 350.7807703840116 0.081505 -0.077188 0.25848305 1.0
873.950247251262 382.547613134017 -0.512781 -0.242269 0.3532665 1.0
739.7144915570444 322.480513469645 0.053849 -0.350543 0.27564466 1.0
333.16821201874353 247.2188766952545 0.353887 0.433552 0.1664477 1.0
559.2629595178171 367.3492875576743 -0.203397 -0.341582 0.28392765 1.0
631.1187586271287 407.02355005655704 -0.2391 -0.011676 0.33034116 1.0
563.8062279778321 366.37833714975716 0.06654 0.636493 0.28360352 1.0
391.67701920986013 242.260330375846 -0.088056 0.168056 0.16689177 1.0
643.4484876836484 388.8858511310096 -0.171332 -0.263068 0.3113242 1.0
436.22912636300526 257.2760009523339 0.164529 -0.206986 0.18052436 1.0
507.0395064986718 300.2841486526151 0.390827 0.06794 0.22098763 1.0
704.1347251663022 416.77217785576215 0.110842 0.03808 0.34875858 1.0
785.8381425974856 401.6360372427713 0.058667 -0.204213 0.34451726 1.0
497.0825486873818 245.99325813708194 0.294685 0.42799 0.17878732 1.0
834.3282402526904 402.277991092498 0.154905 -0.310988 0.35630396 1.0
806.055022109541 369.8300483208968 -0.242238 0.30867 0.32094428 1.0
702.4897858599451 310.23773391347146 0.097984 0.066037 0.25251234 1.0
875.5798042847376 377.7155606308399 0.192365 -0.261764 0.3414563 1.0
803.3450606190493 344.7671871251175 0.181961 0.244514 0.2973023 1.0
800.8237262262019 343.71647169175145 0.394021 0.077035 0.297999 1.0
808.5195152828562 343.0218940460081 -0.203482 -0.069243 0.29802525 1.0
808.4530478977581 341.7892503672827 -0.143762 -0.287444 0.29799235 1.0
408.4164110669533 293.639284839633 0.091576 0.200834 0.20379214 1.0
608.3715817773996 414.7169135727384 -0.131876 -0.020318 0.32880095 1.0
680.8950587156427 410.85127832157656 -0.390051 -0.042681 0.33159122 1.0
399.36460520804695 241.06264229724619 -0.143916 0.104367 0.16413286 1.0
404.7267708645759 242.87630520317768 -0.144536 0.385596 0.16484751 1.0
397.14941590850333 239.83084126136535 -0.098609 0.172732 0.16320722 1.0
704.420967593052 413.459791618811 -0.757719 0.184326 0.33767733 1.0
900.9760838895081 395.21260827825904 0.057429 0.126059 0.35177374 1.0
772.5744517667042 330.9273681632889 0.15303 0.001163 0.27624986 1.0
648.0274152798846 273.7902648953155 0.002956 0.126303 0.2113624 1.0
876.9529306813685 368.20701229774374 -0.284663 -0.160654 0.31575465 1.0
919.4631030394764 387.86252347496554 -0.224854 -0.035291 0.3433201 1.0
827.7627479969511 341.09698676164504 0.074796 0.103606 0.280383 1.0
588.8953391480194 293.2261339745416 -0.196471 0.216114 0.20426796 1.0
591.3205690202918 264.9302826984046 0.005127 0.527599 0.18731603 1.0
869.8677139647646 368.51587927029084 0.260289 -0.468475 0.29899296 1.0
836.3729005133833 349.57691739734105 0.067664 0.055909 0.27881378 1.0
696.1128036058955 288.47697963845206 0.217639 0.107737 0.21590148 1.0
697.0175827576587 288.849716835088 0.014062 0.280604 0.21625447 1.0
706.8856569802026 289.3307149962368 0.262366 -0.163112 0.21756195 1.0
863.5179785311625 348.9635058400935 0.378903 -0.258327 0.28270876 1.0
770.7306523526855 307.94800325374865 0.248287 -0.069638 0.239962 1.0
861.2775275509473 364.9187027221203 0.224966 0.160909 0.27960646 1.0
889.8146115171393 365.49066347935235 0.136056 -0.513301 0.2854495 1.0
835.3772135999907 341.3455595637624 -0.135326 -0.123972 0.25928274 1.0
825.7659887760266 339.25472282891656 -0.02255 0.231035 0.25894648 1.0
859.8017876107026 349.9984496878163 0.232298 -0.053063 0.27125654 1.0
888.2669002097024 388.8738526172265 0.024059 -0.116732 0.29401058 1.0
1004.745595439719 405.6180181967794 -0.186297 -0.235151 0.32730383 1.0
874.9379480600029 354.9821407318212 -0.184714 -0.217452 0.26995707 1.0
763.9806210643885 300.63583203580845 0.086061 -0.181616 0.21998939 1.0
592.8064922788028 363.19530402035355 -0.020616 -0.374518 0.33055985 1.0
631.9175051285295 380.43981137446036 0.419882 0.024114 0.35300812 1.0
583.869887393016 352.32219865030345 0.11928 0.502844 0.316117 1.0
630.6333515429277 380.06851473283035 0.036483 -0.363701 0.3540763 1.0
605.2468399365724 363.7805968124375 -0.199376 0.064295 0.33090928 1.0
571.4769311485497 379.98781764236156 -0.186875 -0.256978 0.338261 1.0
589.0913716172893 377.0041397767317 -0.14924 0.121016 0.3377514 1.0
586.5915170547983 376.2749655638936 0.051611 -0.529811 0.33711854 1.0
606.3548760844332 389.8119879880208 0.31789 -0.358959 0.35266685 1.0
375.7480636833601 220.63414463761617 -0.397344 -0.059631 0.16728263 1.0
369.3848673978176 215.53769572182895 0.15445 0.041463 0.16288097 1.0
421.88368667034996 305.75310524058693 -0.079069 -0.62273 0.23920968 1.0
521.2008466141594 348.4948198442111 -0.090674 -0.268369 0.29188985 1.0
465.25561691607186 302.31734229964945 0.076729 -0.435724 0.23992613 1.0
464.14638505451603 296.59304155605827 -0.197528 0.328713 0.23572509 1.0
623.5053443346319 378.15449587623 -0.101688 -0.000187 0.33474246 1.0
390.71887607235453 220.7288238583657 -0.505522 -0.463858 0.16609278 1.0
611.3760874305234 315.80899057519485 0.265237 -0.527923 0.27314642 1.0
454.3905168561133 231.29331067653814 -0.10423 0.228114 0.18131249 1.0
362.9424425811585 253.32241067084493 -0.091166 0.193926 0.18649879 1.0
452.77345621797934 308.1647805492116 -0.236254 0.09601 0.24049348 1.0
440.5357764256269 280.3561244519935 0.06676 0.117547 0.21521153 1.0
482.51367776795706 295.9636534225679 0.593244 -0.095744 0.23170719 1.0
631.9111435920067 388.6602026949121 0.232562 -0.079243 0.34202558 1.0
488.89526339661415 297.5607709733339 0.119427 0.056506 0.23526317 1.0
631.2593941297926 383.6402701151837 0.14039 0.271546 0.33657813 1.0
498.64869518432135 295.63928710835756 0.044063 -0.293119 0.23294714 1.0
590.2201949347573 284.0343905385361 0.31999 -0.106353 0.23720632 1.0
324.74784791301613 252.84477010213703 0.369238 -0.367665 0.17979361 1.0
400.6190622225498 312.51887372575425 -0.384672 -0.296284 0.23462446 1.0
441.19955119369337 303.4564489945731 0.220058 -0.35587 0.2305714 1.0
612.8198424183746 365.40465775462576 0.3761 0.133329 0.30659756 1.0
539.5308261177225 300.1110161891234 -0.469765 -0.249682 0.23880647 1.0
728.6100967952167 398.55569240283614 -0.155263 0.151254 0.3573877 1.0
418.1808716094958 224.92059224881592 -0.065331 0.13777 0.1669589 1.0
417.9220834968074 224.57585170789216 -0.303337 0.108203 0.16666201 1.0
589.8359683553788 311.67449010514525 -0.073111 0.018658 0.25552544 1.0
577.5596511497777 297.98654266268755 0.005837 0.07887 0.24021763 1.0
609.0750660974893 312.46481252710595 -0.143672 0.019724 0.25858495 1.0
694.7664966408192 355.1079373167512 -0.161566 0.025339 0.31041622 1.0
331.8466677768491 244.79446107619518 0.482429 -0.493315 0.1701221 1.0
548.968308524792 390.5914507775031 0.247949 -0.129974 0.31934947 1.0
541.36537870802 376.3247804776943 0.023147 0.016634 0.3046737 1.0
577.6187469588234 374.1831511659277 -0.274861 0.141246 0.30591184 1.0
386.43412568247584 248.27816604863375 0.037656 -0.195749 0.17778647 1.0
463.57467412680575 284.83044825740745 -0.119214 0.0916 0.21379766 1.0
615.9374051988361 361.6687401825605 -0.396236 0.083627 0.29796356 1.0
511.0890421598046 300.2735909788331 0.030917 0.134561 0.23135906 1.0
509.690359153826 285.66038157487725 0.205252 -0.170875 0.21784785 1.0
590.0815247177907 315.30775072723736 0.040395 0.116049 0.2526598 1.0
582.4039649326619 293.43316838008076 0.099071 -0.029314 0.23444642 1.0
792.2463069606569 359.93705649017244 -0.344979 0.404007 0.3231094 1.0
769.7322511836111 345.8827304396471 -0.09479 0.135099 0.30580193 1.0
849.6020156523978 381.0930263656744 -0.453773 0.066416 0.35431463 1.0
434.1594873628777 265.5948631570257 -0.073029 0.246103 0.21585889 1.0
488.1707819428712 294.3235985142181 0.179131 0.214243 0.24772595 1.0
454.1815053827867 268.72176822791033 -0.104427 0.037388 0.22065859 1.0
610.66361936671 349.7120478254872 0.009646 -0.295434 0.3214192 1.0
611.8662262124585 349.79345803362145 -0.333125 0.214368 0.32224613 1.0
372.4601888695819 205.20649136429805 0.119138 0.110151 0.16102548 1.0
372.41389704041563 204.98494419383616 0.106192 0.098502 0.16058238 1.0
476.10258585109244 257.14950800978545 -0.204947 0.025745 0.21305732 1.0
440.0395877612723 294.7174740873899 0.030898 -0.133936 0.23886831 1.0
439.1394367363314 292.15996828118307 -0.174889 0.199546 0.23658296 1.0
432.7426789649452 285.39682905136505 -0.336019 0.013956 0.2290119 1.0
450.7748153596803 292.84632196014263 -0.293854 0.062664 0.2378113 1.0
448.90978011903314 276.8048272871015 -0.019564 -0.034047 0.22396822 1.0
452.684567985917 273.369478123737 0.391418 -0.227362 0.21991526 1.0
379.83699201536524 207.96024118174805 -0.036609 -0.246848 0.1611481 1.0
637.0981082648541 346.81886405982505 -0.710042 0.060608 0.31417924 1.0
580.0143709125605 314.2632798380731 -0.018198 -0.06696 0.2732397 1.0
572.3880998600929 309.8467714536343 0.312571 -0.064463 0.2681682 1.0
503.34696006101944 348.9237675397648 -0.320713 0.378321 0.29165912 1.0
578.1144434821738 399.59877649736825 0.128574 -0.267811 0.35683247 1.0
511.3369098097709 348.5021287159136 0.023599 -0.174612 0.29319414 1.0
448.96681249809126 300.0160672058433 -0.234076 0.017897 0.23815379 1.0
448.2283173827947 295.97553759651976 -0.231624 -0.559327 0.23435883 1.0
612.9113627490012 391.61114552858226 0.195659 0.39724 0.35219684 1.0
523.1200728072367 298.0191709200751 -0.200464 0.02945 0.2469438 1.0
647.9540865506931 366.9265875452247 0.705378 0.004743 0.33175254 1.0
580.3095163934759 325.0649041421209 -0.04058 -0.355941 0.27711233 1.0
580.2425745891073 325.9150738274659 -0.145071 0.082972 0.2795859 1.0
582.4976303679779 318.43926806983535 -0.492318 -0.302773 0.27354708 1.0
399.89231750148014 213.99800511423507 0.380073 0.230123 0.1644241 1.0
591.6898005476427 307.75556307597975 -0.374601 -0.019999 0.26491103 1.0
590.8546289693813 305.43378277173207 0.008976 0.039 0.26108477 1.0
465.31341980730264 298.22437464599 -0.160906 0.113293 0.23575954 1.0
598.2382806302394 363.3635778339477 0.200022 -0.225981 0.31242764 1.0
592.509051100744 359.3396966145234 0.187203 -0.192709 0.30720735 1.0
630.8272751031474 380.44551566013166 -0.125963 -0.011213 0.33588222 1.0
625.4098380444451 362.96478117572354 0.000264 0.206739 0.31573427 1.0
624.8025023598032 361.952547294546 0.047606 -0.243579 0.31432056 1.0
634.0653832516072 367.82422502485076 0.04505 0.372131 0.32321543 1.0
627.2181268584507 363.8309583425138 -0.145395 0.189807 0.31846792 1.0
504.69119511127246 281.9523791313495 -0.013555 0.406264 0.22492075 1.0
743.6358226258313 384.59097807054485 0.308447 0.121862 0.35915965 1.0
456.16229318711737 232.36423684683777 0.017224 0.17763 0.18092436 1.0
454.59106700712937 231.14776571932785 0.34751 -0.060438 0.18045913 1.0
421.20062955631926 209.21915268137445 -0.056272 -0.445379 0.16011703 1.0
686.5155594863083 337.0428031102642 -0.356669 -0.056806 0.3007848 1.0
429.4493850717527 208.9298511301481 0.09889 -0.054986 0.160681 1.0
429.7994968205997 209.42662323017728 -0.11166 0.629689 0.16173016 1.0
539.9740328341131 382.8522716914825 -0.519858 0.274005 0.3215333 1.0
547.6599689885904 383.59620304270845 -0.021681 0.117051 0.3199799 1.0
550.6947909736352 385.1767329355498 -0.27709 0.281507 0.3235896 1.0
552.6295777052865 384.80673630212533 -0.231816 -0.208221 0.32231036 1.0
533.343986437922 359.4727088635615 0.391752 0.104532 0.2942728 1.0
577.5847533577099 383.96291485461495 -0.136633 0.353076 0.3237178 1.0
602.6773014221037 380.19866902603036 0.240309 -0.195899 0.32344526 1.0
605.7808013767552 364.0032180912705 -0.003699 -0.310225 0.30752063 1.0
606.2400194424947 363.6095412462326 0.050243 -0.201398 0.30751857 1.0
439.1868739248233 261.39520086867805 0.419971 -0.395292 0.19672629 1.0
521.9713946169215 294.69535194905905 -0.139789 0.293135 0.23289485 1.0
573.6539785148449 312.0648019724752 0.11499 0.188689 0.2539536 1.0
591.4848611714797 313.0197138713572 -0.366696 -0.31998 0.25726393 1.0
675.5667103087939 356.3472922877415 -0.259285 -0.144481 0.3120259 1.0
415.1944257405805 215.04327812099197 0.351832 0.008887 0.16086046 1.0
693.8256264575784 352.53445345964553 0.200864 0.016346 0.30869508 1.0
634.8533168409465 320.0167789279793 -0.098249 0.038879 0.27198038 1.0
625.2294759332281 311.80017082336366 -0.241622 -0.362303 0.26284462 1.0
541.9826565224654 390.0121200225069 0.315761 0.106524 0.31986347 1.0
352.26283374676825 250.62899395759544 0.149123 -0.624454 0.17814878 1.0
507.9487938495488 346.3490080432779 0.334406 0.130768 0.27494085 1.0
574.8753508624598 387.03861769172045 -0.015646 -0.120665 0.32105425 1.0
576.8379373487675 386.2408752578504 -0.257835 0.012375 0.32185692 1.0
579.5468428725012 387.5032397010992 0.130585 0.179022 0.3236703 1.0
601.9636663086173 385.7504444513676 0.094098 -0.131652 0.32452178 1.0
612.6291271680926 386.0487224898164 0.012856 0.349361 0.32610297 1.0
484.0227266109408 284.1955345937927 -0.130972 0.215449 0.21643679 1.0
410.59094186480814 237.46100518554425 0.549342 0.570067 0.17293386 1.0
523.595201703169 296.76954657515194 0.164409 0.143164 0.23182511 1.0
647.7189347591094 354.39266461376553 -0.09739 -0.164734 0.2965203 1.0
547.7996596671061 282.53367577510124 0.128491 -0.021511 0.22223942 1.0
585.2109396498366 292.31723939359085 0.009109 0.022519 0.23613857 1.0
477.20627750162953 224.97019668465606 0.202064 -0.097705 0.17289117 1.0
636.208657795001 290.4026337392143 0.131115 0.414893 0.2408453 1.0
603.1731657319228 349.44051902469755 -0.177965 -0.327431 0.32323146 1.0
621.0091100506054 356.17805108642943 0.178685 0.428972 0.33467808 1.0
607.4122869537496 344.84378245066 0.625377 -0.132432 0.31931478 1.0
579.0912752847913 352.2467498877278 0.150001 0.274154 0.3282064 1.0
434.9989459560168 260.69552771529214 0.230228 -0.014385 0.21691133 1.0
602.5355693461298 346.569305242581 -0.289172 -0.05269 0.32373393 1.0
594.1498109648103 341.2692866355601 -0.201725 0.182205 0.3163507 1.0
585.9534094970656 362.48053577164757 -0.116688 0.166907 0.3324298 1.0
479.3753045790206 294.90426398713544 0.309146 0.282084 0.24872659 1.0
573.2156370243187 347.53556393588633 0.008747 -0.040281 0.31553954 1.0
572.3076308991643 345.67559504459143 0.002151 -0.318067 0.31196702 1.0
595.6200886621072 347.1072550431899 0.011737 -0.030633 0.31650376 1.0
609.6588136654658 348.41303164896834 -0.312003 -0.149999 0.32119352 1.0
728.3708082054488 425.80539790205904 0.074578 -0.134384 0.33245334 1.0
524.8014599834484 301.51550044168823 -0.255957 -0.067729 0.20825176 1.0
774.8548294952126 412.9020703332724 0.100895 -0.395125 0.32675207 1.0
786.4751772311234 416.92439377126743 0.531622 -0.253028 0.331411 1.0
809.3179596619331 423.44493691936265 0.147157 0.20161 0.34002692 1.0
666.4033857593407 344.7986968801321 -0.21856 -6.8e-05 0.25448716 1.0
528.474653081991 248.84448636720322 -0.110004 0.529791 0.1727365 1.0
543.4513234458594 302.7104272809648 -0.335148 -0.070926 0.20713745 1.0
555.0192392801658 301.04562595749553 -0.580442 0.269377 0.20631802 1.0
781.9471685178827 409.92204552076214 0.450044 -0.188936 0.31897765 1.0
809.6828252208293 420.6957123789296 0.172091 0.450951 0.33024696 1.0
700.2582274358192 353.72180682115646 0.106828 -0.234695 0.26088643 1.0
809.3671052207839 432.2382350982221 -0.303102 -0.079153 0.333447 1.0
821.6745740619909 425.21453788021927 -0.106757 -0.174114 0.32942128 1.0
592.1621124187308 300.7074406150981 0.571736 -0.052748 0.20549574 1.0
834.1576658873607 424.0256397878681 -0.138562 -0.154721 0.33239868 1.0
598.0148247086807 298.3381285680031 -0.022845 -0.002959 0.20515677 1.0
713.5292285537313 351.36091062703224 -0.34579 0.084391 0.25527877 1.0
859.2066470279926 403.3011316281413 0.208409 8.8e-05 0.31658775 1.0
817.1313185025906 383.84391078871573 0.002619 0.067628 0.2956083 1.0
803.5605983741788 340.4903427337901 0.306542 0.019744 0.26159832 1.0
630.4126240232399 348.06283992036197 -0.354874 -0.038273 0.24044836 1.0
511.1609186422373 279.05985973433513 0.185633 -0.277136 0.18122312 1.0
837.19192916628 460.4135956264467 -0.544371 0.244097 0.35958186 1.0
571.1774952755734 296.274264601358 -0.847495 0.157078 0.1971193 1.0
870.6775497343523 435.1161476143161 0.143134 0.13803 0.3395424 1.0
618.5165383109478 301.22257296526465 -0.235923 -0.339859 0.20466243 1.0
628.0518098492003 298.94248105976055 -0.349035 -0.170004 0.20461139 1.0
532.6049831752221 288.5936523258806 -0.039412 0.125687 0.18606253 1.0
873.8029532368544 462.8958961759107 -0.084554 -0.004829 0.35780734 1.0
799.5597898783229 380.14811069129337 -0.322741 -0.633761 0.27757782 1.0
668.2378093221847 287.41493655663317 0.132309 -0.12031 0.19855946 1.0
930.4710622129047 419.7996330734681 0.510346 -0.164963 0.31812933 1.0
675.1105416036498 301.6719727237561 0.16271 -0.088763 0.20498358 1.0
685.1227849282743 301.7970034921632 -0.022803 0.556208 0.20552939 1.0
915.1471440301989 395.9226498659438 -0.060691 -0.197317 0.29750732 1.0
680.9058524997525 293.30343851920435 -0.416332 0.283044 0.19954287 1.0
684.9226531865569 295.41930421860883 -0.002355 0.368073 0.20165503 1.0
882.1864165570962 358.0308441242664 -0.405632 0.216778 0.26743358 1.0
738.4824356310238 294.7563047097767 -0.019223 0.124179 0.20853609 1.0
