X Y e1 e2 Z WEIGHT_SEEING
937.7952981892779 13.72982023798317 -999.0 -999.0 0.34310085 1.0
940.2362989873891 11.889240934025572 -999.0 -999.0 0.344664 1.0
882.3784379729595 8.224734973280672 -0.372192 -0.174132 0.3130191 1.0
880.7686547201707 8.027764886888011 -999.0 -999.0 0.31203756 1.0
841.2990907549913 3.5671636178631823 0.019095 -0.097576 0.29028898 1.0
840.4618587502202 1.768207209354844 -0.627446 0.150508 0.29063657 1.0
880.4632213738043 2.21426476067152 -0.869484 0.165228 0.30905312 1.0
808.5936640885573 1.2076177689944823 -0.016826 0.057109 0.27438158 1.0
968.8103253877966 0.6796496021940245 -999.0 -999.0 0.35805908 1.0
725.3405199527856 -2.5373423550559684 0.461457 -0.049442 0.24439977 1.0
675.4354340044964 -4.35271450100522 -0.640804 -0.10475 0.22162217 1.0
577.35192277662 -3.188123833189131 -999.0 -999.0 0.18103203 1.0
866.3960830347592 -5.193525471330862 -0.127745 -0.241914 0.31072128 1.0
906.1311470825508 -10.56598033609171 -999.0 -999.0 0.33252743 1.0
945.7962529927049 -12.492194764807357 -999.0 -999.0 0.35426655 1.0
874.511038076908 -15.313017870688578 -999.0 -999.0 0.31428578 1.0
842.3243488853958 -15.848978511682352 -999.0 -999.0 0.29613855 1.0
692.5808206430793 -15.574769125605602 -999.0 -999.0 0.22618231 1.0
858.103708805464 -19.121398578299726 -999.0 -999.0 0.30374798 1.0
620.5143526487043 -2.1678749399230375 -0.305866 0.08567 0.19600151 1.0
691.8960091182508 -4.3854308650473985 -999.0 -999.0 0.22549477 1.0
920.5062016403093 -8.318479058449235 -999.0 -999.0 0.33447 1.0
920.0461507846289 -11.362881304046871 0.130609 -0.173876 0.3345921 1.0
841.8441264958234 -12.789138098704953 -999.0 -999.0 0.29293332 1.0
843.1077816615722 -14.819373850945384 -999.0 -999.0 0.29372197 1.0
848.6933850803503 -13.933441769664825 -999.0 -999.0 0.29702425 1.0
695.1611313010497 -13.35652316048295 -999.0 -999.0 0.22537659 1.0
873.1134869574391 9.575108850527545 0.330881 -0.368128 0.31012106 1.0
879.2640837578963 0.3078023120306698 0.108987 0.048475 0.31150356 1.0
883.3995416985352 -1.5741643989629563 0.309339 0.647505 0.3125948 1.0
877.1483453009467 -2.6978547039339826 -999.0 -999.0 0.30931962 1.0
806.7389671019184 -2.458506675025113 -0.210723 0.062143 0.2741368 1.0
882.6260711902393 -3.944500886844677 0.043673 -0.003952 0.31234026 1.0
883.2984496242645 -3.249059016818381 -0.351303 -0.716428 0.3120573 1.0
890.7144002883769 -5.2536181114149745 0.117397 -0.122015 0.31651172 1.0
807.2432144960233 -10.287994210905575 -999.0 -999.0 0.27302632 1.0
848.0583370201589 -11.249167120130998 -999.0 -999.0 0.29300395 1.0
949.7883008260419 -12.953947875018793 -999.0 -999.0 0.34589523 1.0
946.7483153151431 -15.160937248412612 -999.0 -999.0 0.34418315 1.0
882.8222303770119 1.367680242973422 -999.0 -999.0 0.30962798 1.0
915.8777742082632 6.813160457135101 0.203496 0.346876 0.32706124 1.0
872.3872940035753 5.838272041594789 0.015162 -0.427533 0.30444792 1.0
846.0761900931421 4.149071589719117 0.435197 0.393225 0.2912379 1.0
883.9960003403411 4.144660912322363 0.202708 -0.189871 0.31049916 1.0
888.8007054493746 2.7318889856800523 -0.134008 0.30268 0.31291392 1.0
796.1198208043995 1.797847929739903 -0.099925 0.606342 0.26734778 1.0
947.4159859165323 11.00241219590097 0.226842 -0.01895 0.33965853 1.0
923.9841311368596 8.29486965833093 0.24686 0.005298 0.3276473 1.0
813.6824978696277 6.604659016610476 -0.288037 0.213888 0.2741262 1.0
899.8072616720973 5.485501494874988 0.235457 0.094987 0.3157376 1.0
961.5156156395717 5.739450007746235 -999.0 -999.0 0.34889764 1.0
788.9380223484509 2.4817895977368347 0.137118 -0.572114 0.2616592 1.0
825.3012336222665 1.8947550196509515 -0.769946 -0.01114 0.27846012 1.0
655.3919330791972 -15.78551109758381 -999.0 -999.0 0.22905476 1.0
700.2520914384387 -14.901354061761802 -999.0 -999.0 0.24847448 1.0
769.7844407581148 -23.60101160235423 0.565432 -0.40335 0.2791566 1.0
605.9309578415964 -19.211520428176804 -0.261404 0.112605 0.20249826 1.0
797.4023085859128 -12.462843739695636 -0.238336 0.079015 0.28833157 1.0
640.3616982803266 -16.475949319914342 -999.0 -999.0 0.21333374 1.0
891.8769332491129 -23.368113604678477 -999.0 -999.0 0.33734393 1.0
842.7473981209375 -23.31672181798698 0.037685 0.181239 0.3097691 1.0
885.1302345908708 -25.056437037323914 -999.0 -999.0 0.33264002 1.0
627.6589645398601 -18.791401414938694 -0.298773 0.268216 0.20724761 1.0
850.6162381906393 -27.264710867155333 -999.0 -999.0 0.31277108 1.0
898.8469415363764 -5.8467856779188425 0.496401 0.67693 0.34130982 1.0
898.0688700047506 -7.037591821453563 0.240824 -0.220086 0.3400518 1.0
804.2888530019255 -7.929614892257477 -0.719369 -0.074366 0.2898418 1.0
804.6227738282852 -8.36333689573031 -0.138992 -0.253043 0.2898719 1.0
926.317530773572 -15.271489063373647 -999.0 -999.0 0.3556142 1.0
650.9081677587329 -12.803953464767238 -999.0 -999.0 0.21533948 1.0
900.9241038920147 -17.77429532706353 -999.0 -999.0 0.33811966 1.0
877.515043990788 -26.11887144414816 -999.0 -999.0 0.32279745 1.0
893.9808492071919 -27.2068485330912 -999.0 -999.0 0.33132136 1.0
786.8447874236759 -25.696825376503543 -999.0 -999.0 0.27558967 1.0
865.6759645103717 -9.821715728962845 -0.093701 0.176059 0.31586346 1.0
786.121531529031 -11.747322481295845 -999.0 -999.0 0.2760613 1.0
906.4309082785362 -14.244215758359134 0.177053 -0.330624 0.33886912 1.0
871.5594757909416 -16.015673723256867 -999.0 -999.0 0.31784597 1.0
886.2157164659556 -19.088190810619025 -999.0 -999.0 0.3245083 1.0
695.4014213958058 -19.29523582288059 -999.0 -999.0 0.23151651 1.0
895.1055958974679 -24.812486164877686 -999.0 -999.0 0.3284804 1.0
786.5662087479994 -23.21066298878926 -999.0 -999.0 0.27214095 1.0
786.0095540915577 -26.547230699954554 -999.0 -999.0 0.27243719 1.0
856.2979039152563 -4.03282390874564 -0.062762 0.21792 0.30878115 1.0
904.2920073749314 -8.803289488006014 -999.0 -999.0 0.33252904 1.0
940.1287473038897 -11.344814796749356 -999.0 -999.0 0.3536469 1.0
941.0794916902568 -11.73274421105092 -999.0 -999.0 0.35323802 1.0
910.1169806892631 -12.640525068837832 -999.0 -999.0 0.33469293 1.0
790.4347262074727 -21.131225083645763 -999.0 -999.0 0.2718665 1.0
794.2609349192082 -21.08297076884637 -999.0 -999.0 0.273407 1.0
914.9085803232367 -8.845325590247798 0.080368 -0.070525 0.33488327 1.0
829.7663205622789 -7.433571291077056 -999.0 -999.0 0.28933278 1.0
875.6140414599158 -7.95550342175476 -999.0 -999.0 0.31251672 1.0
870.2691036586492 -9.037891016056124 -0.490084 -0.217271 0.31094813 1.0
883.2713848858037 -10.195607893115461 0.046901 0.122944 0.31686753 1.0
914.785335950249 -11.804463971955792 -0.269904 0.109645 0.33320433 1.0
919.2368221395451 -11.870676962330721 -0.029887 -0.322132 0.3354198 1.0
583.3594225555227 -8.343361039467084 -0.336988 0.278394 0.18205787 1.0
914.2538568438025 -12.331984270735278 -0.417627 0.189628 0.33311245 1.0
848.6035440574624 -14.275264170153372 -999.0 -999.0 0.29706284 1.0
795.4916559002347 -16.411019162809936 -999.0 -999.0 0.2718068 1.0
823.9958729163566 -6.312719017861852 -999.0 -999.0 0.2844335 1.0
887.7101500108423 -5.2830175335738945 0.200657 0.060826 0.3152855 1.0
726.0230530007166 -4.646322404679905 0.131793 -0.019708 0.23849182 1.0
842.7411919848856 -5.99056318962608 -0.173092 -0.49791 0.29201862 1.0
839.9348211457791 -6.31989287855805 0.33821 0.015625 0.29073954 1.0
807.6101972159904 -8.689376098724386 -999.0 -999.0 0.27489266 1.0
928.6186614975796 -10.865031054747599 -999.0 -999.0 0.3355455 1.0
853.9543625223953 -11.207156480712126 0.300494 0.136441 0.29836398 1.0
926.998140573278 -11.395990315707493 -999.0 -999.0 0.33541524 1.0
692.8955558121332 -10.154126690301164 -999.0 -999.0 0.22368446 1.0
946.4320699268169 -14.793978640580184 -999.0 -999.0 0.34572497 1.0
942.6200836342784 -15.859279560579635 -999.0 -999.0 0.34388313 1.0
918.0980648152403 -14.57107551945013 -999.0 -999.0 0.32912728 1.0
949.1471279487569 -18.37067864182678 -999.0 -999.0 0.34699306 1.0
879.7641996411329 -18.700202271015577 -0.545332 -0.421473 0.34543988 1.0
657.1943234987904 -14.333135075650743 0.288145 0.79873 0.22950397 1.0
883.5364969459833 -20.77608336544912 -999.0 -999.0 0.34617674 1.0
868.5044981619723 -26.082311009352427 0.341296 0.162044 0.33476076 1.0
893.901043345828 -15.304309260625816 -0.226383 0.160056 0.34633332 1.0
914.2939520087635 -14.834542139329363 -999.0 -999.0 0.35871905 1.0
908.9699824759083 -17.08100501365089 -0.128693 0.117765 0.35539627 1.0
914.0443797255314 -16.464808982162165 -999.0 -999.0 0.35812393 1.0
905.9200694372804 -17.288145061785286 -0.23124 0.255036 0.35386333 1.0
596.9902748619152 -12.149317663603357 -999.0 -999.0 0.19887936 1.0
807.5841073472218 -16.67634188815575 0.097775 0.150379 0.2973979 1.0
774.6958822491956 -20.400353320526875 -0.074874 0.177986 0.27924708 1.0
878.8952102888429 -23.358413524573006 -0.749293 0.02729 0.3353186 1.0
747.9327505520187 -21.07589409183319 -0.193726 0.054072 0.2647876 1.0
674.1670953508097 -19.137450205364974 0.130836 -0.02593 0.22973248 1.0
852.983513567604 -28.19997364603303 -999.0 -999.0 0.31934884 1.0
693.14553697737 -24.873159958698196 -0.357541 -0.131614 0.23732768 1.0
787.3029420016237 -24.612873560490403 -999.0 -999.0 0.2752423 1.0
871.5730235198615 -28.87577581322238 -999.0 -999.0 0.31749964 1.0
900.7542078318753 -30.377938443551432 -999.0 -999.0 0.33357948 1.0
688.7883132757954 -6.20575318126642 -0.831049 0.222484 0.2358607 1.0
899.1670781558147 -9.180107455445874 -0.110336 -0.019045 0.34302947 1.0
896.6982244654812 -15.166285250383398 -0.13408 -0.033028 0.33939525 1.0
735.5470159304035 -13.824186530565298 -999.0 -999.0 0.25658485 1.0
898.2448995084417 -16.169318536620807 -999.0 -999.0 0.34012407 1.0
898.8165847234775 -3.7802119936636123 -999.0 -999.0 0.34029585 1.0
777.7309246575062 -3.045906319907634 0.137182 -0.062136 0.2759588 1.0
781.4658098584862 -4.836851540102017 0.119431 0.082101 0.27612162 1.0
609.4499049614865 -5.078461556652018 0.424935 -0.101131 0.1986422 1.0
717.2633642181448 -10.795481673666036 -999.0 -999.0 0.24468914 1.0
926.7358466761385 -18.231149358002074 -999.0 -999.0 0.35188964 1.0
618.732995831301 -12.069583111549395 -999.0 -999.0 0.20098545 1.0
688.128689381759 -14.459138367933855 -999.0 -999.0 0.23095015 1.0
804.6705945165548 -16.556341171649517 -999.0 -999.0 0.28508943 1.0
855.8520194431813 -23.468249018613776 -999.0 -999.0 0.31058156 1.0
616.7166456904172 -18.955919564431163 -999.0 -999.0 0.19870387 1.0
865.4749595628399 -2.4736468983021997 -999.0 -999.0 0.31610712 1.0
782.3670185446265 -5.275732479856339 -999.0 -999.0 0.27325308 1.0
935.7636206909613 -13.41676982827921 -999.0 -999.0 0.3529161 1.0
937.4640700686689 -13.324034245018606 -999.0 -999.0 0.35357672 1.0
899.916179565535 -15.450581937544035 -999.0 -999.0 0.3315005 1.0
727.4196420769963 -14.241008798743763 -999.0 -999.0 0.24517043 1.0
898.2274535016752 -20.885919644287494 -999.0 -999.0 0.3295906 1.0
859.2548961953148 -24.974767477785814 -999.0 -999.0 0.30671364 1.0
795.8336606103476 -23.672582264996016 -999.0 -999.0 0.27479875 1.0
879.5280408816806 -11.470865025859034 -0.217642 -0.192666 0.31602472 1.0
793.0042524738627 3.281438690370624 -0.080127 0.22583 0.2738758 1.0
844.9220699211685 -17.101465548648477 -999.0 -999.0 0.29259357 1.0
809.2205529558386 -15.265937117137709 0.20916 -0.147881 0.30101418 1.0
594.7575600297085 -13.037687714360294 -999.0 -999.0 0.19824927 1.0
821.4363532446855 -22.433085798020294 -0.463192 0.074738 0.30575925 1.0
772.0764155278246 -21.477301184193333 -0.33477 0.733916 0.27904725 1.0
862.6718044219201 -27.301681869862968 0.11794 -0.520012 0.32526565 1.0
826.9171871039925 -28.64227412797201 0.045668 -0.123171 0.30674028 1.0
819.8941210292896 -28.7991418975677 0.092674 -0.198188 0.30281067 1.0
898.790580180934 -10.911306723371881 0.432477 0.214909 0.3477269 1.0
916.8580456706607 -21.231432314058967 -999.0 -999.0 0.35601515 1.0
808.4895152292293 -24.976171335730086 -0.158253 0.270948 0.2936478 1.0
592.0286286753385 -19.61438596873722 -999.0 -999.0 0.19305997 1.0
772.8601826550623 -21.811530891383065 -999.0 -999.0 0.27107006 1.0
861.321847489579 -25.32090888225127 -999.0 -999.0 0.3164677 1.0
713.4795612523125 -22.71331125580372 -999.0 -999.0 0.24321435 1.0
844.4088505571154 -27.55929700132901 -999.0 -999.0 0.3064375 1.0
563.6843731135972 0.3265146994751431 -0.058129 0.36633 0.17704585 1.0
947.557430085957 -12.06451970294162 -0.057225 -0.42538 0.35374615 1.0
766.3959531254679 -11.337294139549316 -999.0 -999.0 0.26102158 1.0
830.0370352813153 -16.406558044452716 -999.0 -999.0 0.29083633 1.0
568.2659868260243 -11.753720604622746 -999.0 -999.0 0.17630312 1.0
570.7755049845148 -11.93771165217229 -999.0 -999.0 0.17727645 1.0
565.9113195316991 -12.617723940005591 -999.0 -999.0 0.17522173 1.0
860.8138463814433 -19.1532599198543 -999.0 -999.0 0.30513543 1.0
571.1179647314431 2.4937482697114186 0.062618 -0.256691 0.17731552 1.0
571.661558032517 0.9670761566060665 -0.322437 -0.060752 0.17737055 1.0
729.5842884626064 -2.1200092268966824 0.235132 0.067524 0.24275264 1.0
698.3072091927545 -4.524338602041604 -999.0 -999.0 0.22818087 1.0
874.1032995653055 -6.991182110406101 -999.0 -999.0 0.3117067 1.0
626.7137236062099 -4.588461275545266 -999.0 -999.0 0.1985149 1.0
698.0382329330431 -4.94619906804473 -999.0 -999.0 0.22764316 1.0
828.6018102657354 -7.900698171519684 -999.0 -999.0 0.2881241 1.0
960.8587157193282 -12.181344107381399 0.178793 0.062907 0.35784447 1.0
883.7898805566904 -5.045630566574945 -0.023913 -0.170449 0.3129568 1.0
808.672177953533 -6.380812188934472 0.158425 -0.061161 0.27460733 1.0
732.1873402589688 -1.6138446945832103 0.025 -0.054289 0.23786409 1.0
906.8034894815939 11.64942324438393 0.188293 0.226589 0.32261944 1.0
657.72090341132 1.8283989536689016 -0.167388 -0.0168 0.20758235 1.0
962.8660278417483 12.099119886354352 0.037817 0.024001 0.34818646 1.0
649.672077988468 6.567094125098523 0.377344 0.410788 0.20381393 1.0
628.2278935096845 1.4139241573016552 0.034972 0.2629 0.19410606 1.0
826.3773178992437 1.0262710863109654 -0.045626 -0.333289 0.27958313 1.0
522.4396390673877 -12.227156281806867 -999.0 -999.0 0.1701824 1.0
898.8506286756804 -10.311223786378019 -999.0 -999.0 0.34601897 1.0
595.5518077397869 -7.194819331018134 -0.142119 0.021117 0.19599472 1.0
594.2668025164917 -7.275632919091191 0.435835 -0.238822 0.19527283 1.0
752.0518198949142 -11.253899375641106 -999.0 -999.0 0.26588464 1.0
759.1252013374699 -15.445818330808759 -999.0 -999.0 0.2688216 1.0
882.474861959251 -22.051019342885652 -999.0 -999.0 0.33122486 1.0
879.4287265796572 -22.962496007227447 -999.0 -999.0 0.33030915 1.0
882.841397835405 -23.15414963332369 -999.0 -999.0 0.33222073 1.0
586.0600313097838 -15.036321218932622 -999.0 -999.0 0.19007827 1.0
528.0090879535472 -17.162682858378904 -999.0 -999.0 0.16640447 1.0
528.0959348119936 -16.944851678115104 -999.0 -999.0 0.16678771 1.0
560.5889159699635 -2.8341017577891967 0.14173 0.197183 0.1799997 1.0
788.3851385167892 -5.367300079069931 0.033854 -0.011108 0.28270683 1.0
527.0609654604436 -5.223549595094081 -0.012546 0.018494 0.16637021 1.0
597.0277592051431 -6.744165685418936 -0.009093 -0.401931 0.19486359 1.0
894.9378716026763 -18.027335525956744 -999.0 -999.0 0.33516008 1.0
623.2119056251323 -15.586085482572145 -999.0 -999.0 0.20336287 1.0
652.989286809719 -15.855640996424901 -999.0 -999.0 0.21556395 1.0
779.5339756120163 -25.39780546497314 -999.0 -999.0 0.2720761 1.0
634.5017620722454 -22.277615396909553 -999.0 -999.0 0.20641783 1.0
777.7312612804801 -11.811876126530901 -999.0 -999.0 0.27204618 1.0
543.9536845366987 -13.281397225662603 0.145302 0.225723 0.16985841 1.0
543.2402464865255 -14.135833018721573 -999.0 -999.0 0.16925141 1.0
876.4799181676213 -22.91789234628781 -999.0 -999.0 0.32014826 1.0
894.9731353749661 -24.495534650493514 -999.0 -999.0 0.3287196 1.0
784.5625225964487 -23.3421261066707 -999.0 -999.0 0.27147195 1.0
660.7746505248283 -1.9314562882545483 0.221703 0.153475 0.21689488 1.0
578.0688724693001 -4.034304437638667 -0.255413 0.041257 0.18270291 1.0
785.9642184995048 -8.774899600677706 -999.0 -999.0 0.27315667 1.0
878.3603128801772 -13.177931504803515 -999.0 -999.0 0.31760612 1.0
902.9877590049585 -15.619097683564764 -999.0 -999.0 0.3310215 1.0
702.768915405094 -15.396371330603749 -999.0 -999.0 0.23183042 1.0
697.4497321313759 -15.722753448440043 -999.0 -999.0 0.22963957 1.0
780.0899045946882 -18.900314839197687 -999.0 -999.0 0.2674777 1.0
567.7579985734432 1.369825738499872 0.249692 0.229598 0.17754716 1.0
601.4913193131897 -1.3877224421436278 -0.692744 0.10303 0.19010286 1.0
619.5494849867488 -2.431437129778077 -0.042509 -0.45869 0.19657727 1.0
580.0812669811645 -2.936293511413217 0.027887 -0.247784 0.18112254 1.0
575.1311039350111 -2.8568618417023983 0.022459 -0.133645 0.17910212 1.0
868.5129967861166 -6.35280211360416 0.241682 0.064233 0.31055894 1.0
830.6209171317432 -8.16757783837992 -0.288659 -0.182431 0.289689 1.0
827.201777595161 -8.571319822734786 0.175946 -0.141357 0.28799102 1.0
813.6216400938082 -10.530901168719252 0.080486 0.142142 0.2823188 1.0
917.4736228739974 -11.830701031465892 -0.310106 0.054193 0.33458373 1.0
870.6798368056116 -14.306045350834175 -999.0 -999.0 0.30912113 1.0
948.6988281454672 -22.106656764872948 0.450555 0.272535 0.35003975 1.0
620.357207266229 -14.737859455230707 0.019763 0.186447 0.19503497 1.0
947.9325525025545 -22.23669502778006 -0.613095 0.118548 0.3496132 1.0
569.9421593070356 2.4380068700512134 -0.302536 0.147717 0.1767761 1.0
797.3959218546418 0.6111298706348923 0.125982 -0.221109 0.27341148 1.0
573.9266171318411 -3.39416257253407 0.06143 -0.412644 0.17633373 1.0
880.8174662249968 -4.871444232572749 -0.184483 0.094278 0.31168965 1.0
808.4378530312438 -6.0675283248239245 -0.015197 -0.362175 0.2760454 1.0
785.577759026551 -20.78075182654693 -999.0 -999.0 0.2904859 1.0
588.8703540751281 -9.96046573696415 -999.0 -999.0 0.19501778 1.0
591.6556332275571 -10.76603732711405 -999.0 -999.0 0.19646497 1.0
880.4873617585502 -24.781873863422177 -0.053783 -0.219484 0.33416292 1.0
585.7797378738904 -17.429485768817603 -0.044822 0.306641 0.19196275 1.0
611.3319698789336 -19.489070608054767 -0.106772 -0.212805 0.20270896 1.0
835.5405276583962 -26.10047246867745 0.192848 0.083426 0.30870467 1.0
840.9914379300548 -26.728887087179487 0.320368 0.596057 0.3122698 1.0
691.1163334585691 -22.921681055532613 -0.16762 0.336458 0.23708446 1.0
692.2676597607012 -24.577907998931174 -0.302877 -0.017413 0.23772785 1.0
594.7812830026553 -21.029092120487295 0.041173 0.286391 0.19439122 1.0
863.4432522979259 -31.401979023002408 0.244955 0.212548 0.32200095 1.0
890.6034391732727 -18.647156756687913 -999.0 -999.0 0.33151758 1.0
889.7402326292846 -26.565676751728137 -999.0 -999.0 0.32878837 1.0
684.313705767766 -6.367991515321623 -999.0 -999.0 0.23380443 1.0
683.5536432445507 -6.17839120304894 0.036017 -0.233069 0.23349945 1.0
602.2061125529892 -6.313419710923557 -0.037839 -0.459834 0.19795062 1.0
897.9344606057903 -9.160741089530827 0.361091 0.391969 0.34223953 1.0
896.8781092710688 -12.782361978094135 -0.164302 -0.35407 0.3408635 1.0
770.4178445517138 -17.12515092175159 -999.0 -999.0 0.27232686 1.0
928.1640702624842 -5.359155114086735 -0.090715 -0.339724 0.35698375 1.0
927.4348945571319 -5.01985999902472 0.228754 -0.085342 0.3559477 1.0
588.4255388965926 -5.330775250566516 -999.0 -999.0 0.18944639 1.0
592.7667292838163 -6.379329198908888 0.155385 -0.150884 0.19128798 1.0
648.7811370080559 -8.227079178752396 -0.168504 0.102611 0.21508399 1.0
781.7422359245072 -12.476163761333282 -999.0 -999.0 0.2744727 1.0
901.151248786199 -16.782972102216583 -999.0 -999.0 0.33738303 1.0
800.1076363483486 -16.93258076968134 -999.0 -999.0 0.28334042 1.0
630.4473314745184 -15.076488216655722 -999.0 -999.0 0.20533027 1.0
877.5264392024728 -22.370184937669208 -999.0 -999.0 0.3212233 1.0
724.5819105366595 -21.268836662552477 -999.0 -999.0 0.24518438 1.0
554.9042216667555 -2.1831773081141264 -999.0 -999.0 0.17492431 1.0
609.0109684885899 -3.8492868364418023 -999.0 -999.0 0.19595326 1.0
865.7692039185631 -10.002126863537645 -999.0 -999.0 0.31437752 1.0
595.9827563123182 -7.994776126408968 -999.0 -999.0 0.18952838 1.0
816.8443071321127 -15.245440500701328 -999.0 -999.0 0.28768295 1.0
818.3585690574594 -15.320935462260742 -999.0 -999.0 0.28798378 1.0
545.169684901439 -16.20166321606206 -999.0 -999.0 0.16878216 1.0
877.2000815817805 -15.353250370528494 -999.0 -999.0 0.31376758 1.0
749.8338899489546 -14.52147943709505 0.195934 -0.205978 0.27015126 1.0
589.7509929191388 -11.62390469825485 -0.235724 0.251417 0.19649301 1.0
588.8819216599081 -14.90012863712343 -999.0 -999.0 0.19596271 1.0
605.2326479558659 -16.698845921942215 -0.328677 -0.067752 0.20153196 1.0
774.1896367586007 -22.3846193406311 -0.022085 -0.044658 0.28053442 1.0
600.0407374591322 -17.380772740039475 -0.122833 0.4218 0.19951305 1.0
816.7252240992151 -27.202544524558576 0.283255 -0.036798 0.30104235 1.0
672.0698317569942 -23.1108622050009 0.043808 -0.038605 0.22924209 1.0
854.4514780746024 -30.890599378324698 0.102703 -0.148403 0.319673 1.0
848.8966531584789 -31.497765584371702 -0.250539 -0.022105 0.31624877 1.0
895.6141217505435 -10.54889321382955 -0.061718 0.079602 0.3460154 1.0
905.5419446781594 -11.960633762296617 -0.110069 -0.087439 0.35178965 1.0
597.9077329436212 -11.806093560558898 -999.0 -999.0 0.19703029 1.0
578.315295587192 -17.169130524179824 0.330879 0.243332 0.188148 1.0
585.0819887254222 -16.988371192849957 -0.072127 -0.191903 0.1904308 1.0
861.3858038524903 -28.11023167483556 -999.0 -999.0 0.32044706 1.0
619.3337554342534 -21.210368094609915 -999.0 -999.0 0.20419334 1.0
865.4620986082568 -29.601801413006896 -999.0 -999.0 0.3234457 1.0
642.6539094734101 -22.86793169293294 -999.0 -999.0 0.21143359 1.0
826.2094158063379 -29.015675996512506 -999.0 -999.0 0.29744664 1.0
658.9111712947224 -12.248078266176083 0.151502 0.262143 0.22954243 1.0
892.2899804995026 -12.821790270073775 -0.317014 0.04673 0.34734416 1.0
576.8051718424759 -12.268128060742697 0.317546 0.186736 0.19522756 1.0
717.5924159230286 -7.7430550528292645 0.135204 0.067824 0.25399217 1.0
576.371053783178 28.569752027027253 -0.094727 -0.172873 0.16330004 1.0
587.5652400862801 29.239142350378458 0.590561 -0.64867 0.16699234 1.0
1005.7136760299154 46.862464324926506 0.128312 -0.083376 0.34274146 1.0
801.7471575336795 33.867911664533075 -0.66341 -0.027953 0.24803016 1.0
764.0128507475009 31.296926674293637 -0.154852 0.348561 0.23265845 1.0
1006.1145459823617 38.858395363350134 -0.519251 0.115905 0.3433949 1.0
935.7667786702776 31.190525682646104 0.053932 0.066388 0.30813855 1.0
826.9425107755887 48.187151946223295 0.012793 -0.019455 0.26020348 1.0
880.9705506883674 50.03902709408712 0.279589 0.072882 0.28382927 1.0
934.6247131924655 33.18862455323795 0.407425 0.009411 0.306332 1.0
814.3535213524192 50.30344653667223 -0.159881 0.11547 0.2906668 1.0
762.7416037319219 45.97488796747671 0.003256 0.108392 0.26488224 1.0
909.2609797283403 51.991460009316604 0.178798 -0.112048 0.34059343 1.0
828.1784067926604 48.86721193598594 -0.118882 -0.157051 0.29666793 1.0
817.5155266096316 48.15513178505767 0.058906 0.69171 0.2910775 1.0
696.5105221885406 10.094217728102699 0.077831 0.231195 0.2189336 1.0
662.3325130756657 8.046927945188482 0.159362 0.210241 0.20540442 1.0
675.7570315306242 7.540049308588617 -0.062746 -0.046604 0.20986937 1.0
982.00226083536 18.645028307422308 -999.0 -999.0 0.3499249 1.0
863.0302585425645 11.486701128989637 -0.232 0.429319 0.28971398 1.0
565.4613175966281 12.441225655290717 0.490614 0.249066 0.16514042 1.0
993.1965638898422 20.076803978182543 0.139076 0.567707 0.3525838 1.0
993.275939360546 15.038636305133567 -0.382716 -0.250858 0.35198268 1.0
812.5523181685086 12.347331322591033 0.166678 -0.110885 0.26201648 1.0
878.16499273604 11.002692044874696 -0.210319 -0.040196 0.29234177 1.0
997.4500445645008 11.981988661332398 0.284672 0.36954 0.35325715 1.0
1000.4767937293858 24.561068498054475 -0.08384 -0.148057 0.35217518 1.0
889.5450491935211 21.327597232901507 -0.284997 -0.104164 0.295285 1.0
840.7768923937446 19.458235985058376 0.044783 0.216047 0.27308938 1.0
885.0181587278282 21.300876916736186 -0.127823 -0.153476 0.29280165 1.0
996.2218899415445 24.613323993634005 0.610701 -0.167486 0.34943384 1.0
886.6576981247795 17.872413972411476 0.286135 -0.189747 0.29351175 1.0
889.6396180614321 16.22061150783648 0.26177 -0.113681 0.2946356 1.0
885.1502629174748 15.676963499436754 0.214254 -0.064819 0.29293877 1.0
899.3068483585766 45.37902511293515 0.470146 -0.228351 0.29705164 1.0
899.3921367470751 44.3654134001327 -0.182989 -0.201914 0.2972916 1.0
925.4322330001746 42.04728344384815 -0.402029 -0.172609 0.3094585 1.0
895.0851374941708 38.8752518342326 0.061231 0.355928 0.29529175 1.0
780.5217542568664 30.50344931136852 -0.047023 -0.208284 0.2442131 1.0
790.696908854 28.815660370288978 -0.034548 -0.123536 0.24798626 1.0
893.5904138570112 32.668972107416685 -0.121787 -0.158643 0.29433772 1.0
1020.8082854587817 36.939042983197744 -0.054229 -0.193862 0.35817882 1.0
657.0293438950205 15.139377141232941 0.206869 0.084239 0.19496608 1.0
925.7873208777746 43.71362385041326 0.304945 0.74461 0.30610684 1.0
923.0811003012083 41.490675107060156 -0.184058 -0.023836 0.30453318 1.0
794.7135707257959 34.86808319058581 -0.032909 -0.054926 0.24709447 1.0
790.154413763519 34.190475567298634 -0.121274 -0.004328 0.24544977 1.0
1032.9306430011804 36.57342515498658 -0.014386 0.076765 0.35872167 1.0
957.9202859784037 32.58150936894937 -0.166743 -0.333983 0.32132858 1.0
657.0419250147812 20.850612076114032 0.325434 0.051905 0.19312696 1.0
931.6597979936402 42.015902489906836 -0.034227 0.238106 0.3054995 1.0
934.9866624806274 36.84863017681877 0.021495 -0.253963 0.30688843 1.0
860.901838517342 12.981310234461988 -999.0 -999.0 0.28364927 1.0
964.6790946945769 49.884782614496274 -999.0 -999.0 0.3281595 1.0
929.2794814088476 43.084813464032536 -0.107452 0.012303 0.31066886 1.0
611.3554641277044 27.606445113093912 0.136051 -0.221629 0.17725566 1.0
978.7210658067959 43.49103898716481 -0.399434 0.091756 0.33379963 1.0
766.5771216212188 32.84749737856854 0.522252 0.020064 0.23659232 1.0
676.9623215151173 23.45914656140054 0.064405 0.453324 0.20151158 1.0
680.3117229503188 23.583832566061965 -0.487451 0.466622 0.20269778 1.0
788.545533250752 24.340965845872176 -0.116003 0.251844 0.24486384 1.0
790.0563007498666 23.853423594625394 -0.144488 -0.119471 0.24613886 1.0
968.7223591884027 27.208344321543272 0.350993 0.333644 0.3282101 1.0
967.2306950347612 26.3832882412578 -0.106866 -0.054549 0.327884 1.0
960.18093790719 -4.083796883739719 -0.109273 -0.221051 0.34664646 1.0
819.0247894499479 10.997897967849719 -0.102481 -0.239526 0.27417117 1.0
683.0457369669557 4.960579409749667 0.158183 0.189021 0.21401964 1.0
682.5281673032354 5.248907192922261 0.151399 -0.047178 0.21328135 1.0
833.3884605333703 5.1615351410726875 -999.0 -999.0 0.280046 1.0
676.1908906355872 4.630835829914036 -0.022376 -0.619863 0.21100473 1.0
857.706963278623 5.798508168777555 -0.113899 -0.164851 0.29039505 1.0
932.8188712458552 4.185316474889979 0.230431 -0.137295 0.32772046 1.0
935.2714955248995 3.031587134832719 0.05979 0.02119 0.32965696 1.0
745.6014275417136 0.49801475082340024 0.063767 0.067276 0.23988593 1.0
665.396182825209 10.363431724753982 0.014249 -0.031048 0.20484619 1.0
685.3013648954502 7.374559536374985 -0.260992 -0.055108 0.21315415 1.0
947.9313271098912 7.505761619930838 -999.0 -999.0 0.33356446 1.0
706.2408262626868 5.0266281124868515 -0.206568 0.09565 0.22157054 1.0
934.6783516450149 7.923241213399016 -0.227817 -0.084421 0.3256455 1.0
936.9411783206936 7.103746387275354 0.029512 -0.131819 0.32740435 1.0
989.4430737478107 6.5767665455501465 -0.260112 0.076527 0.35404998 1.0
859.2062888046131 3.2647947039480694 -0.194922 0.261993 0.2887735 1.0
994.648442959744 5.248232601333599 -999.0 -999.0 0.35684454 1.0
995.1201062778691 5.275686576962838 0.398079 -0.165109 0.35707167 1.0
757.3400200959168 13.652359462937627 0.338963 -0.718011 0.24034987 1.0
990.0025066406131 17.43573747426464 -0.085791 -0.112182 0.351297 1.0
680.6593371340382 7.973765611276945 -0.175059 -0.094742 0.20822641 1.0
683.3187462487726 7.7926745641544075 0.170397 0.310316 0.20920381 1.0
599.810376381702 6.052516192265786 -0.227074 0.017269 0.17780206 1.0
994.8863937417312 10.494604943736901 -0.869082 -0.207081 0.35335445 1.0
992.8584338511109 8.398925652134748 -0.096796 0.327455 0.35306394 1.0
949.6436674274646 24.67882346723852 -0.177257 0.250097 0.32688046 1.0
794.3346281990888 20.836335904400393 -0.217559 0.019548 0.25312844 1.0
894.9095095574769 20.958677282364935 -0.097645 -0.000237 0.3004058 1.0
802.5131254139818 17.03404023653562 -0.790832 0.13534 0.25671098 1.0
983.366298181481 21.149244767257066 0.105866 0.285052 0.34390515 1.0
807.8993610479197 14.126281153806557 0.068436 0.03341 0.25975305 1.0
785.3538149422901 26.623427629185755 -0.171344 -0.205375 0.24726082 1.0
1019.3994005068963 33.675747666973585 0.422488 -0.021719 0.35938254 1.0
781.6797485313032 21.63937909437862 -0.023788 -0.391391 0.24513043 1.0
1000.9973881911645 24.32368690137012 0.340402 0.368993 0.34905854 1.0
803.7190178518268 17.008899125597893 -0.078079 0.108487 0.2550868 1.0
888.0821858778609 19.104863392685097 0.065725 0.020683 0.29224855 1.0
684.1760435416808 -1.9678860706409085 0.362438 0.114806 0.25263986 1.0
809.1855411375901 -7.603942220760996 0.38066 0.029891 0.3171624 1.0
624.997161971773 -9.88478435818381 0.316936 -0.21413 0.22098084 1.0
877.0188973556213 -13.932189907269075 -0.668779 0.182015 0.35099536 1.0
856.9435580648972 -14.094710451370643 0.015487 0.013358 0.33747673 1.0
847.4647013773988 -16.236853834060444 -0.084115 0.567698 0.3298927 1.0
521.3529895430661 9.469284075318544 0.108821 0.171322 0.17757101 1.0
829.9726374939052 12.364772503803971 0.558588 0.54621 0.3284421 1.0
860.2804257521012 12.511641342069503 0.099021 0.055676 0.34621263 1.0
785.3513469405897 10.069604099998239 0.061335 -0.330279 0.30297148 1.0
859.5356790405983 8.714720092763947 0.15148 0.0003 0.34617123 1.0
656.1999053680936 4.850566373302919 0.323565 0.489733 0.2352889 1.0
786.7462101432567 5.311440717214591 -0.85042 -0.324639 0.30018985 1.0
788.693012306228 4.601117998322784 -0.200102 -0.244801 0.30055946 1.0
677.4020561050423 1.2328429137664463 0.178301 0.853631 0.24322389 1.0
675.211698199918 0.03773032507150286 -0.033611 -0.17552 0.24252449 1.0
872.3128644384635 -1.04786806774872 -0.030031 0.286455 0.34877983 1.0
871.5769237722523 -1.8227746919351102 -0.31289 0.530786 0.34798083 1.0
884.1345490986346 -1.328474466876061 0.202099 0.012596 0.35388622 1.0
872.7477763616723 -2.6306936881164833 -0.123252 -0.076081 0.34787914 1.0
895.2057703453953 -5.497902961727934 -0.054937 0.008749 0.35961747 1.0
888.4242690739298 -7.627280718493331 0.758479 0.022244 0.35266906 1.0
759.1271792452419 -10.797902999604894 -999.0 -999.0 0.2791156 1.0
867.8584248123394 -13.060938806725966 0.9141 0.068012 0.33868206 1.0
629.9835591151194 24.546055581670732 0.605042 0.203993 0.21935067 1.0
668.8172489422253 22.41785175187119 0.672894 -0.532159 0.23747197 1.0
666.0192057749944 22.4785831247507 -0.111234 -0.119478 0.2360892 1.0
789.6262682393598 23.78461060374449 0.051585 0.232268 0.29696292 1.0
858.9917566197755 20.9855643447514 0.161002 0.026541 0.3342456 1.0
723.8915458391974 17.1955820280039 0.308525 -0.019241 0.2601781 1.0
815.7643732637214 16.769142285128137 0.202737 -0.711017 0.30876377 1.0
770.8786096869379 11.574518148029966 0.312597 0.261156 0.28203964 1.0
819.0295914936512 10.646250621179549 0.174681 -0.141024 0.30814224 1.0
713.419240206189 9.502799433958263 0.073073 -0.261851 0.25346273 1.0
868.0074746106312 11.103066481592212 -999.0 -999.0 0.3343036 1.0
738.7594161608251 7.128739471631031 0.082927 -0.143936 0.2658471 1.0
562.1813941115249 4.5772772057723135 0.557002 0.726025 0.18526417 1.0
891.7544665100893 7.022487286354211 -0.035262 0.117638 0.34873912 1.0
894.6522170671407 4.614113344355758 0.177741 0.302849 0.34968773 1.0
724.8453339624969 -1.295380986828389 -0.194728 0.025576 0.25680375 1.0
723.9951223307885 -1.6697006555596468 0.050171 -0.044983 0.25591636 1.0
841.2185035857719 -3.247668582678255 -0.115401 -0.385601 0.3142223 1.0
676.6050893152699 30.754858835551175 0.036204 -0.208677 0.23951648 1.0
772.966637095842 33.4650480105668 -0.398277 -0.646291 0.2864807 1.0
826.2556687939167 32.05227555175661 -0.55143 -0.688709 0.31493038 1.0
785.145522163388 30.497273702570368 0.463942 0.463411 0.29052398 1.0
596.139847667026 21.728185035579003 -0.188246 -0.587525 0.20067261 1.0
725.5615164169976 21.172951474347972 0.156924 0.063419 0.25997412 1.0
902.5292371315655 26.61941484786092 -0.148214 -0.08578 0.35464546 1.0
715.376587417027 19.437685339448922 0.24935 -0.264366 0.25280562 1.0
779.0579064562878 45.467008983967276 -0.00697 0.006574 0.28795907 1.0
879.2805996064817 50.31421359829628 0.191257 -0.181294 0.34420124 1.0
727.2261242389403 32.393558270662 -0.592372 0.431436 0.25947613 1.0
601.0044561895129 24.923917156233834 -999.0 -999.0 0.20070209 1.0
722.4437231428536 23.985504209965622 -0.005666 -0.075791 0.25504556 1.0
913.8935924356354 30.552134241368453 0.117667 0.225906 0.35722825 1.0
906.1214189572286 24.6433948327043 0.084132 -0.047295 0.3519311 1.0
685.6846640914431 41.26259209076786 0.248163 -0.291339 0.23824015 1.0
741.0696537158411 43.86806544009457 0.085575 0.289134 0.26499322 1.0
617.9789232428946 29.28762758440332 -0.566337 0.379963 0.20584688 1.0
822.5864546090035 36.2102579775551 0.059938 0.054306 0.30430022 1.0
716.1165513848231 31.422116971155383 0.040607 -0.030119 0.2500814 1.0
619.4320850989109 25.124327743741947 -0.293685 0.535352 0.2054111 1.0
681.5285973760252 42.36441838363835 -0.006526 0.199908 0.23433547 1.0
875.6163521048054 52.974878982415625 0.305801 0.358169 0.33251438 1.0
709.1913793427104 39.06851535979953 0.448982 0.103171 0.24552421 1.0
883.9720795907992 48.9036366697107 -0.201391 -0.170576 0.33419234 1.0
836.8861050381797 48.621974939601145 -0.474539 0.039555 0.30569068 1.0
730.8112003445366 41.081888300426016 -0.204839 0.329117 0.25266716 1.0
739.8536455643945 41.38277690541425 -0.038417 -0.202182 0.2558045 1.0
771.4150288184204 0.8080669613316785 0.017674 -0.067862 0.30264804 1.0
610.5074460829519 -2.9642122070102057 -0.009549 0.230042 0.2182387 1.0
661.9035760779815 -3.2734245662111787 -0.043556 0.054362 0.24275382 1.0
704.7586090826898 -4.169051386015472 0.040879 -0.029918 0.26441061 1.0
614.7203900566745 -4.371170065524401 0.175554 -0.08444 0.22080994 1.0
698.8399889363134 -7.228969252429154 -999.0 -999.0 0.26009005 1.0
850.8513599845643 1.478921880470562 -0.010624 0.058055 0.3459976 1.0
637.548661420197 0.42737100778312725 -0.108179 -0.053875 0.22996809 1.0
851.5498356594235 0.8848636677191241 -0.185966 0.22609 0.3446314 1.0
875.4098534425916 0.4785560487262642 -0.145736 0.08065 0.35987106 1.0
624.5339540583899 -5.451096685341141 -0.23052 -0.007346 0.2216096 1.0
689.5719272563679 -8.922146423696073 0.357064 0.224239 0.25156912 1.0
854.868859603584 12.494088407997825 -0.099095 -0.242473 0.3469026 1.0
761.6798981496393 7.441047077294077 -0.406923 0.107272 0.28999946 1.0
856.6762104004652 7.616725933884884 -0.278927 -0.115761 0.34471542 1.0
852.6792164917496 5.668235210880497 -0.079016 -0.183568 0.34343806 1.0
861.2555989855282 4.239336027519117 0.091965 0.272593 0.3473028 1.0
610.7246088240666 1.2635371311630517 -0.641494 -0.219777 0.21383987 1.0
646.3200403330906 -1.2230614770579837 -0.122506 -0.141564 0.23013006 1.0
681.4013433794296 -2.1510786292845347 -999.0 -999.0 0.24508898 1.0
790.1264215433911 -1.5195847049560058 -0.558357 -0.406516 0.30120596 1.0
870.7374350530292 -5.675607649059167 0.1482 0.085908 0.34686336 1.0
876.3950767367211 -14.409723796936525 -0.172724 -0.1513 0.3471116 1.0
747.171473001378 -12.417248098787393 0.16937 0.256887 0.27383834 1.0
724.3158297291038 -13.684401879132318 -0.229103 -0.196329 0.26295444 1.0
790.7071477854811 10.466757770028286 -0.058024 -0.034749 0.30282757 1.0
656.0491275289521 6.492533750867865 -0.036512 0.04497 0.2340957 1.0
662.2467991843766 6.117581204470773 0.106014 -0.360987 0.2364256 1.0
792.5617308058938 2.034394184678889 -0.213275 -0.300783 0.30093175 1.0
792.6937645686387 1.8434285634672147 0.291967 -0.176 0.30103725 1.0
606.0028490968373 1.294475248627356 -0.162159 -0.007195 0.20868795 1.0
876.0059514492063 -8.768022502770123 0.290179 -0.32491 0.343966 1.0
890.4791379163572 -8.915229700397683 -999.0 -999.0 0.35215127 1.0
762.408378783241 -9.744800992946482 -0.203002 0.018468 0.27954257 1.0
773.9159949786614 22.60133765756148 0.189235 -0.127221 0.29556856 1.0
772.6322218175858 21.88296128699022 -0.003234 -0.086894 0.29468164 1.0
790.4057995786848 22.46607732757964 0.194376 0.165396 0.30357662 1.0
864.2734352963249 23.48299974611039 -0.225565 0.045062 0.34756738 1.0
868.8077235429513 23.410569410958832 0.584464 0.432705 0.3497469 1.0
716.020055973801 11.633747192142305 -0.436211 0.250669 0.2605294 1.0
893.939458118318 12.791234182621517 -0.117354 0.367804 0.35755062 1.0
891.0556213283492 7.832790616999653 0.199767 -0.362437 0.35442692 1.0
798.5702412994509 1.1153540802540625 0.136174 0.322468 0.29949966 1.0
889.3404586841774 -0.0449960215155918 -999.0 -999.0 0.35033846 1.0
862.270359975788 -3.408075481650291 0.059939 -0.041573 0.33322027 1.0
757.3550758903591 -6.1483877220331555 -0.275438 0.042132 0.27605617 1.0
875.7165327572011 -7.124873155892951 0.055029 0.188664 0.33927357 1.0
767.9819936752456 17.864917879486885 -0.39603 -0.053507 0.28485063 1.0
786.8196240628035 16.25362473815523 -0.118286 0.145932 0.2951998 1.0
787.9519407573991 16.4704327926742 0.227648 0.001151 0.2954868 1.0
819.7781343379766 16.88851381677078 -0.019087 0.204823 0.3127764 1.0
865.7507714166136 8.715241572394843 -0.105217 0.039319 0.3351397 1.0
647.5649518775768 4.681720776533636 0.000642 0.282556 0.22294961 1.0
883.6059882631708 3.0924986225782956 -0.435601 -0.170738 0.34388515 1.0
723.3693772389322 20.090981364931633 0.201753 -0.11547 0.25948367 1.0
818.775525685014 20.05781400774815 -0.065456 0.1448 0.30747917 1.0
819.6263084207171 19.173887069593892 -0.030904 -0.259291 0.30875853 1.0
718.9076786737379 16.802121167599697 -0.14732 0.029456 0.25582558 1.0
799.8188211467707 12.671217869064451 0.587876 0.158097 0.2955642 1.0
727.7675145221908 16.216509409120327 -0.164666 0.037663 0.26156545 1.0
797.5095637891874 12.566924972096427 0.146787 -0.165713 0.29529017 1.0
731.557279460687 11.32975671535973 -0.258551 0.060583 0.26179618 1.0
800.8951158716139 11.22355452119023 -0.500485 0.277942 0.2965195 1.0
600.4398728185685 26.605354680771633 -999.0 -999.0 0.20293123 1.0
600.1941224899357 22.3242508895713 -0.018964 0.425429 0.2010366 1.0
843.2341423275986 27.37870308387497 0.105059 0.3326 0.31888694 1.0
720.1275180855129 21.572371958056003 0.139531 -0.140066 0.25437623 1.0
722.1731827884652 20.624292811057398 0.185649 -0.274237 0.25578564 1.0
883.6125855179499 24.327716508370337 0.046724 0.113146 0.3415452 1.0
721.1810605350983 19.465068055489752 -0.146687 0.059024 0.25522846 1.0
830.465884414241 22.67890184363653 -0.386341 0.209059 0.30922914 1.0
765.0666574311743 46.28694813739127 0.201119 0.171147 0.2796942 1.0
754.7120580009216 36.83613054449447 -0.047507 -0.235708 0.271342 1.0
751.4342311409401 32.222269448654316 -999.0 -999.0 0.26863223 1.0
800.5216079620155 32.58846086786007 0.05209 -0.437037 0.29250473 1.0
800.7992134486267 32.715418372697734 -999.0 -999.0 0.29236862 1.0
877.5579887275888 35.149665737450015 -999.0 -999.0 0.33596304 1.0
881.9203463953095 33.9483110260991 -999.0 -999.0 0.33851868 1.0
704.0713248087219 35.07434309384851 0.019435 -0.018072 0.24337882 1.0
537.6585431399382 25.522573492549 -0.249537 0.777009 0.17232771 1.0
752.6747187102384 31.675773742643365 -0.172875 0.323782 0.26584554 1.0
713.8050924904331 42.09362773037254 0.024833 -0.260686 0.24606591 1.0
600.1484260131264 30.50671413992177 -0.088776 -0.060791 0.19571415 1.0
622.6793227860354 32.41124359123971 -0.006502 -0.356995 0.204316 1.0
793.3643574102817 18.356248056527402 -0.083927 -0.344499 0.30652168 1.0
867.9538294085038 12.649366397827686 0.279505 0.410946 0.3452294 1.0
626.5903194484083 7.695565467928129 0.086203 -0.221415 0.2187682 1.0
795.972206715737 5.833692173207663 -999.0 -999.0 0.3021132 1.0
715.837658138125 -2.722487441910615 -0.150711 0.088094 0.25730613 1.0
892.4390811090474 -9.491379923948507 -999.0 -999.0 0.35189506 1.0
784.8718692538512 17.927001778039028 -0.208187 -0.120557 0.2956978 1.0
781.785514644741 16.73499977214294 -999.0 -999.0 0.29360726 1.0
615.3566424946206 12.379024851219759 -0.145462 0.283143 0.21167813 1.0
860.2727130665344 15.778956415186626 -999.0 -999.0 0.33764237 1.0
717.0475388960837 13.332630455714662 0.064536 0.083058 0.2590257 1.0
816.3034073119435 7.8932432336732 0.088497 0.310404 0.3098752 1.0
881.8094031405391 7.700639186456181 0.138864 0.022911 0.34606513 1.0
880.5045460379963 7.645869214850003 0.074145 -0.009525 0.3453071 1.0
698.9065797734344 6.069568256157112 -0.039617 -0.37522 0.24772546 1.0
865.1773892692626 6.926229002720006 -0.025402 -0.061806 0.33568367 1.0
728.698907258049 -2.504253080106579 0.311922 -0.201835 0.25901246 1.0
883.8702929514635 15.606446791804949 -0.593947 0.043017 0.35678643 1.0
865.7163564850406 15.678267182963397 -0.038203 0.022868 0.34507367 1.0
805.1226296874355 19.174658144425454 -0.013344 0.032642 0.30814767 1.0
808.4430964921434 19.389669562614234 0.231097 0.054277 0.3090626 1.0
782.1504436855577 28.147733638330106 0.040754 0.586227 0.29083723 1.0
723.5619171678561 30.610195342694087 -0.049556 0.363389 0.2585635 1.0
692.9027776255011 39.50279148104535 -0.050087 -0.137969 0.24063306 1.0
772.6674004791187 45.86239896546179 -0.082016 -0.175001 0.27855772 1.0
793.5050622397509 17.440965927405113 0.331087 -0.094881 0.3058324 1.0
787.0524928422374 18.491328774146307 -0.202371 -0.246849 0.30167755 1.0
794.3482256279477 18.485916027113785 -0.336139 -0.157515 0.30579704 1.0
802.0662799786348 25.41696463328296 0.091495 -0.20917 0.30740908 1.0
761.6250633960636 37.29531760937211 -0.009482 0.016856 0.27872416 1.0
861.962391003415 21.12276485840589 -0.24047 -0.00848 0.34875417 1.0
782.6241477245828 20.312175310119237 -999.0 -999.0 0.3020527 1.0
960.7435659982245 -2.724947665463084 -0.276616 -0.491437 0.34529614 1.0
963.410154103792 -3.499296575068031 -999.0 -999.0 0.34653926 1.0
894.4518641422303 -5.0591268334086985 -999.0 -999.0 0.30993018 1.0
684.8365559978164 2.3504348242800597 0.028336 -0.254899 0.21589877 1.0
904.1891488697021 2.805957617026542 0.030703 -0.029874 0.31559303 1.0
677.8937427037595 5.285477374205746 -0.119713 -0.065759 0.21117243 1.0
974.2652486652909 7.220051202800264 0.226868 -0.122427 0.3501378 1.0
977.9708898323387 7.82220033696635 0.001441 0.239815 0.35088 1.0
715.7227646169807 5.258659328687319 0.008384 -0.048667 0.22557251 1.0
749.5174976461664 4.590173090770356 0.008298 -0.037174 0.23995472 1.0
714.9199796826407 9.007592788494593 -999.0 -999.0 0.22317316 1.0
680.2221281660475 7.790968853694208 -999.0 -999.0 0.20946176 1.0
598.2349865606923 6.591489642510543 -999.0 -999.0 0.17791867 1.0
635.4706439483723 -6.748307237095413 -999.0 -999.0 0.19788659 1.0
612.0079287954594 -6.709504876311429 -999.0 -999.0 0.18870758 1.0
874.6209819713453 -6.0927036706746955 0.089487 0.141268 0.3023289 1.0
872.5456337052996 -5.873491715300251 -0.008773 -0.10223 0.30095443 1.0
682.2566778556625 6.271313536818577 0.258226 0.008239 0.21241906 1.0
839.9363822732612 8.026814658522865 -999.0 -999.0 0.28062612 1.0
684.1582016156068 6.626440063105119 0.283536 0.383063 0.21288039 1.0
994.505426171769 7.155547523677422 -999.0 -999.0 0.35478455 1.0
887.9181842654538 50.26658183582655 0.220934 0.103452 0.28653967 1.0
600.0065472055473 33.18369319501899 -0.150988 -0.550314 0.17157413 1.0
613.9958812436473 31.59601236319938 -0.333791 -0.077625 0.1763585 1.0
578.1328311848392 28.842676676843823 0.645593 -0.062367 0.16397448 1.0
908.0709930491598 53.12186758509264 0.166721 0.085045 0.29643682 1.0
587.1292599576572 29.62407944874795 -0.108064 0.058403 0.1673592 1.0
578.0794680036472 28.83708959843499 -0.014084 -0.274464 0.16424367 1.0
927.5225686317974 38.73870716258385 -0.086771 -0.108838 0.30525175 1.0
834.7948657968735 30.189206379135967 0.031478 -0.063308 0.26128978 1.0
537.6817968655101 33.56739679730505 0.207254 0.151384 0.16893013 1.0
818.6627050054936 50.61019976727074 -0.086551 -0.435047 0.29285663 1.0
823.199914868298 48.44866043690548 0.272755 0.311151 0.29398397 1.0
727.5669527659003 11.540743054679993 0.195338 -0.097344 0.22892703 1.0
992.977589221976 21.082516031514427 0.127718 0.639947 0.3518616 1.0
622.9537937296302 19.090373304252346 0.351864 -0.116283 0.18386744 1.0
797.8647571861328 20.885432785137414 -0.151907 -0.128979 0.25440207 1.0
996.1150314894686 24.420848041056612 0.017718 -0.1777 0.34984502 1.0
667.6526329271258 32.95643692509409 0.215584 0.101958 0.1993616 1.0
667.5477157270392 32.770235191927355 0.291246 0.004608 0.19882973 1.0
891.5215284686486 40.86590971587319 -999.0 -999.0 0.29309022 1.0
925.1588282740956 41.84405626157903 0.116776 0.30586 0.3100547 1.0
669.8779171046001 26.64278732012829 -0.288995 -0.08821 0.19994025 1.0
616.5899908720421 27.82181648297975 0.39415 0.024996 0.17820694 1.0
576.3240764929777 24.68937536252483 0.059531 -0.119711 0.16441679 1.0
799.2735455721601 28.652213724091204 0.138042 0.289482 0.24825458 1.0
662.6039446154056 22.50753128530494 0.041644 -0.20477 0.19487137 1.0
932.4132302017315 42.058289356028936 -0.373179 -0.068012 0.30590716 1.0
933.6189822526109 42.243396621559626 -0.108738 0.350369 0.30625793 1.0
661.6052790315291 32.46693133431414 -999.0 -999.0 0.19639932 1.0
608.3203254366206 28.885531805894093 0.433553 0.672311 0.17667328 1.0
676.5005186492331 23.5585825055572 0.062916 -0.106275 0.20136257 1.0
843.4638485717139 28.226282865396247 -0.418316 0.03304 0.26888198 1.0
928.2342475977332 29.279633290229267 0.051202 0.032588 0.30843717 1.0
679.4074458977649 21.429189187292 -0.726939 -0.139461 0.20183413 1.0
592.0336280019718 -2.745614320391094 0.382956 0.130979 0.18009509 1.0
663.3469866374927 9.533039376742726 -0.154836 -0.057018 0.20483993 1.0
989.0674797355019 20.498428398173605 -0.292086 -0.119249 0.35128453 1.0
844.0941997200905 18.455191142898098 -0.252825 0.020081 0.2762141 1.0
863.0533475170282 19.27973459221208 -0.131502 -0.3027 0.28482816 1.0
882.6234195643193 17.53528133976157 0.025027 -0.336424 0.2941836 1.0
966.3238218563841 29.240443288896756 -0.453221 0.004233 0.33081746 1.0
813.7236023071194 -1.4238181635118692 0.047345 -0.018307 0.32464352 1.0
815.5355779219868 -4.6251694199853075 0.126721 -0.074822 0.3240564 1.0
625.8870014969978 -4.463226969983027 0.684134 -0.253149 0.22349374 1.0
850.6644870801333 -6.36153772805942 0.147911 -0.042027 0.34469262 1.0
706.3521771945527 7.79650520070108 0.28939 0.25548 0.26565856 1.0
613.3674745747696 -0.48593757807329296 0.256102 0.238879 0.21692437 1.0
622.730077712433 -2.1862820349283947 -0.065659 0.143139 0.21991187 1.0
788.8661870565306 -6.758000735528828 0.535379 -0.290779 0.30231643 1.0
863.1266895117795 5.359549964035438 0.055338 0.001206 0.34625587 1.0
620.9201907719703 3.658168275647651 -0.066254 0.213321 0.21752925 1.0
626.2652447223788 3.755760271363153 -0.055259 -0.107859 0.2196944 1.0
790.1073449159281 3.7801038559316056 0.519549 -0.009546 0.3013255 1.0
874.4582180879751 -2.900403234932591 -0.139119 0.177138 0.34836084 1.0
898.3375987390791 -13.798347029488133 -999.0 -999.0 0.35793328 1.0
828.3528653087536 -13.577410972823657 -0.024049 0.150621 0.31606796 1.0
534.2320899587396 19.600866740500738 -0.010279 -0.523588 0.17764005 1.0
700.899120342017 21.308457778096923 -0.207047 0.061956 0.25090116 1.0
833.2022700834391 17.39082349282679 -0.003936 0.066196 0.31659943 1.0
634.7719688584881 9.497718472144973 -0.159928 -0.359894 0.21802384 1.0
706.8594314095201 9.713502791381291 0.060745 -0.348829 0.25083056 1.0
864.2190107817818 7.856742943822628 0.093185 0.130507 0.33224848 1.0
514.4877061477955 3.7470570012202815 0.568085 -0.267054 0.16610332 1.0
726.3012768834777 -1.6755944087677739 0.421889 0.15999 0.25729343 1.0
591.9355893724803 -3.2498036513104727 0.063291 0.148802 0.19529344 1.0
865.7375513276662 -3.832065705856224 0.154639 -0.232324 0.32750222 1.0
675.9113276531039 28.33515454719219 -0.646425 -0.24597 0.23891313 1.0
522.2310315693549 21.527808726294687 -0.058463 -0.234292 0.17117682 1.0
714.0415696916032 17.568325435264168 0.054307 0.175078 0.25251123 1.0
570.889732171085 13.045192977035443 -0.036324 -0.027202 0.18852039 1.0
855.7917791366249 18.40178535642646 -0.379486 -0.109241 0.3260701 1.0
901.2157230552733 19.7216673992711 0.0041 -0.348311 0.35075277 1.0
607.6098169147303 10.306401251097267 -0.394708 -0.081968 0.20347136 1.0
600.0232187189996 24.683954340096268 0.059044 -0.095134 0.20039435 1.0
729.1781514010877 29.819260174124686 0.287472 -0.218541 0.25922814 1.0
718.7989194083152 24.42355037999583 -0.00232 0.039071 0.25331983 1.0
885.0735282694848 30.176116992905587 0.247648 0.595581 0.3391844 1.0
885.3500767654701 27.06764969426003 -999.0 -999.0 0.33856264 1.0
699.2602073842353 21.472354302481484 0.407427 0.472641 0.24232987 1.0
864.7496554799761 53.11840740172134 0.377777 -0.061206 0.3316162 1.0
698.3757044590039 36.50163365956524 0.4902 0.115299 0.24383734 1.0
602.076544847105 26.65142033835979 0.021275 0.031655 0.19954592 1.0
598.2379536101643 24.87607387146284 -0.214525 0.443332 0.19707768 1.0
621.4674118220275 25.289932985082807 -0.018153 0.427197 0.2062864 1.0
514.6852194662431 20.30167124639404 0.0286 0.196561 0.16305457 1.0
620.5317944066913 23.242078207745074 0.20507 -0.279163 0.20637754 1.0
618.4911635408469 22.018953015700003 -0.386874 0.200765 0.20537302 1.0
708.09146057299 39.273563364978116 0.107836 -0.104106 0.2453673 1.0
636.3242883123875 30.844483299579426 0.267425 0.100301 0.21161634 1.0
637.1031019282012 30.570470102471482 -0.035368 -0.081396 0.21187414 1.0
624.1088795035078 29.505965056468835 0.273077 -0.158818 0.20626634 1.0
927.0081380074927 60.9601761805252 -0.062894 -0.27676 0.35654894 1.0
766.3583433447868 48.215993735949844 0.348705 0.421852 0.27086437 1.0
782.8039123578445 48.02389834405449 0.030451 -0.006322 0.2780064 1.0
731.6860048035585 43.19062385790382 0.08995 -0.767205 0.25338742 1.0
571.4172138675672 -0.5188978635194648 -0.143238 0.168109 0.20259513 1.0
780.8771525685514 -0.5783292357236868 -0.034433 -0.023914 0.30821773 1.0
540.4887949275825 -3.11901032147147 0.354127 0.139963 0.18681444 1.0
851.3550265386888 -4.847425962408833 0.362322 -0.074616 0.34713903 1.0
615.1043612487788 -5.952838631251957 -999.0 -999.0 0.21991605 1.0
628.5916537442861 1.869557153941393 0.324542 -0.209183 0.22666653 1.0
702.9005530420661 2.812133949917179 -0.02502 0.140541 0.26283503 1.0
707.8978922821906 0.653229273782935 0.345239 -0.160193 0.26488915 1.0
873.5759362175353 0.10960852038202601 0.405057 -0.039099 0.35924178 1.0
613.836809098407 -3.640961776810198 0.144055 -0.25052 0.21734512 1.0
621.2894794791896 -5.185763949336403 0.059369 0.172865 0.22021337 1.0
550.7643140266753 -5.470155274987505 -0.074363 -0.678893 0.188113 1.0
841.6219269774836 -8.170721867130906 -0.270228 -0.185783 0.33512604 1.0
625.0139615464537 -7.752473510499065 0.156552 0.141767 0.2207034 1.0
552.7937930234363 -7.002470355347712 0.004026 -0.003417 0.18882409 1.0
820.5337261693073 -16.460074176499116 0.254982 -0.07617 0.31723875 1.0
617.9366758496889 7.044872534264265 -0.012008 0.077393 0.21916571 1.0
858.0524384093784 4.902066759400726 0.08665 -0.159319 0.3462185 1.0
536.8526159067953 2.6366042982635016 0.037147 -0.063143 0.18208665 1.0
611.337666596133 0.8402659975334034 -0.152786 -0.162492 0.21453989 1.0
552.7053221105351 -5.299214665366119 0.017465 0.018683 0.18668102 1.0
744.586104702323 -12.433419200752391 0.130533 0.130719 0.2724675 1.0
848.5650221225761 13.590453310402642 -0.302039 -0.061554 0.3376962 1.0
876.2586719271884 -3.74830660022891 -999.0 -999.0 0.34593633 1.0
882.6130491379116 -11.005005173668716 -999.0 -999.0 0.34661683 1.0
655.6350581128852 17.4220281124109 0.417292 0.161105 0.23325904 1.0
542.5909696206568 7.991142663220825 0.239427 -0.319449 0.18199451 1.0
545.0688789294143 7.9326409492492695 0.008573 0.089477 0.18218902 1.0
626.0392410361072 6.909313558500454 -0.026586 -0.284796 0.21734762 1.0
628.7947660463622 7.659767226526913 0.139625 -0.114965 0.21790299 1.0
658.5438567418574 -6.843468480824321 -0.239203 0.276555 0.2278239 1.0
897.1427111984136 -9.223911886839883 -0.148987 0.422302 0.3513741 1.0
665.1725734553506 22.40182130764913 -0.107572 -0.233518 0.23666136 1.0
664.9909494940425 22.57533558949411 -0.233871 -0.101055 0.2365473 1.0
559.7065019679783 11.781339322148654 0.1952 -0.006873 0.1874734 1.0
788.9236119106849 16.104948689297597 -0.284749 -0.272011 0.2955042 1.0
721.0528120146056 14.441083243994418 -0.122747 0.251988 0.2598976 1.0
812.4774542389957 32.757788893739125 0.048622 -0.101794 0.30807158 1.0
723.6139632383673 16.722712436804024 0.0969 0.243505 0.25847894 1.0
721.7174304252289 31.52264722706058 -0.175666 -0.724179 0.25867733 1.0
527.4989351940625 20.386790258820604 0.129839 0.039271 0.17120753 1.0
594.7971469456872 18.010734537841582 -0.184735 -0.11897 0.19845529 1.0
619.5687653193362 18.404659436036987 0.119264 -0.319296 0.20883192 1.0
874.3692014517479 38.363235573106266 -0.194779 -0.10968 0.33468056 1.0
599.5540538547197 24.416324612416503 0.139682 0.059324 0.1985208 1.0
724.4312196817604 27.781508722766663 -0.655807 -0.115674 0.2540135 1.0
892.7801130035319 31.497520534309693 0.113567 0.018882 0.3415115 1.0
618.347664009709 21.23880420115973 0.051301 0.534443 0.20602044 1.0
705.5567591175277 23.605002123693883 -0.417666 -0.047737 0.24466906 1.0
521.7045668952611 32.37910799582739 -0.020119 -0.006049 0.1673562 1.0
777.3410125100651 41.19782849410825 -0.106906 0.184714 0.2804352 1.0
921.7033620315063 48.7599936163384 -0.491305 0.025847 0.3585198 1.0
524.8389889121937 26.885170257781546 0.045021 0.033142 0.16796023 1.0
647.9417660120234 32.275974781866395 0.474878 -0.134637 0.21774195 1.0
537.1861851877617 24.977415823771935 0.203717 -0.050377 0.1721144 1.0
636.5878903684359 39.43524531003145 0.101983 -0.39705 0.2116385 1.0
865.4820345143759 17.04599200337059 -999.0 -999.0 0.3454209 1.0
850.8219630219272 14.800554788222648 -999.0 -999.0 0.33780754 1.0
862.3999240577209 14.549846211686807 0.448913 -0.260624 0.34476164 1.0
625.0488195213668 8.24806335464096 0.003047 -0.08502 0.21863554 1.0
713.0332249624113 10.000243501311546 0.019221 0.049465 0.2605315 1.0
626.5173480490485 6.868164576210496 -0.025333 0.384207 0.21793695 1.0
864.6996911820531 -1.4004405157275177 0.112116 -0.155783 0.33862397 1.0
890.1500108777752 -9.255597551997097 -999.0 -999.0 0.3509069 1.0
788.9477848037756 16.62708128380872 -999.0 -999.0 0.29781756 1.0
546.1467364361934 10.104963124254668 -999.0 -999.0 0.18223055 1.0
862.3367675274327 15.774961540483636 0.236729 0.028751 0.3369818 1.0
544.0365499766391 8.00759631816583 -0.282971 -0.008982 0.18142606 1.0
561.3709889822595 8.907093363425773 -0.330484 0.207753 0.18811949 1.0
722.2892731367065 11.466468091304318 -0.008844 0.115963 0.26112697 1.0
632.4908505094522 8.509150491489192 -999.0 -999.0 0.21845563 1.0
713.8508857602089 6.966959205563653 -0.028773 0.036208 0.2567208 1.0
697.4261099311739 5.426377733278744 0.014617 0.28644 0.24725506 1.0
864.2053923476071 7.240995271020831 0.121053 -0.429475 0.33562312 1.0
720.2455304599292 -5.787723869126113 -0.127791 -0.004922 0.25544775 1.0
870.5873536711093 15.772573149695587 0.242333 0.16838 0.34797323 1.0
602.5026244354509 25.931034772406903 0.136637 0.361635 0.2032456 1.0
774.7715148395731 38.05665166445614 0.339336 0.376324 0.28246662 1.0
774.1865020728185 38.34266998457434 -0.021667 0.143267 0.28172138 1.0
595.8077675716761 24.723176768374486 -0.033658 -0.042775 0.20335856 1.0
851.8745210652006 32.71200525077174 0.246133 0.019606 0.33668602 1.0
876.6855998027047 -8.662074662866821 -999.0 -999.0 0.30477032 1.0
963.6778414129104 -2.7725928001866413 -0.258235 0.201782 0.34753036 1.0
626.1886235218418 -3.2991480579887202 -0.393481 0.244398 0.19231093 1.0
623.4514334829267 -6.799482701827664 -999.0 -999.0 0.19312683 1.0
617.6678787631306 -6.695724092886733 -999.0 -999.0 0.19071531 1.0
861.875921225414 -11.577100483227358 -999.0 -999.0 0.2976164 1.0
737.6410819962584 -4.444846806871424 -0.172017 -0.206743 0.23770204 1.0
817.6466245425241 54.2529627826601 -0.098109 -0.068142 0.2921832 1.0
744.3833328007964 46.74919511740258 0.08422 -0.174046 0.25487292 1.0
820.1900578561839 49.15051797219295 6e-06 -0.007617 0.29263684 1.0
695.7505704473457 10.967355009945368 0.404952 -0.0804 0.21863036 1.0
924.2100369359619 41.782373203443186 -0.433858 -0.136519 0.31028596 1.0
920.910415014221 41.22007012450876 0.066173 0.06165 0.3091944 1.0
689.5962744758011 24.8821736975655 0.006818 -0.102581 0.21070449 1.0
763.8894134327894 24.03476165167309 -0.138424 0.065497 0.24143249 1.0
888.7203112792221 38.972555393752614 0.013321 -0.028815 0.29478237 1.0
924.5041218581055 41.300286665692276 0.409218 0.384306 0.31184757 1.0
950.8282306425677 36.93190766550506 0.176121 -0.230375 0.32356492 1.0
970.4678866886619 35.10682276384274 0.386301 0.636405 0.33355945 1.0
972.0269191620831 66.97706595048851 0.081595 -0.055335 0.32685584 1.0
811.9068255467853 53.079115021034276 -0.139844 -0.38741 0.25338444 1.0
807.962292731203 58.18476911371069 -0.112186 0.837527 0.25407258 1.0
1027.846554454922 73.40774119761366 -0.025789 -0.080247 0.35915968 1.0
997.664707717878 59.11192257410945 -0.152448 0.028039 0.3425132 1.0
917.0271576171922 57.50665371141837 -0.029761 0.046611 0.30550995 1.0
994.9072018839906 58.158778306855226 0.012037 -0.036674 0.34430557 1.0
858.6058098317047 6.885114234694972 -0.066163 0.312076 0.32708293 1.0
592.4888330110795 7.451441871095402 -0.279795 -0.484917 0.1959643 1.0
911.2274835258415 16.843637932389285 -999.0 -999.0 0.35195035 1.0
802.1417545988696 9.295955739525166 0.425265 0.146094 0.29564413 1.0
744.0156719529411 9.464427660604066 -0.119766 0.14887 0.26670027 1.0
883.9765814540375 9.381733704514648 0.076665 0.666544 0.33577058 1.0
829.0909063217607 21.675468873418033 -0.36375 -0.331282 0.30467337 1.0
820.7453820485582 45.55029714846067 -0.596144 -0.489545 0.29260874 1.0
628.3388604219294 26.446289223078857 -0.095112 0.58233 0.20802501 1.0
831.9182842551535 46.73397061619351 0.045711 0.050049 0.2974588 1.0
861.155687217624 51.84014538187424 0.00116 0.014781 0.30887255 1.0
759.6872618304249 28.764479203806623 0.462829 -0.579184 0.26640695 1.0
898.8727714147162 33.375018072094434 0.739685 0.203904 0.33782414 1.0
835.4445721170845 44.41654318488504 -0.280977 -0.148931 0.30275056 1.0
832.4646211366565 44.56854410856827 0.221648 -0.123484 0.30081895 1.0
810.9522418525678 37.896899366041 0.189195 -0.163423 0.29164842 1.0
834.7862498775901 39.4802631354115 0.021378 -0.225106 0.30263844 1.0
567.0132123054981 3.2281304354844402 -0.400411 0.077732 0.17876878 1.0
812.4894682559376 6.445735865229724 0.037177 0.062281 0.2825081 1.0
574.695236603473 7.227570353803146 0.23146 0.242466 0.1780011 1.0
835.0615739600083 11.928435696908362 0.08785 -0.035392 0.28413993 1.0
935.2852960812511 -1.8834571157489954 -0.198823 -0.499413 0.35993007 1.0
718.1535470573021 3.90525899517402 -0.442638 -0.039649 0.24073759 1.0
926.9768609610564 3.4699013673078136 -0.285574 0.142255 0.34595644 1.0
733.3250443938742 8.084066509140765 -0.055114 -0.193326 0.24468294 1.0
729.6343036262832 5.422961114730132 0.01738 0.178859 0.24448782 1.0
578.2149110838862 7.604405186838877 0.022246 -0.104962 0.17928287 1.0
565.2915836325946 8.485551741640958 0.490915 -0.003818 0.17209533 1.0
820.1195283546452 58.26021551883931 -0.043847 -0.409796 0.25764 1.0
727.9450709652525 44.669961439808304 -0.067994 0.005579 0.24594583 1.0
800.8844512127599 48.667089668906215 -0.163228 0.081556 0.2809964 1.0
763.765584227164 46.614974602540805 -0.359874 -0.643385 0.26251152 1.0
819.3922154977937 51.60998544524448 0.313891 -0.411339 0.29265395 1.0
567.9152331056883 33.1871701200959 -0.022106 -0.093742 0.17916554 1.0
835.094059075321 45.602207178703935 0.744723 0.251742 0.29908752 1.0
831.9615388756242 45.72205186583193 -0.302032 -0.009447 0.2969639 1.0
883.2029899556957 58.421575363563115 -0.477499 0.089487 0.3190987 1.0
925.694158148939 17.01784487755161 -0.145371 -0.080068 0.32486618 1.0
717.1850900481542 12.061558824621052 0.095098 -0.201287 0.22708179 1.0
715.180375396116 12.033448367718954 0.029492 -0.016386 0.22604431 1.0
848.0532304375641 18.65481811953796 0.24944 -0.184136 0.2830243 1.0
859.7560096460568 25.118149990693766 0.089036 -0.438863 0.2848173 1.0
993.0333802650349 25.263938939110748 -0.068476 0.085243 0.35285935 1.0
920.223256132057 37.20134364714653 -0.327357 -0.132747 0.31062073 1.0
750.8370856906196 27.0998400051941 -0.049038 -0.077983 0.2351029 1.0
949.4226704876789 28.84306752688846 -0.031829 -0.394035 0.3251792 1.0
1010.4917807376946 45.81049479672056 -0.033854 0.368628 0.3544865 1.0
1009.5177090450519 65.64073873738771 0.052313 -0.196779 0.35043332 1.0
993.9215984876719 65.24926197530438 0.0194 0.030875 0.34206694 1.0
824.6601244911092 52.31921349424488 0.406674 0.062353 0.26105908 1.0
566.1890181904467 34.761560764548676 0.146202 -0.122795 0.16064706 1.0
993.6985733798695 61.989634619384 0.681093 0.291874 0.34054267 1.0
998.7567654492924 62.01680204426849 -999.0 -999.0 0.34353703 1.0
997.5593466655187 37.52403510406626 0.144737 0.172565 0.3472049 1.0
566.611240204774 33.8991849258521 -0.215459 0.117081 0.16199753 1.0
931.6169938600505 18.784290589510796 0.046552 -3e-06 0.3247975 1.0
967.462366587399 26.436485319522795 -0.300227 -0.114132 0.3412198 1.0
730.6340814905257 15.173379692544703 -0.10603 0.22812 0.22997683 1.0
987.4103182204381 21.399783862457763 0.467447 -0.45466 0.35086998 1.0
994.4662107875592 29.281422361532034 0.056631 0.045089 0.35188103 1.0
887.764913839992 26.865861304867458 0.369164 -0.133033 0.29621673 1.0
945.2876513849158 40.962702788173 0.098818 0.105992 0.32196802 1.0
1006.8166140472114 42.6857486021935 0.001735 -0.040539 0.35427415 1.0
639.0518060267526 26.71938921019125 0.367065 0.116408 0.21177275 1.0
836.7833431840112 43.33522523859316 0.194639 0.2235 0.30214703 1.0
813.3370339093364 40.722228459693206 -0.168592 -0.404424 0.2915931 1.0
770.9754501514923 8.392442890739284 0.084464 -0.223213 0.2785194 1.0
799.0421096020333 17.657669307573727 0.074589 0.264311 0.29163486 1.0
705.1089628033588 9.392057811356313 0.411701 0.529644 0.24414368 1.0
844.4919849968037 13.454702688757257 -999.0 -999.0 0.2859583 1.0
532.4631371827858 28.046739940393664 -0.251689 -0.200549 0.16605061 1.0
522.5676302827786 34.648397880590714 -0.029958 0.33575 0.16232431 1.0
537.0837607077642 31.00637273029445 0.09869 0.120717 0.16649628 1.0
511.9969879820521 20.108780785479347 0.050737 -0.08827 0.16092975 1.0
732.7307331387971 25.30542400642956 0.156764 0.070112 0.2534231 1.0
812.9409583682639 50.92379811562117 -0.009815 -0.136393 0.2878532 1.0
830.2728960763015 46.64149009451257 -0.438508 0.034289 0.29671222 1.0
564.3073331932147 30.955822689489835 0.048103 -0.039296 0.1779642 1.0
567.2351955993081 30.77852903581079 0.020817 -0.041818 0.17939636 1.0
822.7741887974729 45.974698093983456 -999.0 -999.0 0.2933142 1.0
569.0120387287369 31.210051964278538 0.242336 -0.378259 0.17902891 1.0
836.56544908316 45.632330227722385 -0.029213 -0.116522 0.29945117 1.0
536.8737639343623 33.23353582350559 0.268216 0.052194 0.16604947 1.0
715.2786236254732 12.481112681386596 0.007588 -0.123729 0.22627592 1.0
976.7488334917733 17.386327055885896 -0.298628 -0.222853 0.35072327 1.0
997.5507852269253 19.79181395685986 -0.062546 -0.016388 0.35800073 1.0
561.6129296050113 24.78609700662217 -0.127803 -0.113697 0.16240829 1.0
694.2292020085241 28.816954878281006 0.666099 0.161993 0.21180831 1.0
570.0939402533476 19.570407189529757 0.002674 0.175886 0.16484201 1.0
571.3021236053823 19.53027575227373 0.236494 0.100501 0.1653051 1.0
996.325582196806 62.521864899951474 -0.031995 -0.247669 0.34250283 1.0
995.6632796923599 61.953348292895036 -0.11242 -0.12403 0.34157234 1.0
564.4264660125554 32.41033857659862 -0.064199 0.080206 0.16071726 1.0
998.7936709905874 58.43143632385505 -0.04047 -0.149756 0.34264943 1.0
987.1777611447825 57.709932486717754 -0.190682 0.046353 0.33658743 1.0
990.205158429981 54.6295679044169 -0.006908 0.035702 0.33951703 1.0
935.8684902576326 41.91836496650039 -999.0 -999.0 0.31653625 1.0
623.5798701913719 43.57921260310368 0.45187 0.209388 0.1821276 1.0
588.6647693864327 35.2822490830063 -0.111535 -0.295299 0.17008065 1.0
570.5575108748276 32.91849044480033 0.06616 0.113062 0.16320212 1.0
570.521974922366 33.089057592497454 0.123172 0.092695 0.16297296 1.0
993.4771315610462 57.94046464547371 0.132589 -0.131789 0.343153 1.0
565.685988208468 32.05881175062893 0.453382 0.380428 0.16117926 1.0
588.0704381970874 33.122194218706404 0.242926 0.104834 0.16896974 1.0
727.3203678517403 15.695197562375279 0.378694 -0.333016 0.23059331 1.0
974.2744521651025 16.141591925618712 -0.048094 -0.173781 0.3489848 1.0
675.19834998693 17.808696351460902 0.278525 0.141302 0.20711929 1.0
988.3090140951863 22.958032612345924 0.037055 0.359696 0.35139525 1.0
780.2902192643764 25.789731879113944 -0.18111 -0.053199 0.24763468 1.0
945.1963103913359 43.677611303310584 -0.021128 0.00215 0.32260278 1.0
857.6869346146025 38.20593179017407 -0.003139 0.016834 0.28045097 1.0
708.2006866510934 27.68674582216257 -0.202675 0.211355 0.21641114 1.0
995.5546219413078 36.50929916389987 -0.022168 0.089124 0.34803152 1.0
560.0034632738935 10.190898906980847 -0.357814 0.520374 0.1831254 1.0
592.6030184416643 8.921595562816169 -999.0 -999.0 0.19607231 1.0
717.4758027202591 5.351363433490535 0.139976 -0.108771 0.25113595 1.0
852.14850295637 19.896956933547564 0.027993 0.014984 0.3177167 1.0
635.3879936048553 24.10366171725484 0.18295 -0.287454 0.21174705 1.0
728.9532554565053 32.81259053862606 0.085511 0.291842 0.25335705 1.0
635.1909902308768 28.208559065558408 -0.168547 0.059177 0.21050188 1.0
832.5696586547917 38.063663084723345 0.279472 -0.043252 0.30353022 1.0
635.2184591876145 27.80556671430435 -0.016906 -0.135696 0.21035087 1.0
640.3599771278696 26.06822124834785 -0.369922 -0.228372 0.21191107 1.0
602.3090555568522 23.484983527717333 0.176665 -0.061189 0.19595596 1.0
642.2944152255886 23.775789899530324 0.340756 -0.437843 0.2130177 1.0
839.6264944848742 44.386637115361665 -0.016334 -0.124724 0.3044676 1.0
831.970852404518 43.7075344406787 0.581088 -0.229625 0.3004816 1.0
564.2772093030303 28.741320302552044 0.09894 -0.013016 0.17920735 1.0
748.2580592385211 10.365480362840623 -0.056643 0.015139 0.26826245 1.0
864.0591105041531 11.577877081412767 -0.175901 -0.057328 0.32944605 1.0
863.8583155560409 10.107604771908544 -0.006244 -0.141126 0.32920617 1.0
871.239673662432 7.494989918855749 0.081756 -0.02693 0.33277014 1.0
737.2890295958181 -0.06345799402441978 -0.197173 -0.021177 0.25967237 1.0
863.841707869527 9.033110745703564 0.465619 -0.210863 0.32944617 1.0
771.4937050832328 2.5767233577642923 0.313599 -0.116955 0.27884305 1.0
699.4235233317437 1.5388284192821655 -0.067092 0.198608 0.24306765 1.0
722.0228975193072 0.381447460687267 -0.044855 0.093926 0.2535663 1.0
596.4834816897207 9.857519843758725 -999.0 -999.0 0.19720861 1.0
595.5853557959836 7.299412376453516 -0.074882 -0.19127 0.19626877 1.0
751.3119026297876 8.754486937538658 0.005579 -0.16703 0.26569387 1.0
569.0308457805999 12.825983707282692 -0.119479 0.100798 0.1840853 1.0
636.0163020607251 27.042798163542663 0.111736 -0.297703 0.21151651 1.0
519.1834273330596 21.0256253893972 0.005321 0.024928 0.16404535 1.0
515.7247456826879 19.991043840842035 0.019973 -0.031868 0.16250367 1.0
521.0812937031811 19.8790581169126 0.102856 0.279529 0.1648428 1.0
520.4626607108637 18.73608036864855 -0.245141 0.237048 0.16408034 1.0
834.0131552394325 41.578353171008004 -0.175002 0.318916 0.3041663 1.0
831.0254634754161 41.72814882572598 -0.343787 0.239608 0.30186802 1.0
905.6995549601315 36.837810657475686 -0.16824 0.094594 0.33552688 1.0
775.7485516714414 24.966508705671473 -0.151433 0.156069 0.26670155 1.0
740.9694398792678 16.32927317101755 -0.697718 0.550555 0.24915811 1.0
876.6517527886699 15.33086211046171 0.134008 -0.333062 0.31411874 1.0
833.7092009692005 45.28270497864802 -0.084667 0.044948 0.2961063 1.0
824.9657595124005 39.12556028511834 -0.055327 -0.146999 0.2908618 1.0
819.7066185601067 39.299713917947656 -0.044258 -0.075373 0.2873286 1.0
949.1849573075457 45.145423761026485 -999.0 -999.0 0.3561861 1.0
919.44730059856 42.366137087978274 -0.00788 0.128656 0.33967292 1.0
922.6310287940379 42.86575910220353 -999.0 -999.0 0.34029892 1.0
929.1957704454185 36.179362846393516 -0.252312 -0.189772 0.3422011 1.0
838.3405258466148 27.755732155533458 -999.0 -999.0 0.29466268 1.0
819.066722850632 23.925799774273344 -999.0 -999.0 0.28331068 1.0
819.0215214109737 21.60503629430488 -999.0 -999.0 0.2835297 1.0
888.5691966607094 22.25317663889577 -999.0 -999.0 0.31756377 1.0
824.774417252267 23.77409317923739 0.383286 -0.30387 0.2932434 1.0
895.7756227030768 24.925539804342137 -0.381023 0.126406 0.33010572 1.0
920.1444547181829 17.55755395336362 -0.456139 -0.621708 0.3410883 1.0
917.5177344908074 16.884883624404154 0.45075 -0.26264 0.34093523 1.0
871.6526613069065 14.430661073811653 -0.310406 -0.616262 0.3147072 1.0
834.963025341585 45.08781778324234 -999.0 -999.0 0.2974864 1.0
807.0549764507921 42.462449884645494 -0.010624 0.246775 0.28361946 1.0
817.5991504058882 41.14351296121702 0.189025 -0.029308 0.28945348 1.0
916.0109502431744 47.58109912592265 0.154097 0.299289 0.34100148 1.0
908.3633957876648 44.15432163730847 -0.676012 -0.152899 0.33563304 1.0
819.5518390978092 40.264708197058376 -0.144093 0.322062 0.28871334 1.0
909.5019443013731 44.237560546954064 0.107477 0.080806 0.3359439 1.0
744.9405398995136 34.86476488824703 -0.049152 0.001341 0.25345853 1.0
915.008194180549 42.67606607767189 0.036759 0.225749 0.3405546 1.0
724.0688552151719 29.336207288052538 -0.216917 0.108869 0.24223219 1.0
721.7122785161732 26.63559399259181 -999.0 -999.0 0.2419923 1.0
851.5405299249348 29.952636718030604 -0.264195 0.133613 0.30214286 1.0
911.0251774641854 30.07653676287487 0.037125 0.082611 0.33321056 1.0
911.2788539830518 30.034921046004747 0.012553 0.138215 0.33331013 1.0
876.520713145776 21.809860999510587 -0.294163 -0.056727 0.31447604 1.0
916.41154595915 23.172587439307716 -999.0 -999.0 0.3362399 1.0
884.2720819444319 17.885271037586293 0.472465 0.248484 0.31797442 1.0
881.8765015535107 16.399204452306957 0.03956 -0.188954 0.31535742 1.0
881.8468084093552 13.857586000975658 -999.0 -999.0 0.31611425 1.0
837.3564798100756 12.32096797979253 -0.174666 0.162996 0.2928708 1.0
876.4608018987192 13.079009356335924 -0.420292 -0.342117 0.31294027 1.0
925.1129729049695 43.80416179132142 0.313362 0.116658 0.34031555 1.0
821.8362244852158 36.99363333140971 -0.112875 -0.273277 0.2862873 1.0
955.461769091835 43.30811006877948 -0.296905 0.250744 0.35658655 1.0
821.9051307484083 34.1909933152657 -0.006554 0.373108 0.28579518 1.0
916.4701331142354 32.01702061186092 0.201459 0.295785 0.33357087 1.0
927.4675729362916 25.136589753838688 -0.265979 0.16664 0.33819902 1.0
756.336773339989 14.730864637090479 0.063421 -0.194314 0.251775 1.0
815.5240572763174 50.465318705731214 -0.109386 -0.052407 0.28359905 1.0
823.6443120951539 40.206134035445594 0.075839 0.456409 0.28627026 1.0
821.9864086695334 33.51573805043082 0.011704 0.055854 0.28478006 1.0
957.3959615826719 32.06610312741522 0.008717 -0.297339 0.3543435 1.0
933.8127767616867 21.037866242695564 -0.121262 -0.477781 0.33869514 1.0
833.6522532373497 54.41199227095737 -0.267551 0.2134 0.28834835 1.0
831.1169088323257 51.735502394619274 -0.099062 0.342453 0.28828385 1.0
885.3060960584522 51.62533782200978 0.489573 -0.687921 0.31282195 1.0
774.448236455801 41.91531636047429 -0.222823 0.072885 0.25910777 1.0
825.8907125168265 36.26883663337623 -0.014332 0.049757 0.28298804 1.0
969.2165378460712 42.27555847539166 0.198044 0.036947 0.35694483 1.0
887.9259986935032 29.587207544555294 0.185571 0.148128 0.31143188 1.0
765.8980527795271 18.586550274555215 0.103265 0.261542 0.2525501 1.0
932.2283453476999 61.18619385399323 0.047001 -0.021941 0.33453518 1.0
924.9731046509095 59.57254242842982 -0.22595 -0.660797 0.33081508 1.0
975.6092095940684 50.40722918027815 0.482022 0.026336 0.35733482 1.0
827.933317509997 39.52286095521496 0.087066 -0.089597 0.27937648 1.0
978.3854911763913 46.155273568396915 0.523607 -0.525745 0.358253 1.0
670.0569260597273 22.359660979419594 0.144764 -0.187155 0.21008126 1.0
631.3016637901849 19.234304298846595 0.014569 -0.596253 0.19392839 1.0
823.1213535704031 23.549767141113488 0.226754 -0.076798 0.27593178 1.0
821.5412845606027 22.092179558553124 0.03227 -0.157228 0.27473095 1.0
973.9120340111866 25.82517114052898 -999.0 -999.0 0.35083565 1.0
915.9532141215085 22.414141328995946 0.47326 0.184592 0.3212417 1.0
986.3938195931336 54.72156883020659 -0.409074 0.234975 0.35827923 1.0
773.1150838256407 39.38352781081347 -0.004297 -0.007394 0.2510207 1.0
948.5293867053297 47.30242034349577 -0.094777 0.36013 0.336518 1.0
565.9128716207459 25.470802588376074 0.055172 0.02231 0.16809969 1.0
842.5193796331458 35.13440251767571 0.58128 0.392566 0.28206775 1.0
985.2410458971738 34.20254322821832 0.200755 0.276597 0.3541882 1.0
848.5811776960016 26.44767536214652 0.622628 -0.218883 0.28340134 1.0
929.1271246702197 26.495892725686975 -0.051132 -0.09246 0.32326013 1.0
974.6787401033862 24.80849097011362 -0.055979 -0.352518 0.34783274 1.0
983.2172093878964 25.962993520067183 -0.049994 0.15773 0.35164654 1.0
828.3281682180532 46.068452056936465 -0.233467 -0.023384 0.27425715 1.0
784.2864025405461 38.68397088444343 0.190978 -0.280154 0.25318608 1.0
935.7562959470814 34.540822169215716 0.17148 0.514128 0.32333994 1.0
942.1852788711743 34.52887271204997 0.085067 -0.014548 0.32569373 1.0
930.9339194195747 62.60159711486858 -0.047329 -0.017657 0.32085484 1.0
952.7102588375881 53.36944279541766 -0.143708 -0.04333 0.3306096 1.0
938.9858606080903 61.30758164330172 -0.128898 0.376471 0.3268709 1.0
914.3394375607747 59.130843559762376 -0.028022 -0.21698 0.31396377 1.0
933.476928213794 58.142299298000914 0.11166 -0.257193 0.32404876 1.0
995.3500319272384 60.03196128510064 0.02578 -0.673476 0.3559433 1.0
979.7096524313645 58.51620260717955 0.153708 0.635603 0.34845948 1.0
944.6731117479299 54.93448920193751 0.246902 0.388029 0.32996437 1.0
573.8541263062289 31.965987708060226 0.126975 -0.022067 0.16963676 1.0
947.3775516015526 53.45506464498848 -0.058568 -0.102827 0.32963607 1.0
750.2196463926598 41.554768832989275 -0.144119 -0.004307 0.23775896 1.0
832.4698581444052 43.374638402960024 0.023044 0.02883 0.2732156 1.0
788.0355986991749 40.00875543568155 -0.211367 -0.104004 0.25378138 1.0
776.8905651385197 38.7421032035663 -0.088549 0.007139 0.24913716 1.0
872.6277855400322 41.16132188965609 -0.093865 -0.04689 0.29303068 1.0
851.4822907118627 34.35589307875571 -0.112062 -0.185818 0.28152058 1.0
656.5066069881246 46.11992620319698 -0.171996 -0.157395 0.19834684 1.0
776.6466580278212 52.62337347498288 0.101871 -0.106188 0.24732246 1.0
823.4756155956896 54.742475154971004 0.190647 -0.116297 0.26698002 1.0
982.9644365361256 60.88897922297414 -0.003725 0.38157 0.3449239 1.0
934.802710131929 58.143669746531664 -0.090188 4.3e-05 0.3188028 1.0
941.4185875478834 56.95658867927534 -0.176475 0.183169 0.32304668 1.0
957.399957978194 54.30082905691543 0.088152 -0.103645 0.3308972 1.0
997.542296854977 56.113136105127424 -0.074124 0.061475 0.3518749 1.0
998.4754438169593 54.98931839988427 -0.814045 -0.073415 0.35263684 1.0
851.7348040365605 43.571217461814996 0.027323 -0.187296 0.27971548 1.0
682.408435233315 32.234545184725846 0.198583 0.097325 0.20682146 1.0
856.7642094374627 40.743694950274985 0.255967 0.029428 0.2812159 1.0
940.4624610696321 44.70527013284588 -0.086667 0.065215 0.32087868 1.0
946.151669291628 44.24386910420469 0.762474 0.316848 0.32403398 1.0
938.6146540559671 64.00123491665191 -999.0 -999.0 0.31752524 1.0
946.8644897696356 60.51060399650418 -999.0 -999.0 0.32265335 1.0
982.5002099277955 61.19016478234647 -999.0 -999.0 0.33918926 1.0
1005.5249496070345 62.725048152671924 -999.0 -999.0 0.35112974 1.0
985.8273237785631 61.26511166706709 -0.146804 0.067686 0.3405158 1.0
929.4443482327954 54.843216365065146 0.104917 -0.263544 0.3133597 1.0
996.1620300379452 57.67511460997578 -0.585445 0.378542 0.34607372 1.0
982.5230899782771 55.906928074543444 -0.165123 0.097046 0.33930558 1.0
995.0280323777434 57.94870726123628 -0.016715 -0.030619 0.34572443 1.0
561.8412487379138 31.07209154942516 0.146613 0.068661 0.16150199 1.0
943.7414565994205 51.85460717014632 -0.071754 -0.303112 0.31913194 1.0
941.9427544804288 59.3980912622379 0.012697 -0.234639 0.32113835 1.0
982.5864341150069 61.80118300191652 -999.0 -999.0 0.34180176 1.0
940.365019355884 59.445577116226424 -0.1432 -0.062641 0.31991184 1.0
795.7616644181866 47.22401048343661 0.282462 -0.120597 0.25307617 1.0
976.1996719331937 57.305360693771625 -999.0 -999.0 0.33755553 1.0
944.0446447391012 67.00135964017996 -0.26381 0.11331 0.31802824 1.0
830.2633783166997 52.6135155848832 -0.319261 0.53767 0.28813243 1.0
868.3193478323599 53.858430883817164 0.633246 -0.54605 0.3083624 1.0
874.072447994131 54.090047573748365 0.233323 -0.031328 0.31145555 1.0
829.6048884853038 28.700986822860038 -0.105948 -0.044227 0.2857342 1.0
550.6639751650837 16.388811596461736 0.033176 -0.515345 0.16619378 1.0
759.1749652714376 19.228010036008236 0.097548 -0.408991 0.25090873 1.0
751.6996127134342 18.099861346564175 -0.023915 -0.1722 0.24747205 1.0
893.6236305192642 21.329467561726045 -0.205881 0.065623 0.31623018 1.0
814.1439055775006 16.466177663867626 0.379152 0.014111 0.274763 1.0
968.2523571986067 18.384867289171375 -0.17952 0.071097 0.3554858 1.0
743.7596890356932 47.87607803792753 -0.401865 0.44842 0.24460407 1.0
927.2637354756246 54.72493000362414 -0.076295 0.038914 0.3338268 1.0
917.4474411529293 49.596719767336005 -0.22227 -0.736276 0.32818702 1.0
816.9211891964687 40.629921021784796 0.245036 0.075484 0.27654174 1.0
973.69481165759 48.10475131414619 0.26951 -0.447946 0.35831952 1.0
831.6256621562932 32.722499318272796 0.119477 -0.032011 0.28291324 1.0
555.1195122802818 19.743082731945996 -0.812094 0.024815 0.16686477 1.0
891.6216376674181 30.207325931963812 -999.0 -999.0 0.31237492 1.0
836.8183764006541 55.43505250500829 -0.566594 0.182755 0.28411055 1.0
835.2797406713584 56.05937345868953 -0.124435 0.012919 0.2840584 1.0
890.1553720545842 53.065900806620704 -0.117952 0.093958 0.30881733 1.0
609.9118272823597 34.16010386430377 -0.001474 -0.853835 0.18612541 1.0
987.1324714697101 47.49249180504436 -0.246291 -0.164886 0.35940963 1.0
909.4163092889878 33.88205117112991 -0.153533 -0.045928 0.3155408 1.0
772.8944748997247 27.88065271261011 -0.226073 -0.306081 0.25134674 1.0
769.1759779541231 27.064773105591787 -999.0 -999.0 0.24948765 1.0
767.9287845638232 26.858535130551267 0.248779 -0.236258 0.24934538 1.0
800.4283204253644 49.01279835139659 -999.0 -999.0 0.26383856 1.0
892.7383501352722 48.60343316952825 0.023539 0.263565 0.3061253 1.0
991.7649448859942 37.59648163958994 -0.181191 0.115322 0.35619152 1.0
931.7914377298706 33.54991913446999 0.199711 -0.045449 0.32279113 1.0
739.7753530247315 23.260838602083034 -0.003135 0.208255 0.23337403 1.0
932.1777718636968 28.00286935227335 -0.190652 0.395228 0.322887 1.0
999.6750232235252 69.91243608367023 -0.496686 0.067638 0.35841748 1.0
813.09694866477 54.11015007208822 -0.809823 0.032985 0.2652145 1.0
984.4457970329815 60.7145229604254 -0.000458 0.23358 0.34875414 1.0
942.3900254814603 56.47271432417353 0.213037 -0.061703 0.3264078 1.0
881.6460117011234 36.36571603958959 0.133826 0.007593 0.2947912 1.0
849.9979192883387 31.28459131487139 -0.368559 -0.08162 0.2803028 1.0
979.265067561784 33.25473193846387 -0.048315 -0.128972 0.34397107 1.0
979.5907976632764 33.06345228824251 0.195669 -0.804778 0.34419003 1.0
765.3355912751055 24.223197369810975 0.010267 0.201612 0.24253805 1.0
1007.6170751732262 32.89376271242612 -0.141496 -0.074747 0.35842317 1.0
940.3417761733574 55.12010449810752 -0.469102 -0.643479 0.3206732 1.0
754.2552138564639 -1.0463834288230924 -0.32153 0.228284 0.2662386 1.0
757.4305546517709 -1.16848334735653 -0.138363 0.161223 0.26746285 1.0
604.2200300462686 -2.3547513964154696 0.011205 0.820109 0.19888695 1.0
923.5413787939806 20.525026119479254 -999.0 -999.0 0.35363278 1.0
766.2909952491151 11.374010382539673 0.048142 -0.132684 0.26803043 1.0
852.3680199135291 27.68363570345269 -999.0 -999.0 0.3104336 1.0
888.6903263211374 23.857600233043204 0.667306 0.414478 0.3288075 1.0
931.3408526745275 23.081287413326052 -0.163642 -0.098336 0.3533614 1.0
731.8526119787423 12.863207532720557 -0.151821 0.145624 0.24889518 1.0
920.3374581364703 17.314058038853705 0.209357 0.094741 0.3440965 1.0
747.749573411988 9.556732881811527 0.118953 0.085442 0.25464514 1.0
735.650922148391 34.84273975941058 -0.08878 -0.109636 0.25212616 1.0
731.5989984459685 31.55584104451336 0.185883 -0.069069 0.24926144 1.0
806.3657520580549 33.69012278621657 0.042608 0.03553 0.2851526 1.0
899.6383218013018 25.37697751363345 -0.096712 -0.171263 0.33162943 1.0
939.5233363341148 23.930268875514187 -0.361927 0.27232 0.3536525 1.0
871.5271319229139 18.760723546594026 0.438803 0.890131 0.31401196 1.0
873.9084086961071 18.822833749684957 -0.14416 -0.098305 0.315448 1.0
942.0667562237638 21.230336617504243 -0.364101 0.026601 0.3531034 1.0
879.4343313308739 18.21080877313655 0.235625 0.542299 0.31879997 1.0
738.6030508629166 15.534233068933576 0.244221 0.382805 0.24879526 1.0
812.5964556228818 16.16603367164209 0.076611 -0.166485 0.28397697 1.0
608.2140534477555 10.715548174186841 -0.018796 -0.012715 0.19287555 1.0
731.7884296588635 10.238753557215992 -0.070784 0.020939 0.24536283 1.0
782.2507763042697 6.570668324201276 -999.0 -999.0 0.27956957 1.0
601.5693103974794 1.167481273824808 0.604185 0.150415 0.19689973 1.0
617.3313231207611 10.49720863544898 0.123691 -0.043157 0.20262198 1.0
719.2490922729627 9.883942057705397 0.101212 -0.204425 0.24814783 1.0
720.7624332774561 9.979698030689752 0.315088 -0.744358 0.24893491 1.0
637.4059507678097 6.160800254199231 0.036615 0.024838 0.20821148 1.0
899.6386649525289 34.35175595046412 0.022543 0.174114 0.3366512 1.0
902.7843322392326 34.51160475655874 -0.045278 0.027911 0.337839 1.0
882.7026386971895 19.763124964433523 -0.020206 0.519355 0.3237146 1.0
938.0995980692383 20.691815814181233 -999.0 -999.0 0.35441086 1.0
948.6047352272581 13.65744365915499 -999.0 -999.0 0.33983535 1.0
904.712506657617 39.95393943162838 0.136882 0.137304 0.33596963 1.0
533.5801267191689 19.917384566820598 -0.337209 0.288852 0.16505377 1.0
720.8822320590348 25.0481692438361 -0.447859 0.181554 0.24170738 1.0
592.1679786088932 15.44243109419465 0.011934 0.027351 0.18668738 1.0
590.4596116008128 13.970899717226551 -999.0 -999.0 0.18566795 1.0
877.3404542207637 15.485274716585929 0.025623 -0.064435 0.3145089 1.0
842.0015623223175 45.729837205678784 -0.617337 -0.240006 0.30025113 1.0
750.1343839106477 35.395596183438016 -0.439425 0.319241 0.25415286 1.0
889.5846143420296 19.503554201394724 -0.105971 -0.299076 0.31844106 1.0
887.4110374241246 19.50759872951964 -999.0 -999.0 0.31745997 1.0
923.4940515140224 17.926629313652995 -999.0 -999.0 0.33684865 1.0
892.4683483467605 17.1465358291991 -0.208303 0.172318 0.3315387 1.0
545.6361151768374 10.050879758624468 0.302902 -0.281486 0.17157768 1.0
600.9665508601576 9.547154923610396 0.079265 -0.382059 0.19280268 1.0
806.6011219145089 12.136671198040785 0.23794 0.004595 0.28539184 1.0
936.5564901899363 18.97305560874624 -0.324347 -0.135814 0.35115388 1.0
935.3446289578412 18.501686871693448 -0.151123 -0.023671 0.35001618 1.0
916.2593986885807 17.141675349280497 -0.0801 0.148123 0.3397112 1.0
536.8440427829888 28.184906924408928 -999.0 -999.0 0.16669329 1.0
847.8115788966762 44.48180220036273 -0.124047 -0.185973 0.3048635 1.0
914.8476842965351 46.441694995504356 0.21379 -0.087515 0.3403343 1.0
905.4482756306463 28.876762967132187 0.219132 -0.133565 0.33143246 1.0
829.3116996383391 24.644147541657606 -0.260243 -0.024411 0.28984842 1.0
543.3154615033645 32.764309814783324 0.463388 -0.053942 0.16780403 1.0
545.7945755134017 33.000473970962524 -0.289001 -0.163257 0.1686177 1.0
607.841737519365 36.24482658028863 -0.109316 -0.026553 0.19259885 1.0
830.5220295098287 34.41756332581593 0.231749 -0.188623 0.29007515 1.0
819.6893778097929 33.99288964747606 0.187386 -0.206552 0.28482306 1.0
528.1320573886186 32.7111556363042 0.042256 -0.493749 0.16135246 1.0
862.7610306875987 47.42625830641156 -0.200588 -0.054846 0.30736476 1.0
934.2996314789507 46.68078829462184 -0.130229 -0.213861 0.34377468 1.0
826.6826346285457 34.916391692848556 -0.166478 -0.167431 0.2872825 1.0
730.1505040979717 30.426441333970978 0.144747 -0.247991 0.2421839 1.0
821.5431131739775 27.76969155735505 0.616017 -0.044224 0.2831554 1.0
599.0868010806018 17.343775914360894 0.420705 -0.406366 0.18559591 1.0
531.5905610060976 34.38997222123495 -0.106116 -0.212815 0.16129974 1.0
922.4480767580856 56.86602825642341 -0.129938 -0.16728 0.33466423 1.0
532.6759594272922 32.0965650509325 -0.064403 0.009573 0.16123316 1.0
532.4553026200534 29.94496910390113 0.036216 -0.167204 0.16038951 1.0
684.6070719349182 36.398593227292324 -0.222245 -0.287155 0.22058696 1.0
534.3618266860624 27.257728718743465 0.235823 -0.316608 0.160609 1.0
865.2676909636557 39.51376086277877 -0.113476 -0.191007 0.3016215 1.0
824.8182493001054 36.122209360192024 0.108352 -0.100688 0.28253365 1.0
599.0956946569395 22.997875199091418 -0.300321 0.163598 0.18439321 1.0
829.1455348011638 28.99663634163891 0.16636 0.292729 0.28363222 1.0
542.5802018394841 14.464983303136297 -0.367063 -0.041886 0.16280267 1.0
940.5233527951742 20.520642562230453 -0.025465 0.125925 0.33867326 1.0
602.228567178216 36.154634639259896 -0.193067 -0.330379 0.18477261 1.0
832.910283987594 50.15459384226307 -0.297425 0.146133 0.28297055 1.0
621.3892581384465 36.013518938154164 0.146396 0.224916 0.19277051 1.0
555.8727475939486 19.331048579461832 -0.066125 -0.069066 0.1662721 1.0
668.0596847318519 23.035222760283137 -0.410442 0.162115 0.20864066 1.0
659.6362844608007 18.36898439128388 0.198348 -0.455336 0.20533723 1.0
713.765800452875 15.178782020494555 -0.264807 0.055424 0.22651954 1.0
951.060904836444 18.079151916271154 -0.203856 -0.039961 0.33911553 1.0
985.7707023702458 54.8419927226209 -0.102589 0.124996 0.35813743 1.0
986.2761385358403 54.672372333138725 -0.207441 0.074908 0.358629 1.0
983.002911538535 54.66276642437112 0.01817 -0.194958 0.35642877 1.0
986.9655260311087 53.98787491533004 -0.078992 -0.098656 0.35737616 1.0
884.183428706661 45.89661104126849 -0.413435 0.314217 0.30409738 1.0
773.8707782684702 37.50727761638664 0.120422 -0.041698 0.25183326 1.0
978.953316743813 46.94248317937435 0.17239 -0.188732 0.35242411 1.0
563.0781126515374 24.89818943343207 -0.187811 -0.27803 0.1670823 1.0
869.7380301919941 35.826160786678535 -0.03249 -0.017125 0.29460683 1.0
985.0519946960077 24.78283136469806 -999.0 -999.0 0.35368317 1.0
981.3601272084018 25.840934092574116 -0.039351 0.037667 0.35068828 1.0
907.9166951823769 60.65301224671889 -0.205567 0.137154 0.31327966 1.0
865.720581973488 43.54376953559041 -0.094192 -0.285376 0.29101685 1.0
571.2785579065572 27.738511695301135 0.037618 0.343711 0.16850764 1.0
659.9029271712483 29.59883553820082 -0.235631 0.195699 0.20184271 1.0
871.5419944410601 37.29428720606027 0.004022 -0.061857 0.29260123 1.0
779.6197284678698 26.057264248131673 -0.248262 -0.071151 0.24917264 1.0
778.0054513634747 54.320318943149694 -0.101902 -0.207437 0.24849668 1.0
956.8081077985507 56.33123419597608 0.08642 0.087628 0.3329576 1.0
990.8231933019223 56.75323633181465 0.050648 -0.266874 0.35083896 1.0
580.6973022991831 32.36781821700493 -0.122963 -0.182731 0.17058115 1.0
573.5715403201048 31.705737742156515 0.017855 0.034648 0.16811782 1.0
994.1964705272801 55.80055835267489 0.680646 -0.430681 0.35305384 1.0
997.4147897636929 55.92553040175878 0.419457 -0.339907 0.3545946 1.0
556.4217354690368 27.436865426646825 0.279194 0.416362 0.1613269 1.0
997.2180858990245 64.7919566383325 0.02942 -0.058326 0.35879642 1.0
573.1904766251272 33.74730801138732 -0.059813 -0.027952 0.16914327 1.0
992.9743996050906 59.308224796803906 0.346806 0.022778 0.35634476 1.0
944.4286217399207 54.65911703914997 0.108058 -0.097173 0.32905623 1.0
894.228944986078 52.31897311631181 0.624032 0.345482 0.30310884 1.0
986.7265972426145 55.504320645717534 -0.054505 0.135503 0.3516217 1.0
781.225149857522 36.818205711611824 -0.05478 0.001392 0.25029165 1.0
872.577076017953 39.30034848375231 -0.091915 0.01249 0.2927511 1.0
882.251429728102 38.135254455714495 0.082957 -0.104658 0.29606974 1.0
876.943129318358 38.01481293431924 -0.228309 -0.046083 0.29333317 1.0
995.4039355344614 39.05363348100174 -0.13247 0.089276 0.35548973 1.0
602.0589927234467 38.214094591635764 -0.124254 0.115402 0.17795141 1.0
555.2424709227687 30.320996784374426 -0.034894 0.312745 0.16056815 1.0
790.4931495229335 43.526594482092484 0.04063 0.052105 0.2522896 1.0
940.5509562186082 48.13787804169304 -0.082524 -0.186906 0.32265684 1.0
945.7012506357582 45.04916071283958 0.036052 0.365097 0.32392734 1.0
937.5321247623152 42.22723902321624 0.200308 0.053541 0.32050422 1.0
886.2560668963437 37.9860088619992 -0.406107 0.112288 0.29558522 1.0
882.7014337992447 37.29529327139174 -0.156459 0.335801 0.29381266 1.0
1017.0373473787038 69.07174176190058 -0.002231 0.057929 0.3574118 1.0
981.3143204219328 59.40279186963392 0.300516 -0.195255 0.3393481 1.0
596.4843365850802 35.426330942423135 -999.0 -999.0 0.17330058 1.0
980.8858115241882 57.6618129847775 0.076849 0.111024 0.3394411 1.0
798.4762277486841 45.34552232125294 0.055645 -0.073563 0.2529949 1.0
558.5622920648797 30.906218284725934 0.031038 0.007773 0.160349 1.0
579.6960510772427 31.552457951808897 0.177215 -0.380903 0.16771248 1.0
931.2137489836296 59.46008576502893 -0.382315 -0.002721 0.3150562 1.0
942.2106819667421 59.874864583153546 -0.157885 0.711235 0.32057008 1.0
941.2261622203762 59.515056082547865 -0.168372 -0.08254 0.32030421 1.0
939.0074226717487 57.12553565884209 0.023688 0.263656 0.31964484 1.0
936.3305500979407 58.42164621656007 0.588084 0.490853 0.31755102 1.0
595.1802694296712 34.473620667453176 0.265645 0.090714 0.17381501 1.0
967.9546083972728 54.79121670794196 0.004945 0.286986 0.3331736 1.0
678.6252742006952 36.11156327432317 -999.0 -999.0 0.20451383 1.0
879.8673303418481 63.36324689931933 0.071052 -0.025195 0.28851128 1.0
999.6142664586463 67.10246820625542 -0.006675 -0.055711 0.3470683 1.0
568.3398618736034 36.35785325603211 0.117649 0.245936 0.17620246 1.0
589.6000005418043 34.98735022247913 -0.010717 0.069365 0.18381278 1.0
530.5080208266002 31.25271726714629 -0.180132 -0.027499 0.16104205 1.0
915.6948661596447 49.02540657006484 -0.117884 0.235392 0.33247736 1.0
934.9194147693302 50.09840131287712 0.075003 0.024989 0.34280676 1.0
942.3388347073535 47.15039500195626 0.21757 0.389229 0.34702167 1.0
596.3405623936599 19.15339258346183 0.19142 0.090025 0.18438433 1.0
611.682946576254 17.127235243212777 -0.246894 0.005309 0.18971045 1.0
547.6886180827887 15.450835097493696 -0.348147 0.577624 0.16530254 1.0
545.0691296220465 14.740054067555763 -0.60752 -0.272128 0.16458343 1.0
546.3387862340963 14.695655053306423 0.016379 -0.054068 0.16489545 1.0
763.7195864522108 17.01210140467859 0.223607 -0.185093 0.25253293 1.0
557.0354190161239 12.557817542421267 0.271427 0.543112 0.16863862 1.0
963.8413905000936 17.67087207260403 -999.0 -999.0 0.35186315 1.0
923.6221035833838 54.22697273163197 -0.234014 0.312677 0.33246207 1.0
889.7268068324848 47.92385932341391 0.059196 0.05554 0.3130552 1.0
976.0821339463017 44.48940337577978 -0.506595 0.327446 0.3589725 1.0
961.3004410803005 40.1857765273171 -0.038537 0.066932 0.3487156 1.0
555.0591313270863 19.904020794692816 0.356942 0.471836 0.16679114 1.0
889.9959413415138 32.55544202834132 -0.293005 0.397645 0.30992728 1.0
826.0074207543174 26.139683071164427 0.188632 -0.015077 0.27963504 1.0
760.3112069377632 20.924955808009077 0.131915 0.056612 0.2480441 1.0
818.6884467190221 22.45105255503144 0.281045 0.033687 0.27424994 1.0
835.7835882040547 57.62732817666343 0.233573 -0.039588 0.2837363 1.0
606.333080745963 39.762463980673495 0.018646 -0.180065 0.18620312 1.0
601.4585078656869 37.32459974167552 0.012665 -0.422494 0.18411133 1.0
619.150358610979 34.351857326913574 -0.77587 -0.281033 0.18939818 1.0
561.4261272195337 23.583452814315276 -0.036748 0.167147 0.1673033 1.0
836.75026894178 30.462666342229173 0.31122 0.298204 0.28101942 1.0
770.9374310126146 27.861723632614222 -999.0 -999.0 0.25041682 1.0
636.722946313614 22.73968516408402 0.120117 0.268274 0.19509842 1.0
768.9778100745909 27.40375284193523 0.099267 0.045336 0.24965458 1.0
630.6462445391207 20.006702420761865 -0.078905 0.449255 0.19277798 1.0
926.132206238389 58.40615947024201 -0.271481 -0.166313 0.32523218 1.0
929.6617588133455 58.623915004830096 -999.0 -999.0 0.3270676 1.0
567.862428447497 36.7020238541231 0.257141 -0.015577 0.16867182 1.0
545.3685095505724 28.552955478116402 0.07274 0.373832 0.16025856 1.0
625.4245979844553 32.42792534278163 -0.110477 0.072621 0.18962853 1.0
929.3232749461393 37.87626899862286 0.096044 -0.32764 0.3223948 1.0
991.9407963693175 36.48308841693915 -0.142438 0.216092 0.35489413 1.0
685.9860534741496 22.7117986544142 0.014508 0.29947 0.21211155 1.0
641.2460220698026 20.4521309944368 -0.187921 -0.080818 0.19468151 1.0
996.8792867729558 71.21708005651287 0.027174 0.28505 0.35685965 1.0
552.1663875657108 32.51338341144696 0.006164 0.457334 0.16074206 1.0
997.1204198627728 56.37652410388123 0.339911 0.195326 0.35572046 1.0
574.7162969599051 24.063516473930243 0.018689 -0.016558 0.16808599 1.0
855.3484670624655 32.194155898468395 -0.130625 -0.11537 0.282823 1.0
841.4536046255923 46.270215087240466 -0.258952 0.288469 0.2733994 1.0
575.4378312722373 29.839666693434438 0.234168 0.218461 0.16696487 1.0
597.1122948286925 -2.2049296556997877 0.20901 -0.080244 0.19520794 1.0
800.5872734522128 10.92893445688737 0.039377 0.036472 0.2882775 1.0
874.7558601225417 20.616275281089433 -0.193695 0.098849 0.3248774 1.0
657.4852001692321 13.357812565983643 -0.350123 0.132808 0.21914518 1.0
858.61092141548 25.545432431067663 -0.155853 -0.294377 0.31325415 1.0
937.2660926246891 19.42756015266285 -0.181212 0.156516 0.35523963 1.0
808.5838664999761 13.81739403347602 0.363747 0.183493 0.28416917 1.0
803.5854786298601 33.33637954699878 0.068657 0.137009 0.28396395 1.0
604.8891573740083 22.416837158086963 -0.124923 0.287535 0.19405526 1.0
921.4958781022935 19.57411256407516 -0.051281 -0.719436 0.34218413 1.0
873.7068187114762 15.992466773060617 0.258765 -0.159889 0.31453905 1.0
656.46942314378 3.3030537182293878 0.138536 0.139063 0.2206906 1.0
800.4248600242432 4.676481353540161 -0.122451 -0.340089 0.28809813 1.0
704.5996585280892 1.0395598193273834 -0.297381 0.05061 0.24248892 1.0
601.5339727172694 0.8076777646482053 0.33937 0.204401 0.19676352 1.0
615.233499257175 9.090132495984605 0.013612 0.033347 0.20190747 1.0
573.2339487211265 14.415250425430338 0.000273 0.118775 0.18356413 1.0
582.5472679743616 14.426423912627774 0.23766 0.063713 0.18734103 1.0
802.5569005927529 11.693680949509435 -999.0 -999.0 0.28410703 1.0
774.5612154649035 5.8928722206564546 0.084168 -0.035454 0.2693677 1.0
563.3356144968066 22.267616457821596 0.428344 0.012945 0.17952201 1.0
913.5171097060011 17.188388173326047 -999.0 -999.0 0.32188433 1.0
