X Y e1 e2 Z WEIGHT_SEEING
665.6780094293052 -71.36078425422068 -0.222593 0.709441 0.2719168 1.0
777.9848990719871 -87.04722807227216 -0.182948 -0.089428 0.33704165 1.0
750.0202739124395 -84.71603597382247 0.060412 -0.047325 0.31854185 1.0
592.5834527250273 -68.86794083851795 0.087952 -0.082016 0.22754954 1.0
592.7604387336293 -69.78151479075717 0.075227 -0.091059 0.22743711 1.0
756.4196776761628 -89.8612698441641 -0.18351 0.28502 0.32028154 1.0
592.077046485466 -70.08508729652908 0.114916 0.013799 0.22723947 1.0
742.7337794165601 -93.14694923430245 0.021485 0.002322 0.3062459 1.0
791.1769697239196 -105.19721283785697 -0.128866 -0.280048 0.33008626 1.0
753.4610396665391 -82.40190589857872 -0.076313 -0.118423 0.31756443 1.0
596.1027317610292 -64.0602553227091 0.003544 0.283239 0.22857422 1.0
565.1313724265267 -63.87476830159029 0.117414 0.002013 0.21263188 1.0
793.3286482284694 -89.12480167109453 -0.237781 -0.460238 0.33896187 1.0
618.2744011585968 -74.19015787831594 0.075169 0.018971 0.23554513 1.0
799.5193499596792 -101.39529522178687 0.218403 0.231404 0.33307326 1.0
621.2458182628931 -77.67803002143081 0.619129 -0.003149 0.23377779 1.0
680.1122422311424 -65.6997304444883 0.213806 -0.280341 0.2734757 1.0
531.6076612732338 -56.3787946091322 -0.281126 -0.051165 0.19540998 1.0
585.0927766516992 -62.95582472025766 -0.274677 0.064508 0.21861367 1.0
508.2198373203394 -60.03851737395379 0.127951 -0.170883 0.18060412 1.0
625.1359831240314 -72.28329496824409 -0.576228 0.00441 0.2351444 1.0
719.4076206606396 -83.94992809500431 0.810569 -0.0892 0.28520066 1.0
590.8841782302368 -70.37959446621636 -0.367833 0.076181 0.21748301 1.0
586.898344364191 -64.32225287179968 -0.066355 -0.101395 0.216348 1.0
843.9353577378479 -95.85951692067886 0.202791 0.313673 0.35555995 1.0
841.816381112245 -96.75682124358943 0.234421 -0.086424 0.35383025 1.0
590.962114076174 -70.74590539020272 -0.33293 -0.04224 0.21418642 1.0
774.6575993328208 -81.7654084128231 -0.018263 -0.358775 0.33469108 1.0
746.2577710155016 -93.19292907591121 0.021742 0.313426 0.3062865 1.0
714.6272795762645 -94.85647365439604 0.050376 -0.388536 0.2832151 1.0
802.9240236839197 -106.0832655790445 -0.233139 0.311503 0.33579877 1.0
502.67836165279556 -66.61443872190085 0.474557 0.159855 0.1781791 1.0
738.3539919040013 -101.57023189614546 -0.037434 0.16143 0.2928913 1.0
679.340767460879 -68.93422793214188 0.132004 -0.219163 0.2742006 1.0
672.5786016414579 -69.31420758494528 0.156712 -0.148024 0.2703378 1.0
526.0784110735948 -55.24848091200911 0.135743 0.228584 0.19521828 1.0
625.266919037095 -65.79350753581058 0.297781 -0.20752 0.24385658 1.0
679.3432160755879 -70.75311302204331 -0.94425 -0.003114 0.27238515 1.0
757.9437472961408 -82.2807877918556 0.113419 0.089863 0.3160563 1.0
713.0159380372029 -82.10955197858623 0.356473 -0.327888 0.28528735 1.0
831.5493550832894 -96.90397594793585 -0.096592 -0.048451 0.35632783 1.0
622.6681504655379 -75.45525719018526 -0.200608 -0.106208 0.23424214 1.0
719.2366898297818 -89.68344540144417 0.102974 -0.173378 0.2840056 1.0
628.8357542253353 -58.60638138880141 -0.054863 0.624365 0.24451512 1.0
561.5872494755251 -54.29329168545031 0.055937 0.314184 0.21084628 1.0
685.2676199802831 -67.64881151797343 0.080076 0.204277 0.274069 1.0
586.4853767436599 -61.425764149863085 -0.44929 0.237719 0.21999699 1.0
606.4000619015869 -66.10538375382522 -0.280423 0.621786 0.22693619 1.0
624.8258822806893 -68.76839661666693 -0.067622 0.055146 0.23495537 1.0
794.7802928088303 -90.00372744101499 -0.166804 -0.285567 0.32898176 1.0
742.4601742260024 -90.6576323924254 0.275721 0.11375 0.29149857 1.0
619.0141379227753 -70.89977547943813 -0.34711 0.312523 0.2272926 1.0
740.5074389974135 -97.24183506373991 -0.15435 -0.234999 0.32883924 1.0
745.4439215491627 -98.41949011972403 0.139071 0.246135 0.32953894 1.0
749.5156123452911 -98.43983928523727 -0.031101 -0.0206 0.3314502 1.0
766.4716116101637 -102.23121878436935 0.265088 -0.438292 0.34489772 1.0
747.685670523525 -101.04674587818933 -0.372889 0.103983 0.33088225 1.0
755.6271939882226 -104.54714353144219 0.10728 0.01046 0.33343184 1.0
779.157032822709 -107.3104451180623 0.410443 -0.488354 0.34867275 1.0
776.8775195211643 -107.58078438898609 -0.271408 0.239634 0.34672514 1.0
767.4169935951356 -105.59446697088183 0.094475 0.217703 0.33975655 1.0
758.6738150861994 -105.62474102352692 0.174043 0.436365 0.33389327 1.0
755.135365701648 -105.44365343866119 -0.14252 -0.597989 0.33167303 1.0
778.8802403205794 -108.95265649751718 -0.170554 0.165389 0.34621727 1.0
787.8653061589052 -113.79775010783004 0.130111 0.141588 0.34788427 1.0
571.3917390104697 -70.07575362178022 -0.149937 0.060739 0.2276198 1.0
545.9518084541666 -69.49742885256121 0.165755 -0.308816 0.21225917 1.0
755.1073955679195 -96.69911665672194 0.29826 0.094036 0.33237702 1.0
544.7188901356832 -71.38651172668025 -0.528593 -0.253221 0.21024153 1.0
587.6157963225157 -80.46185048239165 -0.606548 -0.536166 0.22861305 1.0
796.3228128263431 -111.90882396993969 0.067832 0.344784 0.34778893 1.0
795.0575567691061 -113.21552151739665 -0.125575 -0.01811 0.34663513 1.0
799.7783694198763 -114.02443760232822 0.452458 -0.147775 0.34970224 1.0
767.2695621795244 -93.96933227965941 0.257949 0.063913 0.33496594 1.0
802.8741457409928 -98.89763004723501 0.337962 -0.154703 0.3573647 1.0
760.6566854693582 -99.85721657164223 -0.042198 0.291796 0.32175523 1.0
764.8332762013894 -102.90497648030336 -0.460153 -0.047104 0.32240382 1.0
805.4605752890504 -112.32177670259584 -0.108598 -0.250064 0.34631106 1.0
757.1935718661668 -90.85930129412708 0.040088 -0.13267 0.32103783 1.0
756.4003180276111 -92.80838392031764 0.15543 0.108836 0.32116562 1.0
795.4779822859813 -96.21007483984626 -0.175473 0.587086 0.34402037 1.0
631.6156996164962 -79.2045294457448 0.502181 -0.738664 0.24758467 1.0
564.3802540664684 -70.11966696527222 -0.214545 0.050296 0.2131448 1.0
710.0733737323395 -89.54607445337295 0.024085 0.093234 0.288709 1.0
619.5811367566097 -79.28428391585584 0.192611 -0.010789 0.2392853 1.0
784.8775995059341 -106.23434993063486 -0.086483 -0.072563 0.32733047 1.0
672.3128780429341 -93.06990833164664 -0.285223 -0.003767 0.260403 1.0
738.1704713165534 -78.346518221903 0.316877 -0.173953 0.31333333 1.0
773.4350586213906 -82.30008741170487 0.073214 -0.118428 0.3346557 1.0
598.4587341110193 -66.24669103651013 -0.028864 -0.3097 0.23306353 1.0
753.6548716883127 -81.3879693282225 0.369556 0.806458 0.32074907 1.0
780.9830299753362 -86.80260147776298 0.178239 -0.025588 0.3380532 1.0
753.6802243308243 -84.07212808064587 0.056911 -0.109584 0.31887823 1.0
527.8692732335871 -59.332918584280534 -0.00407 -0.040726 0.19597486 1.0
812.287205699251 -94.72062011892007 -0.163261 -0.024998 0.35317627 1.0
568.9003102392475 -65.29040237150835 -0.732861 -0.23593 0.21414754 1.0
554.8293704677413 -65.34198322341541 0.08819 0.180818 0.20685196 1.0
522.4643833848932 -61.74519261319147 -0.149941 0.245491 0.19084984 1.0
626.2618445311197 -75.3552619711196 -0.030899 -0.024824 0.24138026 1.0
693.1167890113012 -84.29997275951833 0.238819 -0.104239 0.2769352 1.0
770.9379709943933 -93.88542619667083 0.063165 -0.059076 0.3220888 1.0
747.003374368666 -90.40483254466068 0.022695 0.029119 0.3066861 1.0
722.4052869067281 -92.75388213765513 0.084612 0.094284 0.28662077 1.0
640.7127703072182 -85.21003508454656 0.144509 0.111287 0.24061342 1.0
725.5923353369108 -89.5730910346438 -0.126487 -0.60532 0.2869196 1.0
850.2720727745198 -108.47433846481864 -0.327823 0.006214 0.35701227 1.0
551.3407274664191 -66.6411618901639 0.11814 0.414466 0.21034807 1.0
786.9748947890395 -102.8136012471595 0.029583 0.085046 0.33560243 1.0
576.8463573312237 -77.92109497180535 0.01509 -0.175124 0.2155453 1.0
761.048484073651 -105.28844218570073 -0.088049 -0.113736 0.34437737 1.0
772.094626199134 -110.05124462381679 -0.271374 0.151507 0.34598047 1.0
560.9403913680676 -81.63967241565184 -0.020051 -0.016594 0.22196004 1.0
464.3705960270199 -64.72428490944627 -0.139634 -0.329056 0.16382943 1.0
816.0647898010627 -112.93399695637025 -0.495161 -0.236913 0.3597829 1.0
759.6536023476042 -114.27509932808498 -0.457698 0.209728 0.34764418 1.0
528.6733058763301 -76.93173827924846 0.438064 -0.205726 0.20677604 1.0
755.3915991949792 -111.37103516194558 -0.918186 0.197724 0.339105 1.0
452.8972015914395 -63.62461164430378 0.200279 0.239506 0.16923285 1.0
778.1124634676399 -108.7243548019145 -0.177901 -0.498792 0.34982097 1.0
591.5017834852629 -82.19437755084952 -0.465688 0.10729 0.23645018 1.0
632.3557940887442 -81.77178469848799 -0.150454 -0.682912 0.2611915 1.0
748.287513220287 -96.08707659572956 -0.091882 0.387374 0.329271 1.0
521.6427030307277 -69.98814786767852 -0.013594 -0.136482 0.19865558 1.0
764.8483676135953 -105.94057776686645 0.643139 0.03977 0.33155635 1.0
640.8074045401886 -83.47030745857855 0.141286 -0.017763 0.25712985 1.0
533.2801443554005 -69.98564811376932 0.328161 -0.250894 0.20222335 1.0
644.5379566011636 -83.79743591653943 0.11341 0.336589 0.2591329 1.0
645.4279538162633 -82.31301346040456 -0.187905 0.502165 0.25656646 1.0
562.6084546857383 -71.61871980276645 -0.692162 -0.550052 0.21355183 1.0
555.3928710615829 -72.7771006672075 -0.128232 -0.137413 0.21208045 1.0
530.5431761902864 -69.20426552498664 0.218597 0.737434 0.2000339 1.0
587.3562442489964 -76.47259122986972 -0.642565 -0.425466 0.22979814 1.0
752.4956247946432 -85.15758078104497 0.14285 -0.06154 0.31971192 1.0
808.9803291757004 -96.38075078172753 0.06453 0.167755 0.35422114 1.0
567.1984455535367 -68.27878274249858 -0.12517 0.01251 0.21471533 1.0
462.95197783723245 -61.107402000304006 0.130646 0.314934 0.16271372 1.0
535.2188114270833 -70.32251185774344 0.140413 -0.324189 0.1943303 1.0
534.4519508167272 -70.3384681222743 0.028361 0.002264 0.19386043 1.0
466.5798402416182 -61.74633005418477 -0.278768 -0.527588 0.1633946 1.0
785.9590486743189 -83.56574361806022 -0.341723 0.181442 0.33890644 1.0
679.5740054015997 -74.15035931053912 -0.042635 0.072304 0.27297097 1.0
558.2214385817236 -63.142674243617364 0.174066 -0.048641 0.2080264 1.0
597.2747602721934 -74.71343513029932 -0.20473 -0.289557 0.22275797 1.0
580.734148914499 -72.64158185554301 -0.181406 0.299642 0.21456279 1.0
526.7034283424929 -53.134560520220944 0.112992 -0.130161 0.19386944 1.0
584.0784542941063 -60.58750306952359 -0.078076 -0.084716 0.22140396 1.0
585.3656828200534 -64.84379532230007 -0.161175 -0.139668 0.21866791 1.0
601.4168894406007 -67.1719378959007 -0.037195 -0.118621 0.22586645 1.0
534.3967105125305 -60.767773010380346 -0.009465 0.167332 0.19327301 1.0
767.963422259053 -88.48521037178784 -0.043016 -0.0241 0.3138703 1.0
547.2662905655529 -67.90987639324628 0.064796 0.080566 0.19481662 1.0
517.3067141145767 -58.12892707695544 -0.008192 -0.190789 0.1831591 1.0
723.9473099273375 -81.1728741225406 -0.262284 0.010485 0.28531975 1.0
476.1090173591632 -55.8641150098075 -0.296387 0.287612 0.1638013 1.0
590.9291022847935 -61.904127121734845 -0.082669 0.050364 0.22957072 1.0
808.1752652583168 -95.13314019923844 -0.148076 -0.371494 0.35100254 1.0
758.615020451403 -94.1560193362121 0.005029 0.139817 0.314294 1.0
617.7649396382039 -82.98832461968595 -0.004999 0.092759 0.23196746 1.0
521.1405631850862 -53.17278997376921 0.590198 -0.32916 0.19372317 1.0
818.58364679917 -83.95129484516217 -0.061709 0.240319 0.35942385 1.0
816.7344613695199 -83.07107041088962 -0.112766 0.312197 0.35740092 1.0
679.5288931681615 -70.86508021069115 -0.175637 -0.409285 0.27265552 1.0
569.6663021560101 -62.306415828994965 -0.192302 0.101557 0.21421933 1.0
812.2573601992566 -89.76553424005695 0.35278 0.089014 0.3493583 1.0
748.4523658325669 -85.89990610100958 -0.049601 0.017739 0.30522934 1.0
763.7523419359021 -89.37873046049066 -0.251397 -0.340821 0.31330967 1.0
764.3749639598262 -89.22271248956292 0.002534 -0.279859 0.3134314 1.0
596.8725958211203 -58.86375001456703 -0.329729 -0.16982 0.22786675 1.0
629.3600617637752 -61.27294107877475 0.163988 -0.087 0.24422167 1.0
583.3608112765083 -60.02743202313393 -0.009513 -0.149061 0.21853644 1.0
727.4715185016271 -80.8240590141034 -0.150824 0.320873 0.29141706 1.0
586.6759453867231 -67.11473115648373 -0.172742 -0.347655 0.21527174 1.0
590.2672111964458 -69.81184437849922 -0.045374 0.158709 0.21612789 1.0
468.0176181247889 -54.84275384418105 0.046758 -0.013468 0.16133559 1.0
515.372151491443 -66.01322046714469 -0.215808 0.637269 0.20015258 1.0
778.6827527040354 -107.20166760589015 -0.242617 0.267538 0.34713322 1.0
757.2015320994226 -105.69320716683274 0.083571 -0.148505 0.33299753 1.0
463.8621203003534 -64.96897052141668 -0.047953 0.109784 0.17129642 1.0
460.873047757255 -64.4227738629139 0.100698 -0.345318 0.16981629 1.0
458.9723655467185 -58.463044103863034 0.109412 0.045451 0.17077896 1.0
545.9952224372897 -68.61707625253145 -0.117609 0.036171 0.21195285 1.0
545.6197281429761 -70.44859078224117 -0.066586 0.013145 0.21014571 1.0
522.719035455881 -68.28094204395016 -0.31813 0.085315 0.19884771 1.0
581.3875789523455 -77.16370168730009 -0.151686 -0.012171 0.22792521 1.0
762.9919709213958 -100.93239488352856 0.259755 -0.470297 0.33184212 1.0
589.6936436350675 -80.32393164933914 0.032258 -0.260713 0.22963527 1.0
798.0387777814142 -113.63452898720567 -0.286437 -0.125515 0.3486406 1.0
798.0793464114689 -113.35916520025542 -0.052719 0.13963 0.3484772 1.0
798.9962988237653 -101.04373215934235 -0.109032 -0.018716 0.35300562 1.0
478.377165233852 -62.74470947543708 -0.008006 -0.083629 0.17347696 1.0
793.7957476117439 -110.99165128209161 0.29683 -0.087061 0.33713856 1.0
594.0690476280724 -67.64308188086531 0.49937 -0.036463 0.23208953 1.0
771.7423320649654 -88.39412170238272 -0.157386 0.149513 0.33586323 1.0
476.15742100468776 -55.0634894552797 0.251983 -0.013367 0.1746215 1.0
485.0675272193145 -61.162557664038516 -0.636917 0.211044 0.17548051 1.0
528.0493785528586 -67.61994108847595 0.109539 0.185874 0.19428568 1.0
780.8014781561844 -103.27236178312829 0.033456 0.173114 0.32569182 1.0
780.5620992114935 -103.82416133165421 0.074556 -0.222973 0.32513013 1.0
589.6984818782798 -62.871615804606414 -0.193314 -0.176386 0.22938332 1.0
571.3422050296856 -68.59461808461026 0.25669 0.05505 0.21452291 1.0
501.02522869280784 -62.49505066289005 0.050434 0.000782 0.17889503 1.0
726.4372873366889 -93.22915777238539 -0.378483 -0.253696 0.2896423 1.0
592.740157557524 -72.95106252073909 0.207205 -0.06562 0.21810147 1.0
586.3942102653738 -73.22106667470607 -0.080431 0.131992 0.21457867 1.0
543.5798557082522 -68.83001718273462 -0.044661 0.01214 0.19436286 1.0
540.5996438255796 -67.70355218389672 -0.086646 0.011111 0.19233508 1.0
540.8460426831788 -67.64586786082093 0.120616 -0.004531 0.19237037 1.0
632.6754895074204 -78.71387628020743 -0.00239 0.215322 0.23583055 1.0
508.0993734272467 -66.62364230528866 0.210212 -0.309009 0.17743543 1.0
759.1894846020235 -97.5089105151932 0.102122 0.049491 0.32119218 1.0
759.6713601299172 -112.41205029267982 0.257498 -0.234304 0.3463307 1.0
757.1205894991666 -111.77332312053802 0.299311 0.075042 0.34028718 1.0
447.7182560999036 -61.83206304729537 -0.174543 -0.333986 0.16877688 1.0
572.0373170135448 -81.48505290266469 -0.307613 -0.093252 0.22976689 1.0
755.8135453789741 -106.0058490334629 0.059761 -0.342782 0.33848035 1.0
452.06221517148657 -63.831889333010345 -0.246081 0.301623 0.16905837 1.0
515.2617175467469 -74.46312117818448 0.096087 0.055829 0.19851547 1.0
440.7611994926102 -63.805548900701126 0.670972 0.437132 0.16327706 1.0
503.88031296980046 -71.67452977265812 -0.027167 0.628116 0.19542232 1.0
757.9913335252648 -109.1156198058281 -0.102461 -0.11219 0.33975896 1.0
452.47272637933406 -62.059962106321606 0.212976 -0.043938 0.17035575 1.0
452.56046455205615 -62.15323985348227 -0.256947 -0.083545 0.17041 1.0
457.3855445547297 -63.83966030437765 0.384854 0.587909 0.17147672 1.0
518.4334816413198 -72.7488430635612 -0.003747 -0.050948 0.1989303 1.0
457.1305682413179 -64.821497411898 -0.042775 -0.16354 0.17013334 1.0
457.81871605996537 -64.62493341657043 0.510427 -0.459375 0.16972205 1.0
459.65016330229145 -65.25423416044076 -0.243615 0.263017 0.17018959 1.0
458.53062211586996 -65.28864107804378 -0.488635 -0.559273 0.16977695 1.0
448.13590262985196 -56.46401680582848 -0.118052 0.150716 0.1674402 1.0
449.92273901228856 -57.19120411600313 -0.348999 -0.173412 0.1684083 1.0
449.54388568164893 -57.18419033540847 0.381842 0.522688 0.16817261 1.0
453.7811558998248 -59.77039675805326 0.407218 0.481344 0.1692853 1.0
520.9853991107175 -69.22457323856132 -0.013457 -0.150717 0.19882098 1.0
524.8575895193655 -71.07628641725793 -0.00581 0.00961 0.20042394 1.0
516.8166635534832 -69.64717989656472 0.059261 -0.072867 0.19664088 1.0
464.02118726294214 -63.32527089478879 -0.066895 0.152007 0.17076567 1.0
468.4250873809624 -61.07450279501187 -0.105952 -0.055989 0.17186666 1.0
527.1381334187549 -70.31262687638174 -0.165569 0.159793 0.19770105 1.0
534.7692718899748 -67.31218517226702 0.275761 0.07205 0.19936362 1.0
563.634079173101 -70.92764810301765 0.384961 0.066381 0.21351114 1.0
587.2566716962787 -75.99766479972982 0.098536 -0.053256 0.22973926 1.0
467.45521797750484 -60.28481473000062 0.135416 -0.087879 0.1718289 1.0
483.11907741715356 -59.10667202209242 -0.042225 -0.045302 0.1785739 1.0
462.7055371979713 -57.57849342029866 -0.090328 0.076536 0.17104395 1.0
808.2486756489366 -33.69541167446906 0.378091 -0.029218 0.3216927 1.0
634.5092971273 -26.945575239814357 -0.011846 0.161295 0.22919178 1.0
631.3219395765836 -26.680297358439454 0.53483 -0.08621 0.22751197 1.0
530.0495896224078 -23.62156697886865 0.18501 0.122519 0.1817549 1.0
643.3773424802661 -30.76401500669421 -0.012353 -0.039793 0.23226045 1.0
843.621256129488 -40.550747714657746 0.104927 0.198196 0.3401152 1.0
718.8981444381448 -34.54058907213036 -0.136685 0.085334 0.26971388 1.0
566.8432979918931 -33.0631639110834 0.107058 -0.098342 0.19450933 1.0
614.5940340606717 -40.061893204330104 -0.104222 0.046723 0.21450755 1.0
858.0307982564724 -55.10125782174829 0.0793 0.308922 0.34006193 1.0
604.3391899103898 -43.009056804066056 0.040901 0.094118 0.20868345 1.0
752.0117542260688 -53.870957491001406 -0.032336 -0.059125 0.28013968 1.0
598.8363103009461 -42.77559611969415 0.297304 0.183234 0.20619895 1.0
618.2968897277632 -44.36373150467341 0.130186 -0.094383 0.21484783 1.0
722.1531609623821 -52.22166588867203 -0.273059 -0.150788 0.26339278 1.0
631.5527757989147 -22.078570243114044 -0.20097 0.331103 0.22579114 1.0
622.2992966651358 -22.797465165782956 -0.288425 0.011223 0.2208573 1.0
753.6772156917764 -29.58672382987624 -0.156153 0.389558 0.2866346 1.0
700.0865892783704 -28.991014403922147 -0.20078 0.168989 0.25858468 1.0
712.7272717559416 -30.966225708223295 0.185848 -0.189967 0.26475152 1.0
812.6995677068649 -34.01836586511244 0.253449 -0.187715 0.31759107 1.0
727.5668679052344 -31.005368961806862 -0.093933 -0.056736 0.27090266 1.0
722.3106485391729 -32.84637163318188 0.717635 0.112297 0.26827103 1.0
863.8272311819035 -37.12293026870333 0.16688 -0.260702 0.34704387 1.0
623.8061119779579 -29.84126949846656 0.673418 0.379221 0.21997574 1.0
734.5333730433996 -35.09436546825093 0.059239 0.039433 0.27329394 1.0
578.3070565584338 -28.316274184691697 0.319942 -0.128519 0.19933854 1.0
731.3973040649352 -36.46098882709202 -0.657555 0.086138 0.2716484 1.0
731.0126128798323 -37.76272903201123 0.162088 0.209306 0.271282 1.0
887.9054457515367 -44.762774537078755 -0.161593 0.22624 0.35878092 1.0
849.5887695200353 -47.203294948752536 -0.091337 -0.091151 0.33510762 1.0
846.3754603864513 -47.07934257288462 0.008362 -0.214211 0.33313167 1.0
877.2893611474954 -47.88636964738627 -0.125975 0.538278 0.35002053 1.0
569.9800498179643 -31.24960003106497 -0.03043 -0.012459 0.19353369 1.0
853.1841919023052 -52.12241482122542 -0.132087 0.098784 0.3342001 1.0
616.6567064977295 -37.79953300970934 0.021695 0.08111 0.21327035 1.0
847.9367547875866 -51.67777386735206 -0.073111 0.154797 0.3309465 1.0
873.0911449473646 -53.36560300556553 -0.090277 -0.102591 0.34497872 1.0
587.8636981621188 -36.39581911978399 0.201114 0.311578 0.20049332 1.0
819.4421952014568 -53.0531519375865 0.124894 -0.129099 0.31361434 1.0
613.9604135192808 -41.887276244111256 0.058502 0.210825 0.21014519 1.0
646.5456008651518 -22.142268657521758 0.016706 -0.095232 0.22993429 1.0
633.9563179885107 -22.367044728803496 0.315098 0.462031 0.22419779 1.0
721.706120561128 -24.75171948254241 0.187156 -0.140536 0.26690254 1.0
635.8551506373228 -22.628957532387815 0.045345 0.440192 0.22516212 1.0
643.1602989663542 -23.21730119680594 -0.118116 -0.508322 0.22844131 1.0
721.9293090833305 -26.42702167767408 -0.08114 0.164176 0.2672736 1.0
641.1403811111196 -22.94950215275327 0.242364 0.387781 0.22673278 1.0
635.1690336234713 -24.413090839453783 -0.319829 0.157689 0.22388238 1.0
738.9984969486648 -30.442632165375525 0.010444 0.15843 0.27321175 1.0
872.9477982392115 -39.047928950269004 0.093764 0.219291 0.347403 1.0
853.7357721802656 -44.56959006159775 0.048032 0.179192 0.33302706 1.0
741.8182243531635 -40.1115058324319 0.008136 0.049719 0.26990077 1.0
887.1254193997361 -53.87750948651998 -0.119396 -0.29393 0.34857228 1.0
833.7616371385905 -29.44997052584332 -0.363158 -0.352539 0.3218004 1.0
612.4957055282897 -22.740100566176523 -0.783041 0.151942 0.21062419 1.0
834.2034828090773 -30.18136203474313 0.537511 -0.381249 0.32102805 1.0
742.2995393679018 -28.560083431104474 0.363644 -0.067253 0.2725303 1.0
666.4171553408408 -28.435115354739683 0.056318 -0.13079 0.23391886 1.0
679.7659679102533 -29.94299017626226 -0.124878 -0.34113 0.24011861 1.0
748.4954432109645 -33.44079511193299 0.455632 -0.023317 0.27294198 1.0
894.4159188046789 -44.631989146171634 0.510542 -0.319461 0.35081583 1.0
658.4677888482076 -36.41002298614948 -0.088295 0.289388 0.22641607 1.0
901.6425167479239 -51.53197278430735 0.089337 -0.111106 0.3537882 1.0
895.9273726991723 -52.13826794097257 -0.291375 0.345701 0.3503259 1.0
722.0931593263201 -20.79727200560467 -0.012735 0.317024 0.26027274 1.0
799.2860993124588 -24.98060991399771 0.530542 -0.426699 0.30043826 1.0
830.3662986759049 -26.416484869301676 -0.349904 -0.277928 0.3164816 1.0
864.9950627875138 -30.726100223333912 0.40927 -0.270978 0.33323282 1.0
611.1975379791127 -23.377308835211323 0.078943 0.083002 0.20681617 1.0
883.64974843323 -36.630005433044104 0.188067 -0.088088 0.3423907 1.0
878.3590497353927 -37.504007340422454 -0.249429 0.172979 0.33916378 1.0
661.3522918748421 -32.26900639529581 -0.370583 -0.032945 0.22732861 1.0
902.2245147779245 -43.735747459931225 0.213015 0.321696 0.34965363 1.0
865.3682471150726 -27.210125498594465 0.630732 -0.06619 0.33182198 1.0
839.9010990426659 -28.63471754744281 -0.399041 0.361342 0.3163061 1.0
820.5011125375614 -31.55226018184479 -0.148972 0.152078 0.30433038 1.0
852.9629086157925 -31.959572454399655 -0.020669 -0.068518 0.32042187 1.0
816.690345083544 -30.851813491005856 -0.216926 -0.215394 0.30156168 1.0
687.2479844860068 -30.29875878458131 0.309133 -0.045801 0.23604132 1.0
661.81816795722 -58.09921099083222 0.07843 0.025015 0.26227027 1.0
655.6100548943908 -52.70515216408815 0.114864 -0.04136 0.2571513 1.0
603.4839239652126 -54.26090300753796 0.389013 -0.047402 0.22755988 1.0
732.91162829881 -70.03207089291001 0.231221 -0.072521 0.29274386 1.0
647.8235251765387 -62.53813613157379 -0.027297 -0.067855 0.24647962 1.0
831.0948570642129 -81.32637827616759 -0.243318 0.125475 0.3498279 1.0
831.8624461541347 -82.48072559269485 0.726195 -0.563253 0.35039756 1.0
740.7361471083584 -74.58683928853986 0.03265 0.636492 0.2948182 1.0
745.845939549371 -76.38932892661191 -0.494784 -0.113022 0.29680276 1.0
638.3755075521109 -68.64888418746483 0.21414 0.219639 0.23755512 1.0
717.7188754767295 -77.28559447107214 -0.362584 0.28073 0.27807796 1.0
768.6746940565848 -84.00462300890628 0.380029 0.075477 0.3054882 1.0
774.300907281858 -85.6504865568014 0.30459 -0.432225 0.30764374 1.0
574.2784457615113 -65.21555411548809 0.015187 -0.080906 0.2032698 1.0
695.4428457498433 -81.18751336417024 -0.086015 -0.141889 0.2622129 1.0
670.5921344042682 -50.268010901892616 -0.109462 -0.087557 0.2629086 1.0
835.2779257181955 -70.35414969084448 0.158171 0.229263 0.35737282 1.0
510.9521442280129 -44.36297211233658 0.662348 -0.462082 0.1818971 1.0
735.520270406068 -62.63440724944833 -0.225498 0.140033 0.2933839 1.0
574.6945233857884 -50.12214650340946 -0.129358 0.345482 0.20914054 1.0
737.9766558677294 -67.62891983819392 -0.033671 0.060207 0.29255304 1.0
833.8806187673242 -78.8686389575656 -0.24469 0.13518 0.34881565 1.0
702.8757690010026 -66.41156311790245 -0.345045 0.056989 0.2708332 1.0
798.655057218876 -81.49436949437538 -0.136463 0.890508 0.32184425 1.0
770.412051842388 -83.91616589173923 0.213358 0.226405 0.30150893 1.0
542.7048366905299 -52.8348731860951 0.16215 -0.203519 0.19458045 1.0
739.0514806692752 -71.59739424602304 0.373968 0.627183 0.29433727 1.0
716.2781410540707 -75.11158441444135 0.090164 0.747757 0.27746353 1.0
760.4734169378479 -80.57515029498867 0.174476 -0.471629 0.30187446 1.0
771.4228682355047 -83.40465729203038 -0.15598 -0.263935 0.30697435 1.0
798.2838915540898 -58.03308749558335 -0.039868 0.025688 0.33548954 1.0
635.1667629347058 -48.60940955334051 -0.201773 -0.230443 0.2415195 1.0
577.9890879139533 -50.50532573784203 -0.256856 0.611531 0.21029551 1.0
611.6211670897952 -56.79977423746434 -0.164724 0.537115 0.2240375 1.0
737.3342251679678 -68.48465969477202 -0.524668 0.299399 0.28827417 1.0
713.1109295229846 -65.49845028877802 0.129395 -0.014548 0.27496982 1.0
738.9762173789466 -68.65066204086891 -0.134757 -0.085059 0.28922004 1.0
703.2911998044268 -48.266134606588224 0.259562 -0.234894 0.2768359 1.0
703.4179434234181 -48.27117878071739 -0.050913 -0.123488 0.27662644 1.0
647.8999630111335 -47.76029252775567 0.107284 0.115396 0.24459858 1.0
750.7544788633494 -57.53587349194937 -0.26006 0.422739 0.29888958 1.0
639.9194456533869 -48.35961936371496 0.298928 -0.166869 0.23897551 1.0
745.7656340190154 -57.91694032297453 0.313138 -0.190248 0.2961978 1.0
816.9576222251009 -64.56638589550303 0.468593 -0.276692 0.3369969 1.0
706.6572841206578 -55.58928819700792 -0.343047 0.281967 0.27313963 1.0
579.379010533354 -46.39078841637699 0.197597 -0.017338 0.20926419 1.0
818.6044395659765 -64.18131266385679 -0.026857 0.129088 0.33678043 1.0
821.8848341802554 -64.93838647036817 -0.191816 -0.095746 0.33918303 1.0
818.3765255237128 -65.25005532858309 -0.402962 -0.124147 0.3369931 1.0
816.998464358669 -64.58046569148667 0.289145 -0.293935 0.33559918 1.0
759.2094389715343 -62.81019105798909 -0.068377 0.426492 0.3006575 1.0
628.8035995489578 -50.72630946643474 -0.546677 0.027883 0.23168604 1.0
758.8410435477816 -62.2565982189301 -0.320331 -0.419193 0.30050197 1.0
809.3206090470964 -65.88207380745223 0.055263 0.006199 0.33007202 1.0
766.8076865327316 -64.58138514681512 -0.215833 -0.501669 0.3024365 1.0
643.1122542488982 -56.418584261182424 -0.090232 -0.014448 0.23649754 1.0
844.0469331182069 -41.12314796494931 0.413038 -0.194835 0.34134823 1.0
630.1468047539287 -24.89411354419304 0.168784 -0.230311 0.22558339 1.0
613.9020558834683 -43.354211150255665 -0.194191 -0.061101 0.21185614 1.0
711.3120872560361 -50.174856060520526 0.349497 0.274488 0.25710416 1.0
707.7242565407693 -50.218137826063334 0.284754 -0.160281 0.25553966 1.0
711.4115522111015 -52.41051584697018 -0.440026 0.065069 0.25692797 1.0
631.6692954911632 -23.057119033663895 -0.871659 -0.172716 0.22493917 1.0
633.4718196302905 -22.76682149318236 -0.035394 0.145296 0.22490485 1.0
732.0487369833055 -32.01205508241676 -0.236694 0.554398 0.27225858 1.0
874.9159800599557 -37.9408145090539 0.050431 0.657966 0.351565 1.0
720.3689977444462 -31.15944156854178 0.401419 -0.347241 0.26512748 1.0
727.4110469712796 -32.849674916187325 0.032055 -0.015588 0.26860374 1.0
644.8568736407416 -32.94059638061014 -0.252991 0.0348 0.22689138 1.0
872.848957116044 -44.98123323622727 0.419875 0.371877 0.34724697 1.0
885.0233920913051 -48.834203240007014 0.005463 -0.022799 0.3532308 1.0
887.8197055583108 -49.20183781857815 -0.518345 -0.444242 0.3545219 1.0
850.7911200690389 -48.14592960496944 0.001101 -0.262656 0.33234137 1.0
694.2333311646319 -45.715296580327845 0.22313 -0.02829 0.24619709 1.0
870.8819828048556 -28.647696600857245 0.622473 -0.13979 0.3468166 1.0
728.4695809338679 -25.235797071604697 0.861619 -0.087643 0.2680596 1.0
874.0732677339557 -29.970476295802566 -0.253047 0.031653 0.34873712 1.0
870.269290835668 -30.066842587608715 -0.299689 0.282833 0.3464063 1.0
745.883216207608 -29.24470654347386 0.064054 -0.661385 0.27450112 1.0
755.7778123807367 -38.82931628926604 -0.197833 -0.006974 0.277736 1.0
767.268140054246 -39.83484693827862 0.384152 0.170858 0.28275165 1.0
745.2011068722771 -40.33258047461181 0.132345 0.190635 0.27131355 1.0
837.6590398951942 -45.433843719976636 -0.506712 0.050343 0.3185462 1.0
639.1018665481031 -20.400902154508074 0.001395 -0.059613 0.22249073 1.0
765.0152761598654 -29.958345911649158 -0.039434 0.277226 0.28098 1.0
770.8381411760739 -34.09433375914736 -0.358274 0.158687 0.28303298 1.0
877.3737594504863 -38.71194254386254 0.188924 -0.057713 0.3398558 1.0
876.8716034173508 -41.146505952084425 -0.377381 -0.33147 0.34072542 1.0
766.3902337201978 -36.393706794890605 0.309568 0.174976 0.27915686 1.0
704.425970433412 -33.891725776186576 -0.128726 0.151656 0.24811551 1.0
659.7257794495996 -34.012816435645014 -0.166986 0.558925 0.22716014 1.0
760.4199135872407 -25.52638915501895 -0.048363 0.269153 0.2758159 1.0
802.3998484627531 -29.895846603962482 0.244605 0.266845 0.29647955 1.0
859.0444432986071 -32.166331839909375 0.024453 -0.325772 0.32683492 1.0
812.2686292008685 -32.24184594032965 -0.007335 0.196969 0.30133578 1.0
904.5321518468402 -36.78019723736734 -0.155477 -0.327707 0.35308743 1.0
847.3105898831129 -36.235917360056966 0.019184 -0.270916 0.3188108 1.0
849.9142441159479 -38.40710231888204 0.460712 -0.359608 0.32067356 1.0
782.077609777968 -62.80816330589029 -0.080257 -0.139289 0.31685606 1.0
706.4757917291886 -58.265767462932274 0.659681 -0.182416 0.27374157 1.0
756.5628809343555 -63.99292300108101 -0.08172 -0.315708 0.29927754 1.0
576.5849166484377 -50.209401430855976 -0.097537 0.30729 0.20746796 1.0
811.8092954775849 -73.86576350959628 0.444643 -0.275892 0.3283851 1.0
812.2794534920768 -73.99722371708899 -0.201488 -0.035671 0.32906362 1.0
802.0916281472389 -82.33416606521801 -0.156898 0.241357 0.31710976 1.0
727.981564584965 -48.800074086971186 -0.013703 -0.224882 0.28886315 1.0
754.5145431650448 -38.49259732740146 -0.24984 -0.230598 0.27353764 1.0
894.9566575357308 -45.14926847275686 0.222104 -0.325133 0.35068378 1.0
843.9929760803667 -54.290868002124064 0.037446 0.109403 0.35615018 1.0
752.883865143088 -55.31062094208745 -0.048608 -0.281105 0.2964026 1.0
585.4206302978025 -42.49584860321189 0.171823 0.095206 0.2101985 1.0
659.0818836879345 -49.86688904929901 0.493641 -0.3392 0.24502137 1.0
625.7259349405392 -47.12164377980858 -0.25105 0.015523 0.2278856 1.0
819.6692259816421 -64.85064922569688 0.012784 0.065738 0.33214515 1.0
820.4922158748204 -65.16699405957527 0.112898 0.026912 0.33271062 1.0
816.6200023558897 -69.92768470863615 0.023771 0.104865 0.32601053 1.0
731.7986311601061 -38.899011710670436 0.060288 -0.234606 0.28628963 1.0
706.923340884596 -38.44087650293115 -0.008413 0.33308 0.27303818 1.0
714.0676129422732 -40.83044684488568 -0.13164 -0.54363 0.27583084 1.0
823.8075567833503 -46.453018190292305 0.828293 -0.144124 0.33847535 1.0
715.4066133578172 -41.315948197671595 0.046524 0.054823 0.27612278 1.0
543.4425788779016 -31.12191461815119 0.015569 -0.140409 0.19182831 1.0
750.031242980088 -49.926476995119216 0.889978 0.018442 0.2920023 1.0
822.1391049453853 -56.337353135215466 -0.090696 -0.195779 0.3338705 1.0
827.7218692165103 -57.02722215807804 0.052451 -0.332535 0.33459157 1.0
826.6986802523019 -60.0787346987281 -0.103675 -0.172366 0.33314165 1.0
839.9375897437592 -63.54447694024989 -0.571767 -0.14697 0.34074926 1.0
788.4923232045236 -59.947057709469675 0.005951 -0.05792 0.3085741 1.0
866.9783172434136 -71.76887307806531 -0.066164 0.20305 0.351784 1.0
609.1665748095139 -51.32824397499367 0.620574 -0.632445 0.21406196 1.0
660.2333505307062 -59.286420499437824 -0.404403 -0.388864 0.23773286 1.0
724.4082451717398 -64.91742368791198 -0.463099 0.112547 0.2686653 1.0
597.934320864141 -30.434624511229458 -0.14719 0.186848 0.21595834 1.0
855.2901941686538 -48.50060916923633 0.142135 0.197604 0.3537107 1.0
859.0683877314185 -56.44062276370059 0.402375 0.257361 0.3504421 1.0
832.6974426383667 -56.92455210041045 -0.036099 -0.007443 0.33211532 1.0
832.9001502076868 -57.64994456340572 -0.062998 -0.002031 0.33296514 1.0
827.6968011359198 -60.6412054542605 0.093036 0.267039 0.32829213 1.0
697.1203098557236 -51.75797917503428 -0.33644 -0.325593 0.25600216 1.0
793.2648260876528 -60.482345201513226 -0.165263 -0.09699 0.306019 1.0
726.4416295075059 -58.602183174621594 0.348713 -0.083442 0.26816994 1.0
613.5101308629801 -26.421564693617505 0.210833 -0.236838 0.22119074 1.0
842.0183334944446 -37.96812671179513 -0.263358 0.04749 0.34557968 1.0
613.3087847491912 -27.78136268544623 -0.218322 -0.013092 0.22078472 1.0
832.0022813519971 -39.333766531273874 -0.014102 -0.088935 0.337424 1.0
717.0629194299668 -33.90585891733564 -0.023714 -0.022997 0.27070278 1.0
829.1244363660978 -40.83517426300631 0.094405 -0.383958 0.3352851 1.0
718.2816973852518 -35.428159392418074 0.042984 0.071103 0.27125633 1.0
642.3218005787918 -32.73386296480672 0.104979 0.073301 0.23376808 1.0
834.1331252870817 -46.64416983579914 0.004795 0.157902 0.33479142 1.0
838.0519547536458 -47.16006908718725 0.370166 -0.079446 0.3369637 1.0
870.6156883761281 -49.28295539977319 -0.277968 -0.237114 0.3566581 1.0
560.0820024147862 -32.674206940239365 -0.817144 -0.195221 0.19265738 1.0
563.2736060237057 -33.1903305729426 0.180571 0.457883 0.19422111 1.0
840.6304605599144 -54.527505706537845 -0.152733 0.191966 0.33270913 1.0
839.3937163899772 -54.275498215378256 0.035645 -0.077285 0.3317777 1.0
735.872695738639 -54.368339331168755 -0.085397 -0.19988 0.27189308 1.0
723.2952607074575 -53.80433012220253 -0.069636 -0.016107 0.265466 1.0
822.9122232265725 -61.22246419649341 0.583142 0.087228 0.31847957 1.0
621.5312495842752 -25.35617364419103 -0.109512 -0.324873 0.22212951 1.0
693.129816493225 -28.71541550884314 -0.590005 -0.171622 0.2568642 1.0
691.6471705435661 -30.43579706669361 0.438435 0.001248 0.25529626 1.0
647.309026027848 -29.994178739502132 -0.485178 -0.257414 0.23352447 1.0
841.7994128663825 -39.43605485361302 0.01869 0.069268 0.33804572 1.0
848.1844101463855 -39.44312945723284 -0.337203 0.022929 0.34061852 1.0
720.6003323687933 -32.46715169857075 0.475815 0.051605 0.26869687 1.0
644.7952644503165 -30.186897364723503 0.05924 -0.039462 0.2318473 1.0
730.4980782312001 -33.16486386535872 -0.266105 -0.374052 0.27375636 1.0
642.1907823283485 -31.755181435470853 0.557695 -0.288275 0.2302733 1.0
880.5970120596273 -43.372093777231285 -0.193955 0.060988 0.35949072 1.0
704.2451692258721 -34.9893625284479 -0.253416 -0.578308 0.25897887 1.0
739.3190967628532 -40.134241730071764 0.093419 -0.215279 0.27533254 1.0
567.9356491748716 -33.770353831519834 0.17435 -0.368341 0.19334221 1.0
826.7155011720921 -49.32073650600789 -0.030788 0.027415 0.32200113 1.0
864.3538929918109 -51.891896441368985 0.12672 0.090899 0.34281784 1.0
864.1147622805446 -52.29197265374966 -0.356118 0.594456 0.3430715 1.0
566.3585024182381 -50.72403141811519 0.148487 -0.292547 0.20810314 1.0
803.5641330809023 -78.92892507471001 0.111286 0.552656 0.32888967 1.0
634.3664421273504 -63.55246510971835 0.018275 0.045251 0.23652636 1.0
635.7077634166939 -65.34889468243473 0.590684 -0.195431 0.23638257 1.0
765.675924595862 -78.27649445001653 0.110946 -0.282946 0.30466673 1.0
758.8993656331813 -78.7724179337724 0.208831 -0.125108 0.30127102 1.0
766.2876523813796 -79.48391618366452 0.089656 0.619779 0.30477664 1.0
759.6516822564158 -79.19139978649945 -0.224286 0.41478 0.3010748 1.0
771.095919472669 -82.15534831474116 -0.470821 0.515644 0.30380008 1.0
549.496348596876 -60.983055089735764 0.049119 0.075459 0.1921576 1.0
796.3569114255159 -60.368814185760094 0.36948 -0.022162 0.33444384 1.0
760.2546780246823 -76.32378977293479 0.644579 -0.085678 0.2972767 1.0
714.534188565373 -72.7915135159419 0.19593 -0.094768 0.27036685 1.0
588.6655778820242 -41.192085167755664 -0.142835 0.205947 0.21486278 1.0
655.1690053958122 -46.41479111977569 -0.703139 0.154814 0.24782045 1.0
647.2026866570709 -46.196337960347286 -0.117655 0.209347 0.24166425 1.0
752.5694872665944 -57.039436024930666 0.126269 0.673567 0.29732338 1.0
846.6379730016507 -63.01292207625331 -0.497323 0.146045 0.3540424 1.0
815.1898364977633 -62.714753467832764 -0.272138 -0.317242 0.33398438 1.0
818.5750037471258 -62.081112846047844 -0.018313 0.22283 0.33489618 1.0
816.9249300463619 -63.21845610005719 -0.093428 0.128633 0.33458114 1.0
813.9298563389722 -62.493329765218846 -0.102031 0.397983 0.33292142 1.0
819.2532012443248 -66.34386457739697 0.111076 0.010566 0.33252814 1.0
767.4499759500301 -63.93945539196916 0.186734 0.120882 0.3029465 1.0
597.6955246665298 -52.99788308397737 -0.333881 -0.395847 0.21271159 1.0
648.5388801682761 -58.09551013557262 -0.271784 0.185468 0.23691425 1.0
719.8590666289904 -67.4334565314348 -0.032434 -0.197835 0.27121213 1.0
637.7437026275475 -64.25684548766259 -0.248138 0.134516 0.22950035 1.0
814.5701346274238 -80.8063989024786 0.109479 0.160614 0.32125774 1.0
807.7603622760446 -79.4544441752384 0.743617 -0.287051 0.31777674 1.0
713.0797256489158 -42.538305908534426 0.058311 0.184113 0.27700764 1.0
538.6872991793839 -34.94775666580257 -0.321816 -0.428673 0.19011109 1.0
757.7277952956401 -54.47135903997889 0.133441 -0.006592 0.29657885 1.0
658.845042836913 -46.908028326972506 0.435176 0.55442 0.24450287 1.0
575.6937129984253 -42.62244598413538 0.118728 0.228043 0.20470287 1.0
844.70348235025 -62.06631754566048 0.106675 0.001803 0.34681755 1.0
845.6916772911956 -62.152991007367014 0.083974 0.217791 0.3474425 1.0
552.5724147684879 -41.300388739162 0.226296 0.085937 0.19279699 1.0
722.1232059455842 -55.347863635290096 -0.005105 0.283256 0.27441585 1.0
597.4316239118679 -46.52105336012163 0.042269 0.168559 0.21257153 1.0
617.79800350257 -50.57440212677683 -0.253188 -0.040647 0.22186255 1.0
597.3008191822419 -50.76097305146638 0.197243 -0.013989 0.21020688 1.0
537.7716119446135 -47.21797494083573 0.140282 0.745968 0.18344545 1.0
661.4557559822272 -61.416904014870134 -0.025199 -0.09132 0.23846225 1.0
822.3817431144599 -43.69911471014251 0.05725 0.191896 0.33635724 1.0
759.0658454427634 -48.57179910685758 0.032515 0.097925 0.2938714 1.0
756.0749071905051 -49.17219911721935 0.795672 -0.249544 0.292673 1.0
573.4673418766112 -39.70864841780351 -0.324447 -0.165306 0.20161115 1.0
832.9031003414761 -61.34511029415868 -0.397574 -0.54419 0.33461735 1.0
825.9853026025576 -60.23397408287072 0.109343 0.000129 0.33034703 1.0
827.7787451748112 -61.74057014944462 -0.66745 -0.220193 0.33080113 1.0
847.1132129612279 -62.78710100473926 -0.071982 0.405011 0.34154692 1.0
815.9628391156837 -62.202980714907234 0.061214 -0.021125 0.32181215 1.0
850.0942059555841 -64.90188093817217 0.019788 -0.237547 0.3431278 1.0
605.6352905554012 -46.62354454131659 0.558624 -0.478303 0.21362604 1.0
601.4602697879541 -47.921828807483195 0.098493 -0.241493 0.21043989 1.0
612.301564011711 -52.91590070019891 0.294402 0.128414 0.21428266 1.0
735.6286021099079 -34.8298409536375 -0.310892 0.383896 0.28461087 1.0
839.7137417992194 -38.72436244033852 0.658851 -0.010578 0.34443098 1.0
711.3556994266876 -34.33695915774485 0.059328 0.098257 0.26995376 1.0
852.2022973835263 -43.72330036688305 0.012873 0.802958 0.34959412 1.0
726.7250633413117 -38.87708117080541 -0.176048 0.032134 0.27706048 1.0
831.1075202335368 -45.491187460901756 -0.404001 -0.162349 0.33640638 1.0
836.5473945683078 -52.630272043578124 0.291662 -0.090339 0.3332973 1.0
829.4145248382754 -60.94776546520597 -0.110001 -0.479868 0.32557404 1.0
855.7816503944972 -66.92010240865929 0.112072 -0.728685 0.33723855 1.0
531.2133845570881 -22.96411025264902 -0.181138 0.129022 0.18273981 1.0
638.1089895873555 -26.912534633488146 0.292772 0.196455 0.23096086 1.0
619.8405209447563 -29.180528380678155 -0.117321 0.288653 0.22129679 1.0
721.2257084529743 -35.14368912034749 0.19849 0.082504 0.2712444 1.0
840.4460434809563 -40.17736250902253 -0.363564 -0.154362 0.33813983 1.0
825.4596086800829 -53.67327946438112 0.183406 0.091078 0.3218602 1.0
717.3471933948923 -49.73913211810056 0.277146 -0.563404 0.26319563 1.0
611.2716508298878 -43.57666902248315 -0.204268 0.043936 0.21157494 1.0
611.7950829589039 -44.28463807121229 0.385688 0.01034 0.21114784 1.0
606.8710279433179 -43.81732211636411 -0.074991 0.289486 0.20884825 1.0
606.8762764214863 -43.68114033572194 -0.127559 0.134907 0.20896095 1.0
715.218915450724 -52.21576309201859 -0.201509 -0.072263 0.25950554 1.0
605.0348289308706 -46.139884337750445 0.655463 0.372194 0.20821172 1.0
604.4124319174124 -45.518866118351234 0.01272 -0.161605 0.20788983 1.0
624.8133740024288 -22.126375245097144 -0.154813 -0.006411 0.22314045 1.0
849.0314874760197 -35.425787809087666 -0.332956 0.011795 0.33890027 1.0
724.0047733330415 -30.879738664589027 0.02956 -0.257707 0.26905432 1.0
723.1208019617591 -33.34602558403321 -0.006967 0.044201 0.26885465 1.0
625.1190730151783 -29.353483647293636 -0.036875 0.127863 0.22034031 1.0
577.9130443214262 -28.31158450921541 0.070497 -0.054604 0.19923016 1.0
628.0796328460514 -31.353053625056226 0.032088 -0.066626 0.22142889 1.0
727.8890761839308 -34.77853443171709 -0.41826 -0.534313 0.26978973 1.0
587.9250536224064 -29.688218413251093 0.867991 -0.182508 0.20232555 1.0
586.8391142635169 -31.915129922244972 0.120299 0.125828 0.20209762 1.0
881.413269268377 -54.85838296651422 -0.181404 -0.431838 0.34919873 1.0
584.5153399239315 -38.00637257540975 -0.098642 -0.156707 0.19841146 1.0
615.8040732595141 -41.075923387068826 0.151325 0.234178 0.21187134 1.0
558.0184200388433 -21.150602301818665 0.136632 -0.396784 0.18906339 1.0
857.1490049463744 -35.422812437827965 0.095263 -0.055191 0.33862805 1.0
584.1526044356882 -25.097089515814 -0.499133 0.176634 0.19979498 1.0
876.1168881935255 -39.364685500729664 -0.191766 0.321014 0.3478425 1.0
742.7120010425173 -40.43450080310704 0.154153 -0.279641 0.27055642 1.0
871.0514208788453 -29.452912541300662 0.293094 -0.127797 0.3458708 1.0
837.9174136934732 -32.09854212785119 -0.057107 -0.133601 0.3228566 1.0
873.2784543145708 -43.5831926190465 0.194585 0.004889 0.33915156 1.0
563.7083551712194 -16.933000958110743 0.039744 -0.104554 0.18844882 1.0
611.3476859806041 -17.935159407556142 0.345684 -0.063092 0.2083279 1.0
872.8436764475338 -27.99446889192857 0.073224 -0.044621 0.34162292 1.0
869.0074759081803 -27.873780034405133 0.088771 0.184969 0.33914706 1.0
862.555062131351 -30.960744070690428 0.290221 0.147209 0.33344936 1.0
677.7343759609622 -32.01302018012255 0.277503 0.247541 0.23479341 1.0
843.2965391828585 -38.33087493342644 0.365173 -0.13091 0.31719023 1.0
900.6934102137777 -44.4048144747214 -0.174048 -0.045488 0.35084602 1.0
563.0848711963571 -19.411992900352686 -0.181998 -0.040129 0.18439038 1.0
818.6891574724506 -31.015698660421645 0.180284 0.222428 0.30262294 1.0
569.9552427640915 -49.86257520402383 -0.102739 0.120298 0.21073392 1.0
748.7985493944335 -67.18279075647645 -0.238605 -0.445963 0.30420512 1.0
567.1124350851723 -51.95890266858017 -0.184886 -0.087104 0.20853625 1.0
510.7329298073472 -48.792164929187976 -0.03995 -0.177894 0.18119624 1.0
589.3776694421375 -60.31032293673058 -0.038486 0.03554 0.21604328 1.0
518.0500620197222 -52.32803046674006 -0.012182 0.090534 0.18296903 1.0
583.9063739016146 -64.17195347553059 -0.41235 -0.274269 0.20974864 1.0
529.0750511672744 -60.542433043166106 -0.018696 0.656014 0.18433268 1.0
548.7751015200674 -62.897013909407015 0.051479 -0.017318 0.19261591 1.0
643.5174910918988 -49.18517441392 0.161594 -0.019816 0.24768582 1.0
706.9134526152677 -60.24862196284986 -0.044731 -0.089274 0.2792673 1.0
568.7417752522849 -49.7874052802281 -0.100599 -0.259804 0.20676601 1.0
572.670034955224 -49.937288402658034 -0.003718 -0.089291 0.20819195 1.0
574.1620277919895 -50.41851203256557 0.212226 -0.108979 0.20899236 1.0
544.6803690736995 -48.58980587785088 -0.167095 0.26773 0.19552863 1.0
509.2767480495741 -52.38947976292662 -0.033393 0.016143 0.175591 1.0
509.7017217896886 -53.07549608405306 -0.166936 -0.154337 0.17507018 1.0
540.0993561739391 -52.479286484508776 -0.002432 0.021338 0.19340727 1.0
516.2620186246019 -52.66661349132937 -0.176707 0.340961 0.18151 1.0
765.9319249266323 -80.83891416149757 0.066894 -0.193166 0.30471444 1.0
760.3741887770467 -80.88945712640961 0.046589 0.152891 0.30173603 1.0
516.0603576998564 -55.63318500151029 -0.114592 0.03821 0.17964183 1.0
543.836942480101 -58.97418706845813 0.0322 0.069749 0.19189982 1.0
498.41785678716315 -35.997675538606465 -0.085282 -0.18109 0.17854518 1.0
708.5337212436498 -52.024841935916314 0.20348 0.62024 0.28307125 1.0
802.3727509065003 -58.04356048697568 -0.151681 -0.084908 0.33672976 1.0
639.0552138100215 -48.88218108444388 -0.065392 0.193853 0.24350879 1.0
742.4488062715944 -56.24754101080649 0.034539 -0.086619 0.29879797 1.0
834.0019842180432 -67.83148023690721 -0.17317 0.098882 0.35338208 1.0
574.0595364148793 -49.326674586676944 -0.068728 0.06446 0.20822358 1.0
559.6308144518129 -48.85415159277756 0.004783 0.040561 0.20145686 1.0
579.0077035145564 -49.71562212502254 0.015569 -0.20434 0.20979162 1.0
739.5089168153751 -65.60288886589208 -0.652791 0.350683 0.29222876 1.0
477.76571122713017 -31.6600098477577 -0.069551 -0.076174 0.16735253 1.0
704.1292239239012 -47.67242448886586 0.077163 -0.065575 0.2775721 1.0
723.3358120400388 -49.96900591744168 -0.262641 -0.090783 0.2867667 1.0
531.2067031822874 -38.302738657494466 0.015631 0.059058 0.19022867 1.0
463.9826674957222 -32.58071351290802 0.210442 0.024769 0.16041413 1.0
580.8850972092168 -43.80116598798836 -0.123273 0.028794 0.21032406 1.0
583.421863803905 -44.69599925542733 0.044348 0.062368 0.21155103 1.0
818.6473923133863 -64.7518692054936 0.211721 0.223373 0.337887 1.0
574.802806596635 -46.114880785654265 -0.210483 0.219507 0.20740286 1.0
580.8143795107735 -46.993656428715205 0.177767 -0.091446 0.21009304 1.0
592.1658043817193 -48.01053508072929 -0.13435 -0.041415 0.21413249 1.0
592.9776669457013 -51.472938259351245 0.182302 -0.121763 0.21408577 1.0
715.7113975053054 -65.49605137972276 -0.191808 -0.31115 0.27339324 1.0
544.5489017172606 -50.55864692880835 0.290695 -0.207304 0.18899065 1.0
548.557223526905 -51.81705834644811 -0.430586 0.113751 0.19060546 1.0
581.1767705169617 -55.84814935444829 0.261569 -0.204362 0.20438957 1.0
684.0552413914967 -66.6931046220257 0.424044 0.143519 0.25420773 1.0
509.80770559879574 -50.08095575996594 0.053275 0.235163 0.1739407 1.0
701.8973309299616 -25.94359678093862 0.062255 0.143653 0.2613535 1.0
512.5249046476274 -29.924022289876238 -0.040396 0.062563 0.17116396 1.0
612.6611126211574 -42.53771049580448 -0.39758 -0.132852 0.2114752 1.0
714.5552285628235 -50.73250292528698 -0.041068 0.088027 0.25874445 1.0
716.8800101734369 -24.939054604278127 -0.018994 -0.15277 0.26632425 1.0
627.8957424727206 -22.894155995994012 0.108053 0.10839 0.22331163 1.0
710.8608609629478 -24.90218030563689 0.086833 -0.269728 0.26267958 1.0
669.4084663725025 -24.504312376965878 0.164011 -0.162119 0.24202792 1.0
865.0983881651957 -37.530748430094526 -0.062646 0.023309 0.34666735 1.0
586.957637220806 -27.136522473475807 0.214958 0.32668 0.20124587 1.0
848.647144624599 -43.08053948730951 0.200135 -0.106765 0.33388472 1.0
520.5419823718076 -30.0956397477316 -0.386732 -0.365343 0.17106044 1.0
619.2099567817285 -37.79172276864332 0.509588 -0.064927 0.21279606 1.0
871.2376443416273 -31.902033851878006 0.551109 0.488992 0.34780422 1.0
853.9898277109861 -39.03791489028606 -0.218997 0.027905 0.33369315 1.0
742.5523785558004 -36.000390473548784 0.037352 -0.350395 0.27154425 1.0
752.8751079294979 -38.56024809666371 0.074787 -0.103948 0.2742983 1.0
896.2238076321305 -52.598647927251086 0.316323 -0.115247 0.35095584 1.0
604.1279178064657 -25.808913488975538 0.050446 -0.24997 0.20472729 1.0
876.3893698742665 -43.34776186354935 -0.662572 0.389666 0.3388155 1.0
579.459697408148 -29.350896356641137 -0.032752 -0.081428 0.19204392 1.0
866.0846878694757 -26.892381319930816 0.122729 0.176917 0.33267882 1.0
602.7115939946306 -20.060160025433987 0.005369 -0.10137 0.20226528 1.0
583.7153252912583 -19.909261757841623 0.010547 0.129094 0.19410866 1.0
699.7593248870043 -26.67752640476024 0.031808 0.026891 0.24452025 1.0
586.3691073080932 -24.816402086067683 -0.666647 0.110605 0.19397086 1.0
502.4467147020902 -21.541432945202548 -0.042473 0.407298 0.16015048 1.0
586.9958580988664 -24.78568025683158 -0.403823 0.09655 0.19356094 1.0
844.5943324491698 -38.077216278544235 -0.162961 0.049483 0.31698146 1.0
629.7388250083454 -60.191150472861715 0.030753 0.132968 0.23311955 1.0
702.7255856721481 -50.00282670500497 -0.029921 -0.043287 0.27669963 1.0
836.7546346686781 -58.681189715191856 0.127904 -0.21573 0.3579322 1.0
676.7275472641635 -48.678101515593426 0.051466 -0.040738 0.2615944 1.0
470.59549799113466 -39.03034736740756 0.024217 -0.04708 0.16239591 1.0
478.60604305751605 -39.04730009085074 -0.160852 -0.360435 0.1650327 1.0
574.7882859105396 -48.14383604797514 0.092193 -0.232239 0.20793071 1.0
516.2124479221037 -44.36419276265855 -0.061786 -0.049224 0.18086842 1.0
579.3484060769031 -49.97043155943607 0.037349 -0.074895 0.20891641 1.0
757.8964133134812 -65.67744469591551 0.224009 -0.080279 0.29946738 1.0
816.758047034549 -74.58348370450598 -0.103636 0.323814 0.3316383 1.0
522.140273187468 -48.62419149109244 0.115479 0.163283 0.1812798 1.0
534.0423913945627 -50.33853157503536 -0.371587 -0.09504 0.18557663 1.0
595.405073926264 -56.7592227569424 0.036199 -0.046163 0.21255276 1.0
533.5197641744337 -52.819266425516254 -0.213299 -0.062757 0.18465175 1.0
579.2574877289785 -57.433403177765626 -0.10868 -0.023117 0.20405714 1.0
719.3403665309736 -72.22894699157143 0.15597 -0.350767 0.2727663 1.0
512.5963276969392 -52.33729538244747 0.009663 0.074602 0.17465317 1.0
633.8437346679781 -60.42949941474359 0.276446 0.023806 0.22741678 1.0
529.0625049118697 -50.80191032297564 0.071428 -0.009414 0.179797 1.0
759.2963911420715 -39.86409048575646 -0.16281 0.190795 0.27554676 1.0
690.9017060982309 -26.362101899489126 -0.341732 -0.094043 0.23790601 1.0
582.8179229392919 -24.15669197816147 -0.107149 0.072169 0.19049112 1.0
667.0140138025919 -28.198912405327274 -0.020674 -0.072481 0.22610575 1.0
646.7819048299465 -45.56392308554048 -0.037033 -0.097259 0.24096873 1.0
519.6180552337498 -38.70710785864777 -0.208835 0.036023 0.18008636 1.0
817.0579963907766 -61.932432443417206 0.216725 0.161531 0.33198276 1.0
824.9486347774259 -62.469864309285924 0.090196 -0.223313 0.33656853 1.0
658.9067175119134 -49.94084894423046 -0.24739 -0.071172 0.24401766 1.0
536.2453976200045 -30.463850956080137 -0.014337 -0.258108 0.18928586 1.0
533.2941825629657 -30.37938219363989 0.47548 -0.07142 0.18793018 1.0
576.9135694236818 -41.13388628933954 0.034751 -0.059616 0.20426537 1.0
655.3313037527291 -46.74282762585184 0.597055 0.304547 0.24048562 1.0
823.0648781534268 -60.25583491847763 0.11941 0.082021 0.33104938 1.0
837.8649577949108 -60.973683605996136 -0.892223 0.068764 0.34074235 1.0
826.0974758967842 -62.309719371195634 -0.367232 0.072779 0.33193448 1.0
811.8738924766495 -62.785962207419736 0.021962 0.093781 0.32072204 1.0
604.2376879291711 -48.24503609356231 0.329435 -0.033899 0.21324337 1.0
520.07377316459 -44.78683731622687 0.059619 0.114495 0.17488451 1.0
599.0867682052926 -30.683400399205965 0.398893 -0.170237 0.21671024 1.0
843.5339864591899 -43.817331679871174 -0.032022 0.444811 0.34696102 1.0
557.6366152053675 -36.15671620884978 -0.012796 0.016195 0.1930635 1.0
575.6125380233846 -37.73419279771579 0.30477 0.044115 0.2012383 1.0
566.0157019507643 -37.519045238669044 0.518102 0.153508 0.19706939 1.0
554.9863329029437 -37.91453179240912 -0.260468 -0.396788 0.19162323 1.0
829.922452551132 -56.95102931801223 0.145907 -0.014023 0.3313845 1.0
586.9107568661634 -40.267552476768856 -0.249501 0.054212 0.20509312 1.0
845.62951519754 -60.52653369972131 -0.231229 0.01179 0.33996966 1.0
607.8842843611898 -44.55541965859043 -0.247782 0.127904 0.21468456 1.0
833.8655775644942 -60.30595228601282 -0.166949 -0.29791 0.33100292 1.0
828.5913720136876 -60.3445190257749 0.155023 0.110015 0.3280481 1.0
806.2583146212082 -36.08346661015196 0.151296 0.128403 0.32249278 1.0
724.1691641510723 -34.206558430719575 -0.174279 0.122398 0.27497315 1.0
717.1022001093861 -33.85931738768828 -0.030642 -0.15058 0.27087024 1.0
725.2075941068969 -37.03840191926574 0.006123 0.048012 0.2749316 1.0
834.2397695608963 -46.68398279701711 0.100275 -0.050714 0.334857 1.0
617.905711027817 -35.605706811946206 -0.2556 -0.064648 0.21948372 1.0
560.6696978832149 -32.67941859137704 0.028888 0.169023 0.19301774 1.0
659.4258058163114 -40.14957829456275 -0.015601 -0.099502 0.23789427 1.0
661.2351307060745 -41.025590170122705 -0.595529 0.293055 0.23792534 1.0
621.216954154995 -41.938890924801214 -0.147057 -0.041936 0.21821374 1.0
627.0064485252318 -45.007308470038204 -0.036219 -0.04919 0.22004884 1.0
535.2826172813375 -21.601610916983496 -0.020912 -0.012604 0.1831752 1.0
855.7618246875038 -37.00285717946882 0.430881 0.179056 0.34645626 1.0
646.7080030728499 -29.873677732601 -0.078703 -0.093817 0.23290618 1.0
566.021456006499 -29.572901121232025 0.215941 0.012658 0.19447169 1.0
884.525149184552 -46.857179934265645 -0.243587 -0.174957 0.3589494 1.0
569.430555602072 -31.150699324002982 -0.228581 -0.124851 0.19480996 1.0
591.8457478183458 -64.50875995628476 -0.162168 -0.28673 0.21518917 1.0
698.0909286572277 -59.62240961138503 -0.274385 0.344674 0.27605635 1.0
750.1811431925343 -65.35578614384276 0.188055 -0.060879 0.30381155 1.0
510.82514040598085 -45.633401408896546 -0.169832 -0.348143 0.18154728 1.0
521.1024357217817 -52.39100015722218 -0.339025 -0.095173 0.18257849 1.0
807.1493722370785 -80.93519697329346 -0.087532 -0.003638 0.32948405 1.0
510.78113933770686 -51.48823919231755 -0.137391 -0.029547 0.17777438 1.0
523.011865471639 -53.936958926141585 -0.405679 0.163925 0.18367067 1.0
528.8168319156257 -53.86797847610236 0.72598 0.023047 0.1856812 1.0
519.3595158908737 -52.86784769893242 -0.079981 0.215957 0.18153368 1.0
514.9870149736544 -52.56070133054592 0.134307 0.096037 0.17966907 1.0
516.7477851942646 -53.45984532217928 -0.232071 0.01052 0.17979999 1.0
770.1678005728616 -80.90475387602872 0.291972 0.031086 0.3069576 1.0
592.5100343454468 -67.42716375113916 0.163705 -0.15313 0.21117482 1.0
497.95467376463796 -36.65611668963783 -0.25906 0.016804 0.17836602 1.0
767.7571162976815 -58.204758069676394 -0.341487 0.082814 0.3168453 1.0
810.7530740126072 -75.09558599135906 0.083266 0.226189 0.33040804 1.0
814.008673872801 -77.48610270177592 0.014794 0.006144 0.3297227 1.0
597.1955687923032 -58.227064452119905 0.485795 0.109226 0.2138616 1.0
536.0006500485347 -52.48065128070028 -0.078775 0.251108 0.18649213 1.0
533.0967068836068 -52.387384422238476 0.154509 0.134493 0.18503663 1.0
710.4927782494702 -71.29097538088999 0.4576 -0.166358 0.26833203 1.0
577.3935220092726 -58.896253311393764 0.26633 -0.343157 0.20401722 1.0
799.9867397164472 -81.99306186896997 -0.088877 0.391837 0.31831896 1.0
483.0700287447164 -31.903510572204286 0.260401 -0.297449 0.16889447 1.0
485.84431267136017 -32.073175751076995 0.093879 -0.187145 0.16933271 1.0
482.3016655053308 -31.975924371249064 -0.116619 0.040468 0.16789095 1.0
575.3933248644558 -43.22446364401682 -0.135689 0.313995 0.20782419 1.0
602.4404026096568 -46.03496925327396 0.207392 -0.120787 0.21972539 1.0
818.2232737935412 -63.72551881594314 0.142642 -0.295533 0.33585638 1.0
630.1963070698874 -49.87908704626597 0.125914 -0.333598 0.2318907 1.0
597.1900516228225 -49.01629954031995 -0.332123 0.216794 0.21427451 1.0
598.3590292925261 -53.738687640467546 0.2478 0.103922 0.21280499 1.0
552.7534642164053 -53.24594535982776 -0.332478 0.152802 0.19083491 1.0
556.5645542083722 -53.44902116159838 0.224408 0.167694 0.19234125 1.0
642.0305704810291 -64.79135896899402 0.091939 0.534165 0.23147982 1.0
597.5427954801489 -37.68795700665697 -0.279925 0.486234 0.21729657 1.0
659.0184826881898 -45.167724761232876 -0.371953 0.563307 0.24506056 1.0
817.2921666186983 -56.30021389308098 0.689502 -0.381526 0.3319198 1.0
823.0699671727351 -62.27907324505079 -0.188071 -0.131049 0.33259892 1.0
599.5220632529929 -47.33519822217236 -0.087924 0.154704 0.21399601 1.0
587.3694638537733 -46.86540760522589 -0.306787 0.254247 0.20793279 1.0
819.0834660050493 -66.23471676940986 -0.136136 0.288197 0.3266896 1.0
820.8197288509707 -67.14891763646837 -0.22898 -0.12145 0.32765594 1.0
525.3486163251175 -45.488790493091095 0.003067 0.020248 0.1794206 1.0
595.5213772263585 -30.730464465644687 0.602761 -0.365298 0.2154441 1.0
607.3657860325633 -34.69331105833407 0.394606 0.402024 0.22011985 1.0
575.8541216574937 -39.66485337894937 0.527911 0.315445 0.20288032 1.0
836.1711813400015 -61.46613049969712 0.001001 0.118396 0.33657128 1.0
814.1316146926853 -62.349715283058835 -0.051993 0.040348 0.3214909 1.0
605.4228026823542 -48.29235983188897 0.016273 -0.01982 0.21334131 1.0
625.893857745536 -51.624765589371 0.094819 -0.201101 0.22184043 1.0
535.1561906375156 -24.921234450159385 -0.188986 0.029484 0.18625581 1.0
538.7598922802729 -26.75394969326461 0.126842 -0.218395 0.18791103 1.0
840.5815372278115 -41.53691467803004 -0.000809 0.415088 0.34478483 1.0
845.722542389899 -43.221567299189935 -0.014025 0.476049 0.34668767 1.0
845.6455622514317 -44.76039777074803 0.199094 0.106965 0.34653282 1.0
560.6066349733569 -34.18179513353258 0.157654 0.000385 0.1942837 1.0
719.5429490194148 -42.74724725596411 -0.419541 0.498358 0.26968375 1.0
559.6032482470129 -35.21879795787979 -0.892843 -0.063761 0.1930563 1.0
565.6644884855209 -36.4297176337948 0.314388 0.066914 0.19540401 1.0
585.5929593370103 -37.95873006230456 0.159466 0.113858 0.2042646 1.0
612.90858164629 -42.856032698338716 -0.049908 -0.03849 0.21509355 1.0
606.6155198692753 -45.14974806216205 0.156478 -0.244344 0.21136867 1.0
603.0108675210987 -45.55354932877774 -0.459816 0.381892 0.209707 1.0
526.9467520132273 -41.41279863984089 0.151037 -0.046211 0.17588949 1.0
615.6852042060257 -48.536252393598296 -0.165813 -0.209049 0.2145109 1.0
612.317574394971 -48.85177324748306 -0.656792 0.081737 0.2122575 1.0
729.6079318966172 -57.94447515666417 0.164664 0.038059 0.26775703 1.0
685.1682455588202 -38.137037795127405 0.321176 -0.240626 0.28919291 1.0
773.1909521620532 -42.331385813190344 -0.087639 -0.235982 0.345072 1.0
804.1501798010034 -51.96240851651601 0.140622 0.623277 0.3503712 1.0
661.3959979086591 -30.1765712812918 0.340372 0.2358 0.27518314 1.0
544.9542124824995 -25.650567377945535 -0.227183 -0.544123 0.21056119 1.0
600.9443471622408 -29.62614405252391 -0.252379 -0.289643 0.23962489 1.0
561.6944228929651 -30.19498748304849 -0.11526 0.053422 0.21763708 1.0
754.5084558814747 -31.949685778870176 0.108323 -0.300098 0.32649708 1.0
690.6787825166552 -30.914858263952574 -0.015328 -0.037828 0.28523514 1.0
801.0640618172301 -41.23251336014452 -0.213537 0.57775 0.35042173 1.0
682.9328119494463 -34.846945077523046 -0.23515 -0.512007 0.2772929 1.0
563.3987227030627 -30.776590752941456 0.21392 0.205745 0.21285336 1.0
654.5590901051053 -36.39266063626832 0.281266 -0.067276 0.25928998 1.0
759.7778988142385 -43.98587754659034 0.078191 -0.104501 0.32020697 1.0
658.1831266682726 -23.202503997273986 -0.341254 -0.005811 0.26652023 1.0
697.5399049308561 -34.85707839442177 -0.295681 -0.311117 0.2829358 1.0
578.7489632571591 -30.44844280592713 -0.206994 -0.006359 0.21774356 1.0
473.34964125021844 -25.78270735515088 0.335997 -0.236834 0.16869013 1.0
697.5330679910103 -38.37688772954154 0.125141 0.166868 0.27963054 1.0
701.1234804096998 -39.33575246655377 -0.445728 -0.027159 0.28095508 1.0
703.4904631806389 -40.061300600018775 -0.287519 0.397584 0.281193 1.0
528.0377172659171 -25.45497042385516 -0.230963 -0.201965 0.19236392 1.0
671.2752981656544 -32.328131811244056 0.711954 -0.025419 0.26320952 1.0
607.2420434117075 -31.870212560025596 0.012435 -0.564018 0.228388 1.0
755.373475999542 -30.74583166045554 -0.476391 0.111255 0.3265485 1.0
664.0049315658259 -28.01215115965594 0.369778 -0.190395 0.26898658 1.0
651.3257349611033 -32.01314924994262 -0.10586 0.012741 0.25913018 1.0
653.165448224579 -32.69768716357315 0.063499 0.027663 0.26018107 1.0
688.9831419955152 -37.79991364952131 0.056392 -0.135388 0.27851763 1.0
665.4663663409042 -40.67406450938623 -0.000324 -0.155285 0.2617452 1.0
664.1159972447502 -21.92569841330877 -0.091204 0.234212 0.26852158 1.0
665.8235846793597 -21.440041642933902 -0.077784 0.003194 0.26917514 1.0
547.3388785293647 -18.630608614662208 -0.229564 0.043885 0.20680203 1.0
571.2131685721606 -23.215483854609435 0.285803 -0.129317 0.21704668 1.0
571.3461352904451 -23.16634560728789 -0.075324 -0.140338 0.21565433 1.0
817.60453371654 -38.795900967265304 0.069538 -0.084316 0.35421756 1.0
824.2870066550419 -39.37067401081802 0.201069 0.291069 0.3586717 1.0
529.5626863057898 -25.685492039703405 -0.075027 0.061766 0.19318819 1.0
765.5863104201858 -29.106713849194858 0.037235 0.240795 0.3220367 1.0
781.3765545373808 -24.2447046728356 -0.219383 0.215159 0.33021078 1.0
779.0477039189379 -24.72441497941308 -0.252698 0.444255 0.32995874 1.0
742.9184126354597 -24.845449187396568 0.114536 0.031985 0.3066899 1.0
576.7896781469658 -19.90804528723924 -0.116821 -0.267641 0.21649696 1.0
823.7627051771706 -30.908654823118088 0.301847 0.053941 0.35511804 1.0
708.9822286555574 -23.38724655019843 0.012846 -0.100396 0.28797016 1.0
510.1843695923128 -16.774675874636667 0.087435 -0.490518 0.18617249 1.0
766.9950121065406 -28.955451403503478 -0.006351 -0.027353 0.32083932 1.0
824.4812106264975 -33.42289006315078 0.606369 -0.05121 0.3565708 1.0
795.557493363218 -35.351701678654145 0.196726 -0.164157 0.33391735 1.0
661.6549525880021 -30.544717777981084 -0.211826 -0.199467 0.2560447 1.0
770.0112184043945 -36.06173740248784 -0.279587 -0.082457 0.3436818 1.0
773.9573482501439 -38.061959666315275 -0.136512 -0.024382 0.3452604 1.0
773.8679515692307 -38.415290547015765 -0.082902 -0.145908 0.34468713 1.0
655.4675164216598 -29.302016651604006 0.337902 -0.003985 0.2689343 1.0
699.9284166815892 -40.47038327591832 -0.119093 0.057671 0.2867453 1.0
542.3832961312542 -28.42058802841807 0.211584 0.138214 0.21123971 1.0
656.6773160905159 -30.04989257561744 0.059241 -0.239421 0.2702289 1.0
652.4655982596909 -29.773786941313276 -0.215147 0.026833 0.2677303 1.0
557.2654975813375 -27.36648335404398 -0.083157 -0.002756 0.21683986 1.0
682.8266251498895 -37.30505450100805 0.118849 -0.252616 0.2770489 1.0
570.5655051705608 -34.47833311955253 0.401005 0.215799 0.21592821 1.0
547.9025876409366 -20.08942949773619 0.134374 -0.007724 0.20778286 1.0
574.0077401782278 -23.56846129241931 0.017163 -0.100184 0.2188137 1.0
700.2703251767704 -39.07285476147069 0.155922 -0.293493 0.28124258 1.0
703.4434749113359 -39.488660360255416 0.120057 -0.157552 0.28227082 1.0
454.5676034469785 -26.364390920180238 0.158467 -0.099679 0.16020326 1.0
502.42721780006076 -21.67207573164541 -0.218289 0.034183 0.18149982 1.0
639.8959987456908 -33.14137262625718 -0.332391 -0.071539 0.24527802 1.0
683.8409006172469 -26.55157206655773 -0.087256 -0.561954 0.28391016 1.0
486.8024251998886 -21.181610161132518 -0.277124 -0.123587 0.17999312 1.0
492.85727991238116 -20.666176766532505 0.16973 0.143482 0.18231903 1.0
789.792415377114 -37.93182810352011 -0.23828 0.024482 0.34134188 1.0
807.2992074038596 -41.539147854703536 -0.101832 0.008448 0.350818 1.0
574.4540277485637 -31.685246459178103 0.035178 0.09412 0.2168323 1.0
477.17513270729773 -28.990758467898388 -0.134364 -0.213275 0.17056549 1.0
454.0201237762804 -27.539602352201946 0.271294 0.308263 0.16016348 1.0
552.8487504844119 -18.56017946554164 -0.127439 -0.066405 0.20896153 1.0
551.8866422394791 -20.009884678970757 0.165152 -0.011586 0.20868798 1.0
571.1378577098379 -23.14839731632195 0.046231 -0.015831 0.21691301 1.0
818.3341702639967 -37.2399234716755 0.135931 -0.102213 0.35449302 1.0
584.3166853496491 -29.44581409065518 -0.3291 0.381934 0.21911964 1.0
766.8475055790021 -29.075770351723186 0.348494 -0.233108 0.32370055 1.0
509.6400333853658 -16.65345501704063 -0.011882 -0.143413 0.18592797 1.0
746.2772758425722 -30.676869150249974 -0.073888 -0.072457 0.30660877 1.0
795.0227961537621 -39.30726301399158 0.284157 -0.136908 0.33317676 1.0
652.9656502143794 -34.21634157405923 -0.293885 0.598407 0.2696772 1.0
492.49201445591433 -21.20713679293843 0.017875 0.237719 0.18538004 1.0
655.5805116167788 -29.575910619536266 0.378014 0.11213 0.2681065 1.0
726.541361822291 -72.84883274684573 0.074985 0.151318 0.29191393 1.0
713.5597542430679 -74.81995018906224 0.133726 -0.293826 0.28146353 1.0
742.3530804691654 -90.28222508409206 0.165932 0.005753 0.29071596 1.0
667.5921983609703 -59.59245524947293 -0.083503 0.188406 0.26277876 1.0
692.3388879384337 -63.45650451967357 0.235099 0.286974 0.27473992 1.0
633.6301436688799 -60.77613137376789 -0.861503 0.084371 0.24307601 1.0
796.2595887330949 -76.2375741225127 0.232719 -0.095819 0.3347545 1.0
827.8287028808231 -79.59240434141573 0.265609 -0.586471 0.35575444 1.0
609.7951572754581 -60.444389450588766 -0.105393 0.24397 0.22944742 1.0
732.4673911281407 -74.30331189837317 -0.358134 0.236454 0.29331303 1.0
742.4910594123363 -77.34604753261755 -0.289579 -0.118501 0.29626846 1.0
632.6846430061283 -74.00833896786209 0.072041 0.251461 0.23237391 1.0
564.6043015027153 -52.36933393719799 -0.073964 0.131655 0.2112714 1.0
696.746465767244 -69.68074797217083 0.233196 -0.514234 0.27668703 1.0
829.6945393417093 -81.35486900657932 0.147357 -0.005656 0.3563526 1.0
540.3219816533095 -56.21773947045345 -0.206234 -0.698605 0.19498548 1.0
486.9365456932741 -43.605162563727234 -0.164699 -0.777245 0.17516382 1.0
730.1606878618127 -74.2444254097086 0.011035 -0.179077 0.29219922 1.0
636.6591879728645 -17.050386559197005 -0.215346 0.140995 0.2437337 1.0
680.1989522763666 -25.27919820688137 -0.147617 -0.197067 0.26348242 1.0
825.2115023440075 -26.380034956732676 -0.373441 0.376669 0.35347882 1.0
641.9304643721256 -26.222510049129777 -0.128851 -0.496715 0.24344467 1.0
678.530942012287 -16.479858032930263 0.359743 -0.282353 0.2687395 1.0
794.2805682134631 -21.432562027653365 0.44088 -0.212715 0.3371872 1.0
715.0734565766396 -20.030587876633806 0.126521 -0.133801 0.28760117 1.0
515.3818813662234 -15.661710977186344 -0.080848 0.60021 0.18813835 1.0
767.5463782454666 -28.451834633971057 0.1067 -0.470182 0.31748262 1.0
677.0433482039642 -24.96449560454142 0.660364 0.260093 0.26276037 1.0
795.932233540684 -22.91861709467008 -0.04181 0.131826 0.3381692 1.0
763.6990218614906 -24.81248631587815 0.358557 -0.020537 0.31485978 1.0
785.8332805521746 -25.565114338586394 0.448973 -0.183077 0.32860127 1.0
828.15158347518 -34.82764074900423 0.197875 0.383879 0.351494 1.0
700.669551006426 -20.84446990321864 -0.342608 0.095425 0.2873769 1.0
513.9327518431327 -14.910157895279609 0.103151 0.133043 0.18753783 1.0
513.3673841216047 -15.254758898384425 0.669692 -0.035651 0.18727717 1.0
510.8562506676293 -15.715522359365908 -0.006579 0.191549 0.1862348 1.0
513.3918520107246 -15.609381480894381 -0.172529 -0.014284 0.18688037 1.0
761.1191643235181 -19.683474514678124 0.095966 0.172268 0.31292436 1.0
717.2379183907021 -23.327385058484264 -0.294961 0.290679 0.28436136 1.0
786.7857985229065 -20.891499060473812 0.098038 -0.622786 0.3336404 1.0
519.0908645041858 -13.241660743441424 -0.015004 0.29619 0.18901058 1.0
517.9643084946683 -15.15230886301666 0.504885 -0.115653 0.18874234 1.0
826.6881024434931 -29.824527819833023 0.434849 0.35894 0.35473368 1.0
528.3094438057786 -19.982689139814717 -0.307131 -0.072395 0.1904996 1.0
637.1026834512887 -15.794584192066308 0.25659 -0.328796 0.24339247 1.0
827.5922415517299 -20.625030418044936 0.19563 -0.149532 0.35346055 1.0
583.7171658322568 -17.59563826999719 -0.048278 -0.34675 0.21544924 1.0
599.4944749296222 -9.658727971227355 -0.590698 0.296447 0.22039999 1.0
604.4439799621321 -13.455891238080607 -0.04902 -0.27747 0.22104755 1.0
686.1572033768796 -18.14142770321441 -0.063103 -0.098106 0.26024374 1.0
833.6255873059625 -25.288767240293062 0.076574 -0.476294 0.34191972 1.0
682.080340779652 -23.324016339593427 -0.218374 0.020007 0.2561391 1.0
684.6906085895896 -23.172867582085804 0.335953 -0.330531 0.2572172 1.0
613.1232176493621 -23.030489463799654 0.314226 0.210082 0.22065422 1.0
738.5530706474399 -28.193825690684797 -0.146339 -0.316241 0.2840453 1.0
601.3271026159811 -22.57813626314311 -0.212546 -0.061308 0.21479128 1.0
650.1827977916045 -7.195844295070605 0.02102 -0.062816 0.24314874 1.0
653.699984942584 -7.033498523140443 -0.238871 0.071491 0.2433398 1.0
655.1559386817617 -8.524233693083719 -0.291679 0.405979 0.2436907 1.0
603.1128503822226 -14.097821771699842 0.523611 -0.636013 0.2166529 1.0
772.968176384896 -5.326885082285136 -0.162315 -0.300706 0.30426988 1.0
616.8460133135468 -10.142057757808448 0.551825 0.266123 0.21997021 1.0
668.988254836023 -13.111235319907918 0.336895 0.533863 0.24467978 1.0
857.5911025577083 -17.630472063062744 0.076589 0.262458 0.34799606 1.0
855.0883725582481 -17.337417284629723 -0.053195 -0.146269 0.33950728 1.0
685.5887242428005 -15.125351084568226 -0.520407 0.208661 0.24820583 1.0
613.2623499240319 -28.211651120642546 -0.117329 0.225817 0.22917551 1.0
754.1143820651804 -12.900570401721724 0.310373 -0.127683 0.30177858 1.0
586.0607526712948 -11.99026822466649 0.238884 0.064527 0.21320432 1.0
689.2876690814651 -15.520141132481792 0.025727 -0.046942 0.2652588 1.0
695.3092926992754 -18.150581771066395 0.404298 0.020681 0.26702917 1.0
603.3794365380604 -16.380815725497495 -0.056116 -0.080418 0.21963194 1.0
600.3735617798164 -5.752481842411538 -0.20693 -0.137716 0.2200161 1.0
598.8547383434844 -6.829451148570078 0.853086 0.006346 0.21865155 1.0
757.8062071805283 -9.415538539997012 0.735242 -0.022632 0.30185637 1.0
654.3825280196598 -13.162010043002491 0.306786 -0.12568 0.24307194 1.0
699.3671254364222 -6.207580612779925 -0.175061 -0.175247 0.26645434 1.0
788.0905177108478 -14.414787006580013 0.116544 -0.103026 0.31144428 1.0
844.914678645989 -15.347500197803576 0.587972 0.170262 0.34439498 1.0
847.4629840879148 -21.079200900407844 -0.06694 -0.102839 0.3432616 1.0
839.4014963835299 -21.625959407991463 -0.261398 0.110562 0.3377951 1.0
841.5195668152402 -26.15758577492539 -0.244324 -0.017531 0.33829004 1.0
783.112731613615 -19.87400194523056 -0.143864 -0.3222 0.30133665 1.0
683.5528811903198 -16.536427941076724 -0.16221 0.263859 0.2479479 1.0
642.8462205790012 -25.037714869796343 0.115667 -0.46712 0.24316041 1.0
807.8993426636011 -31.01116680194912 0.110256 -0.042176 0.3350818 1.0
678.023490632631 -28.35826107255981 0.612986 0.080157 0.2593949 1.0
670.1035340707159 -29.571526046899816 -0.07899 0.094755 0.25632808 1.0
796.9496533689363 -34.7298862433093 -0.042695 0.040707 0.32772288 1.0
609.098561362952 -13.567917779034644 -0.065958 -0.047658 0.22709645 1.0
471.55133828130323 -13.597192660171725 0.050224 -0.44667 0.16360056 1.0
824.9929680862024 -26.549348886667982 -0.099048 -0.66199 0.34209093 1.0
832.7257165429763 -29.344458367457275 -0.091844 -0.27984 0.34741902 1.0
822.8244462678841 -29.248969999377717 -0.058519 -0.387285 0.33959302 1.0
812.2744072370338 -35.80044259967542 -0.422912 -0.041356 0.33970237 1.0
643.9799926671623 -29.9295848043004 0.213232 -0.16698 0.24248193 1.0
798.0850099615448 -20.02389502645115 -0.115997 0.091425 0.3324618 1.0
635.5341649276978 -21.16225640428976 0.08572 -0.13025 0.23975329 1.0
811.8033330321251 -27.755072033815395 -0.126832 0.159225 0.33888796 1.0
813.632348928028 -28.33320848964908 0.490363 0.042702 0.33930904 1.0
681.6310740279491 -25.0383094771238 0.023807 -0.037752 0.26286265 1.0
677.9542337770458 -16.204009714972052 0.007235 0.070817 0.26093537 1.0
761.3075285506728 -18.64703380414039 0.733959 0.004394 0.30644318 1.0
692.4626140855387 -17.938468045202296 -0.181631 0.197407 0.26598248 1.0
582.0783476494265 -17.406982802912186 0.231709 0.238214 0.21041755 1.0
827.0993993834572 -26.739665289309897 -0.052243 0.040295 0.3423654 1.0
670.2591894186361 -22.791439911344938 0.532553 0.27323 0.25146693 1.0
659.1226845462213 -24.050487691633 -0.110541 0.08822 0.24575989 1.0
691.7024504410914 -8.511767001690643 0.066165 0.035506 0.26809838 1.0
694.0131669504835 -7.048833636539225 -0.099319 0.387057 0.26772517 1.0
650.7678357455151 -10.18474656773895 0.398157 0.114838 0.24419966 1.0
647.8591932203457 -10.497683479809787 -0.232375 -0.328968 0.2421479 1.0
598.1005901929789 -14.642559806817811 0.063794 -0.136371 0.21585983 1.0
794.0073236513784 -20.346232253611273 0.029517 0.36674 0.3188941 1.0
617.9946583903435 -21.183446190946604 0.549851 0.092071 0.22195357 1.0
617.4905444435612 -21.85171641296935 0.034382 -0.010052 0.22157483 1.0
620.9322651428721 -22.06912473265105 0.193541 0.199314 0.223548 1.0
613.9550103108186 -21.936948022134125 0.114205 -0.640308 0.21995923 1.0
836.6317035255087 -30.521387376987708 -0.113584 -0.060844 0.3386944 1.0
842.1346536844032 -38.859912644656326 -0.485139 0.538919 0.3552723 1.0
843.5111438532881 -40.159743845795695 -0.071582 0.04248 0.35547057 1.0
748.8997621150613 -17.609196065979432 0.288561 -0.003173 0.2960644 1.0
618.2016237567275 -23.54157923985286 -0.048587 0.133912 0.22311507 1.0
529.6886969642616 -20.44509657193331 0.368606 -0.171929 0.1828597 1.0
605.3870238747671 -7.046770514929895 -0.379425 -0.054118 0.21952412 1.0
840.3829548022386 -12.27547689710392 -0.172547 -0.026869 0.3480135 1.0
841.2245737049356 -12.244251910197232 -0.17053 -0.345471 0.3484521 1.0
854.0222143072515 -12.692470879310921 -0.167294 -0.169907 0.35396114 1.0
610.7863570076357 -12.580150159721962 0.062955 0.291651 0.22078843 1.0
603.1068376565454 -11.651047951380102 0.121271 -0.150569 0.21659203 1.0
602.6229260478585 -11.854458464470719 0.432722 -0.2185 0.21624771 1.0
602.5925664031303 -12.288454901506459 -0.140665 0.318851 0.21641925 1.0
844.1364048313975 -17.725976900808245 -0.00097 -0.032925 0.34594783 1.0
847.4108638436164 -20.841424025397043 -0.101532 0.278968 0.3453073 1.0
602.8054850111333 -16.75193591350469 -0.029417 -0.071483 0.21499453 1.0
549.317888643556 -17.518371874528455 0.130827 -0.443011 0.19064464 1.0
859.3238072003605 -22.523017078218185 0.333335 -0.223547 0.3460549 1.0
504.2119461104533 -9.267569734017934 0.042764 0.191747 0.16786009 1.0
613.76354415065 -29.306466942957524 -0.175454 -0.040618 0.22935992 1.0
751.5952038920161 -12.082273450698406 -0.15071 -0.196023 0.30109274 1.0
744.3641628643401 -17.81859028259821 -0.177097 -0.174786 0.29412252 1.0
605.3965098915575 -16.533502545768407 0.104284 -0.178924 0.22061412 1.0
660.1911540326522 -23.854897853424667 0.291682 0.512675 0.24525394 1.0
601.3002611347872 -6.977055411957805 0.135726 -0.176733 0.2198587 1.0
606.4023197668392 -6.962320124118061 0.136008 0.25204 0.22226553 1.0
601.8664999820567 -7.032154087009054 -0.00967 0.081293 0.21988133 1.0
617.9946658261803 -21.4614338142711 -0.11559 -0.229573 0.2214153 1.0
617.0653397709004 -21.54198729744447 0.074483 -0.08455 0.2209004 1.0
517.8799819595741 -4.431457259751506 0.380268 -0.330448 0.18031491 1.0
478.8829187560091 -5.168164262652449 0.353356 -0.281736 0.16311947 1.0
772.5646214658685 -8.157238882803068 -0.066311 0.135518 0.3049039 1.0
854.7858291267405 -13.208549213965972 0.222182 -0.197537 0.35364527 1.0
743.7061365330885 -12.640601516957224 -0.213461 -0.262548 0.28613326 1.0
847.3393385306712 -20.562428833724482 -0.211433 0.135073 0.34397644 1.0
618.367893483729 -9.544601520314284 -0.00617 0.050406 0.22075419 1.0
772.7999110164367 -27.50742868757883 0.280822 -0.306631 0.31475222 1.0
679.3336758958181 -26.852232741341755 0.053077 0.297112 0.26260012 1.0
463.28021203420315 -10.192093285965358 0.082512 -0.164801 0.16176108 1.0
822.8927115572311 -24.969843506030166 -0.066892 -0.1969 0.34289268 1.0
520.0190380676713 -17.08918318509732 0.149632 0.232012 0.18338613 1.0
825.1723222101449 -26.608862053827796 -0.183082 0.04541 0.34218302 1.0
520.4477406538688 -19.586984996828406 -0.23153 -0.30925 0.1818259 1.0
531.9840746177821 -22.85352539232524 0.331132 -0.226045 0.1905467 1.0
534.6816854490459 -25.487856005968023 0.175948 0.505798 0.1911868 1.0
840.0675263473669 -38.56945081295997 0.029259 0.092065 0.3559087 1.0
655.5982621922773 -30.72848426743568 0.030163 -0.23234 0.24880937 1.0
655.6112836149506 -30.679656989609875 -0.218008 0.002391 0.24876381 1.0
615.2491138495792 -12.957370021732425 -0.007556 0.108073 0.23434211 1.0
491.467668364911 -13.097666363589008 -0.098949 -0.372064 0.17311248 1.0
493.06958920064704 -13.378370795968737 0.217345 0.027154 0.1738263 1.0
589.8602726975089 -17.288125037413813 -0.367857 -0.027804 0.21757214 1.0
634.5683531730364 -20.273865535456203 -0.298039 0.049244 0.23898315 1.0
609.137183093897 -20.013719865570053 -0.344902 -0.155854 0.22547185 1.0
471.5081853266642 -15.693187246581488 -0.743741 -0.172662 0.16319896 1.0
611.2422425607672 -21.141023007294557 0.04845 0.016285 0.2267242 1.0
705.9346959070393 -29.73613861741663 -0.322965 -0.190543 0.27181956 1.0
831.2058806818944 -15.816117325629154 -0.051441 -0.061757 0.35300952 1.0
463.5960179112993 -8.587974298004225 0.123428 -0.152939 0.16096874 1.0
489.28173217229937 -12.34412738907786 -0.019891 -0.031566 0.17067145 1.0
643.318792138558 -16.53172535781131 -0.039342 -0.007567 0.24164148 1.0
518.7770787688298 -14.519279220473571 -0.29167 -0.31418 0.18279812 1.0
499.00632657253925 -15.306188396176996 0.461048 -0.347392 0.17392944 1.0
690.6190291750637 -21.681036109363337 0.308627 0.109823 0.26385143 1.0
682.7484821079756 -21.415421161383172 0.150499 0.104056 0.2592387 1.0
823.6126324455429 -27.527374508306174 0.055247 0.323665 0.3398018 1.0
610.2636075242985 -20.26241620223035 0.13068 0.046283 0.22210768 1.0
836.5178915535241 -29.901657513873808 -0.050643 -0.337277 0.34498456 1.0
682.7445081069545 -25.56559081893456 0.386797 -0.495122 0.25854012 1.0
833.206032372358 -31.150263309652416 0.02615 -0.038475 0.34239736 1.0
839.8615932534766 -31.603750564775087 0.162757 0.184902 0.34565723 1.0
838.7707529614449 -35.72646858244703 0.061973 0.154195 0.34390548 1.0
834.9106293426978 -10.065017264194434 -0.16104 0.143899 0.34909585 1.0
693.401969914708 -13.717330530067413 -0.041549 0.197459 0.2658947 1.0
543.9871150697302 -15.125781746059996 0.167451 0.181638 0.19061354 1.0
500.9158951633122 -15.33060206095351 0.061196 -0.255785 0.17172574 1.0
501.80635451157826 -15.48841629715079 -0.180105 -0.17028 0.17201284 1.0
661.8511667375262 -20.60651597406534 0.052345 -0.1564 0.24505779 1.0
613.667635607559 -21.02017413138091 -0.225618 -0.232152 0.22109725 1.0
849.0898637110547 -29.320099013164185 -0.200335 0.382597 0.34614524 1.0
617.5121289782013 -21.818525843757467 -0.014548 -0.230546 0.2215975 1.0
625.4328883518599 -23.095771382964184 -0.043836 0.300328 0.22618607 1.0
