X Y e1 e2 Z WEIGHT_SEEING
-968.2326066294506 185.3484250343169 -999.0 -999.0 0.34737512 1.0
-927.6213358581302 183.01276079410738 -0.611266 0.400833 0.3273764 1.0
-782.48648283271 143.47817340212325 -999.0 -999.0 0.25013727 1.0
-769.942396306513 144.7124766710379 0.049217 -0.004717 0.24568744 1.0
-999.7904203085889 189.42964535372388 0.009095 0.594857 0.3568418 1.0
-888.2328551612944 168.72217407594064 -999.0 -999.0 0.30046672 1.0
-975.1706379258908 188.3723776383966 -0.198968 0.144923 0.34477007 1.0
-892.5102515244447 172.93690481515443 -0.005511 -0.307152 0.30489254 1.0
-977.2072843112802 190.20615107342664 -0.189814 0.055188 0.34730858 1.0
-982.3008960472686 193.6625474806866 0.004567 -0.014583 0.35005912 1.0
-982.4041290133077 193.27430479898817 0.381288 -0.177601 0.35012752 1.0
-949.817330229471 177.19999076172988 -0.175907 0.365328 0.32513 1.0
-913.8516038409402 172.68648575396932 -999.0 -999.0 0.32173583 1.0
-782.2459769246569 147.8814148782285 -999.0 -999.0 0.2580541 1.0
-882.7706332329929 167.94487837187472 -999.0 -999.0 0.30608788 1.0
-931.7258906935215 177.0856046738092 -0.533691 -0.288831 0.3302245 1.0
-979.0862998210786 184.3855618688188 -999.0 -999.0 0.34907258 1.0
-917.4847664571928 173.8572355147604 -0.362465 0.400805 0.31926107 1.0
-972.844938357711 188.48251885066074 0.249799 -0.039394 0.34720594 1.0
-889.0734376187933 172.413528319718 -0.720516 0.022793 0.3051019 1.0
-852.7315649794377 157.9610290740633 -0.224466 0.204585 0.28092408 1.0
-738.2449940791169 142.2857669092372 0.257752 -0.449023 0.23163198 1.0
-818.5638169873012 161.6801665906902 0.161603 0.377861 0.26570317 1.0
-903.7331304411528 179.43754929969649 0.006212 0.011877 0.30655545 1.0
-908.2825158835462 180.75142637591944 0.155657 0.071379 0.30913335 1.0
-725.9301995689535 116.77314577006747 0.17861 -0.158152 0.26853764 1.0
-827.6209401927791 151.4783334885663 0.546256 -0.020681 0.3329398 1.0
-772.5403019832411 152.81213117342588 0.249873 0.238968 0.3086216 1.0
-735.965577282205 116.62246425813639 -0.246668 0.29921 0.26893127 1.0
-894.0418884381785 144.2316952600235 0.278275 0.070307 0.35696268 1.0
-885.4445250386353 147.40204326391495 -0.04929 -0.020335 0.35543638 1.0
-721.2443956908804 123.85865636933345 0.134291 0.235152 0.2650406 1.0
-724.52626012161 124.653591327213 -0.005793 -0.764499 0.2665588 1.0
-840.2865218878467 144.66605982022625 -0.6222 -0.415822 0.33100313 1.0
-668.711250424935 121.64021905653026 0.013362 0.012189 0.24247956 1.0
-669.6872592790851 128.93980253396458 0.299182 -0.446269 0.24572773 1.0
-831.4970509646087 160.4995966866542 0.094789 0.004457 0.33490655 1.0
-832.3191036344276 161.68883695583148 -0.241091 0.198501 0.33515665 1.0
-702.7445230374014 145.00697184047837 -0.032888 0.026043 0.26670787 1.0
-819.7058446680265 137.39155229635494 0.265507 -0.240997 0.31146702 1.0
-848.2711244882303 147.053986390739 -0.019777 -0.027597 0.32855192 1.0
-841.7472107119758 151.81964588709332 0.392387 -0.338615 0.3288388 1.0
-696.1150097609064 129.03671456462635 -0.045093 -0.123393 0.2526366 1.0
-669.4169565267482 125.79148201906175 -0.132439 -0.154443 0.23906703 1.0
-788.5067350522285 149.1185248127454 -0.064598 -0.057933 0.3005574 1.0
-838.0312656297771 170.99581567120774 0.199322 -0.097048 0.33746332 1.0
-795.5736026033029 164.32823624684931 0.18016 0.173496 0.31124505 1.0
-827.1246888114974 171.2188410804159 -0.530699 0.013807 0.3323981 1.0
-848.7728032576761 144.7225940142535 0.051897 0.448128 0.32026455 1.0
-885.4553135622511 151.85856880373 -0.27635 -0.46951 0.3442511 1.0
-890.6018754027687 152.88493417221272 0.401789 0.006454 0.345091 1.0
-551.515393152133 96.18477583472976 0.168 -0.388379 0.1805832 1.0
-828.8806837805929 143.3411149763208 -0.270292 -0.42985 0.3123025 1.0
-842.983782440897 150.20883573573275 0.296541 -0.350355 0.32246777 1.0
-856.3489387347458 155.17418364029646 -0.614014 0.454107 0.3298886 1.0
-588.7708851941914 107.99404874964692 -0.081786 0.885339 0.1987757 1.0
-639.7007874234226 128.7725067400123 0.790574 -0.078841 0.2247119 1.0
-811.2188361297856 163.87729453441708 -0.336791 -0.680651 0.31159496 1.0
-707.1362744477578 151.18674644349616 0.407634 0.32567 0.27949697 1.0
-697.6271767666337 145.23243086439777 -999.0 -999.0 0.26569906 1.0
-548.8454008581125 116.51856585848785 -999.0 -999.0 0.195385 1.0
-524.743246581461 112.5971417897004 -999.0 -999.0 0.18495312 1.0
-505.61475108860657 108.49985452386129 0.282947 0.137262 0.17687859 1.0
-818.010395990958 180.32630829619924 -999.0 -999.0 0.33847266 1.0
-753.8983668138095 167.5007658156193 -0.278248 -0.36996 0.30273584 1.0
-761.265474802739 175.03574723126673 0.44329 -0.003688 0.30975422 1.0
-748.8987391536064 173.00269914909552 0.191448 0.004271 0.30217004 1.0
-692.0993692303401 163.39035757345928 -0.045754 0.121867 0.27470356 1.0
-808.4903927684978 191.43534750714264 -0.112707 -0.230758 0.34254235 1.0
-798.9126701205024 190.2219552231639 0.178883 0.470135 0.33949223 1.0
-723.5836438917421 153.0961914202113 -0.048608 0.05274 0.275038 1.0
-558.1572047170645 119.41952100599005 -999.0 -999.0 0.19483186 1.0
-848.4900753943963 182.28370832457102 -999.0 -999.0 0.34946385 1.0
-851.8328710519955 182.0240169836992 -999.0 -999.0 0.35039654 1.0
-672.5131492036891 153.42363178007253 -999.0 -999.0 0.2546111 1.0
-664.0596228771959 155.5833798628711 0.423909 -0.111872 0.2531313 1.0
-755.6297478451065 179.23888197354123 -999.0 -999.0 0.30228668 1.0
-765.172687061945 183.75812452119183 0.353085 0.394969 0.31036466 1.0
-589.2419356115317 148.52838226112883 -0.305725 0.104213 0.22098349 1.0
-588.8004244779845 148.32670833649684 0.017293 0.219103 0.22044876 1.0
-785.4201504540209 197.98189415937168 -0.019563 0.251653 0.33031487 1.0
-701.6446087124551 152.380350982954 -0.149152 -0.042886 0.26124594 1.0
-803.9374775289426 176.63104667218576 0.342233 0.13134 0.3155258 1.0
-680.6707062541188 156.05221418142642 -0.210526 -0.415263 0.25311387 1.0
-856.0584370125907 201.99921460210808 -0.204657 -0.51807 0.35506588 1.0
-563.6316222902458 132.8453306716692 0.350739 0.069916 0.19995181 1.0
-825.4260573759506 195.1237451660955 -0.327412 -0.713628 0.33582982 1.0
-848.1777742073172 199.58925593727992 0.086277 -0.349853 0.35157615 1.0
-769.5204456078696 183.22293984350867 0.08852 -0.199025 0.30468693 1.0
-742.241177472472 183.97079153322406 -999.0 -999.0 0.29534045 1.0
-737.7861329315116 185.119549924616 -0.101313 -0.020474 0.29397526 1.0
-814.2937989888301 139.98226347645775 0.230138 0.368539 0.29970562 1.0
-870.3466229850382 151.8169477526872 0.166473 0.004126 0.33145344 1.0
-595.11438151611 104.56976835986009 -0.183167 0.333932 0.1968161 1.0
-724.2510416771582 127.67419907990949 0.038593 -0.020309 0.254484 1.0
-858.1486398905711 151.56258648987233 0.065615 0.331946 0.32509091 1.0
-917.0775199920281 164.9500642305203 0.135718 -0.37955 0.3587117 1.0
-890.3246884081796 162.34384888596614 0.245233 -0.018736 0.34612912 1.0
-857.8810336979963 182.4177304186045 -0.268462 -0.445488 0.338544 1.0
-799.7755977194001 172.66817614306157 0.042366 -0.109874 0.30570203 1.0
-581.6967723215236 126.12013432716356 -0.718083 0.523026 0.19905101 1.0
-806.1674803639862 175.66882981196366 -0.376074 0.043919 0.30962288 1.0
-608.5324312759014 133.19014777982645 -0.287037 0.338984 0.21206206 1.0
-717.8739661089753 158.9882944120236 0.203138 0.003758 0.26455444 1.0
-681.4075105429001 154.42642500341492 0.37313 0.085229 0.24878982 1.0
-884.7890500350593 199.74018052831417 -999.0 -999.0 0.35923153 1.0
-877.0452697349936 201.61767985072686 -0.148366 0.139387 0.35809317 1.0
-876.9688775816567 202.3515570780449 0.081684 0.056119 0.35858807 1.0
-593.7942243619975 137.9771316593238 -0.224195 0.004901 0.20874381 1.0
-785.481552443458 183.29784812979054 0.018734 -0.312804 0.3057068 1.0
-860.19434045917 201.4833612062948 -0.123347 -0.154883 0.35146594 1.0
-764.7710878859796 131.49692234983368 -0.171242 -0.214968 0.26969802 1.0
-921.8215937403933 162.8084369624018 -0.21131 -0.101035 0.35273594 1.0
-730.7097733788078 129.5054006411862 -0.299692 -0.047885 0.25447077 1.0
-761.6510147558314 136.33812168040166 0.146322 0.173332 0.26951826 1.0
-760.9009932094906 138.89533604070394 0.513437 0.057186 0.26993924 1.0
-732.0263257407886 134.22688365263113 -0.29109 0.46498 0.25494003 1.0
-823.723032931249 154.24008159452015 -999.0 -999.0 0.30151036 1.0
-819.2058620296086 156.47198062881645 -0.206376 -0.065425 0.3019842 1.0
-867.7276563214366 189.3097968807899 -0.002632 0.049974 0.33776623 1.0
-730.7850587821691 159.51567589791537 0.058102 -0.486662 0.2636752 1.0
-862.9346532883648 186.89312149057884 -0.06551 -0.011911 0.33689404 1.0
-859.8291420079412 187.81066662679282 -999.0 -999.0 0.33463275 1.0
-860.0697029244199 187.93011712854494 -999.0 -999.0 0.33480304 1.0
-862.1869815034056 188.89802139164667 0.42153 0.061087 0.33474773 1.0
-857.4989647231894 189.87557438113885 -0.204677 -0.060425 0.33454695 1.0
-778.1353390440405 176.02475350081906 -999.0 -999.0 0.2922664 1.0
-793.98444050221 183.81114132310097 0.109872 -0.024062 0.30119112 1.0
-797.593426992832 184.78841200584702 -999.0 -999.0 0.30396146 1.0
-832.2680279741763 145.96117157008908 -0.176553 -0.073198 0.29903674 1.0
-871.4370877285987 154.75330855949932 0.049183 0.219807 0.31780258 1.0
-745.1356844782129 133.03346712022804 0.167965 0.221213 0.255148 1.0
-603.642468741785 107.99287125884443 -0.145056 0.593184 0.19441392 1.0
-891.8604030944629 160.21062678467672 -0.244223 -0.02035 0.33074722 1.0
-860.692835951561 157.5621582359193 0.136635 0.085656 0.31646636 1.0
-832.6045491873235 153.93539246517483 0.111905 -0.383096 0.29985306 1.0
-690.781297807507 133.64715234534503 0.625526 0.545803 0.23446304 1.0
-893.9865481419752 158.69453906864075 0.113668 -0.224127 0.32669705 1.0
-935.5803457419125 173.5545683546803 -0.400281 -0.054608 0.35005376 1.0
-886.965012282198 166.35901835414373 0.310583 -0.367354 0.32510152 1.0
-872.111072170331 162.8785177386176 -0.07933 -0.431853 0.31628603 1.0
-691.6823867409828 131.3460383159306 -0.222273 0.149216 0.230949 1.0
-701.2685848486447 133.704686633655 0.66545 0.407089 0.23453821 1.0
-717.886893777894 137.27368624647076 -0.121695 -0.19341 0.24294108 1.0
-844.6415532209547 163.0972827554698 -0.135637 0.211373 0.3025846 1.0
-888.2514372808678 172.9832896479751 -0.014052 0.097873 0.3276186 1.0
-871.4659015071553 155.61599079662014 0.057725 0.209188 0.30845243 1.0
-672.8443550819154 120.7731722895106 -0.586282 0.253781 0.21623208 1.0
-934.2911185689873 172.049697116765 0.012622 -0.055345 0.34351125 1.0
-833.7745696765098 156.2468384834493 -0.030641 -0.259652 0.29050708 1.0
-820.8466568327282 154.97901524678235 -0.057316 0.14638 0.28381655 1.0
-676.5153869634203 129.27087813876503 -0.031401 0.071712 0.21895705 1.0
-892.9915103349989 173.66078779431186 -0.292903 -0.513326 0.32494247 1.0
-913.3081539578836 184.14079891135063 -0.063632 -0.094213 0.33681712 1.0
-801.1630863825641 146.04879426244418 0.187774 0.08879 0.269019 1.0
-769.404756104478 144.43162393573436 0.26353 -0.27172 0.25649184 1.0
-947.6525013997914 177.27781529006376 0.052653 -0.148008 0.34340793 1.0
-903.3604996784469 178.09434042177122 -0.339242 0.144082 0.32302645 1.0
-857.3498107299557 171.4802199891173 0.266822 -0.048682 0.3018708 1.0
-544.2110378390834 105.46631298461226 0.377337 -0.195892 0.17095914 1.0
-622.2453594841754 118.37930723049287 0.175078 -0.074837 0.23933668 1.0
-831.7872351998759 152.57390922732162 0.210926 -0.187399 0.35164088 1.0
-648.5301589911511 119.53421323806329 -0.23965 -0.101171 0.24539857 1.0
-840.6451089232328 154.78078353562827 -0.062462 -0.223266 0.35693076 1.0
-769.310143150406 143.71483694789163 -0.165067 -0.540406 0.31287754 1.0
-613.845670382872 115.92576819855428 0.373164 0.010331 0.22990288 1.0
-774.633315826705 150.03222025113158 -0.038932 -0.146716 0.3226144 1.0
-755.858591854058 147.7852325114044 -0.484772 0.064915 0.31031945 1.0
-695.3001256897686 138.618886218468 0.180614 -0.07814 0.27731544 1.0
-873.0139611733089 140.26856136357915 0.124103 -0.238123 0.3556775 1.0
-854.5908379871527 139.5447037641022 -0.050044 0.163116 0.3464829 1.0
-848.0438039866052 139.83920882710902 -0.039772 -0.043292 0.3451016 1.0
-838.1551347625963 140.97561877479802 -0.362305 -0.55231 0.33969334 1.0
-621.5134254416992 110.62417863549496 -0.242786 -0.357089 0.22699012 1.0
-623.1456423384717 112.00903413061295 -0.248462 -0.137087 0.22860625 1.0
-719.5995075088506 129.95876951742733 0.114098 -0.142433 0.27596858 1.0
-794.8114155987575 143.08363626541666 -0.295919 -0.708005 0.31830138 1.0
-613.092775125667 118.3420126983551 0.22632 -0.5523 0.2272669 1.0
-525.4337494656687 103.55834449212217 0.106599 0.135051 0.18807179 1.0
-758.9900569463077 151.37601665050454 0.059972 -0.110563 0.30617827 1.0
-587.0724678666223 118.78664875718843 0.036634 -0.297644 0.21713148 1.0
-703.8798271095455 147.96338761434873 0.264644 -0.102482 0.2801471 1.0
-816.1932185537827 173.7745835165705 0.171644 -0.355058 0.3511135 1.0
-726.0324321240802 129.27788192184934 0.094966 0.095855 0.2530638 1.0
-846.6081362627785 150.94236794133136 -0.647595 0.078637 0.31650648 1.0
-748.1473427832227 146.78113300498345 0.365427 -0.226646 0.27010384 1.0
-805.0788072464761 176.16751654672254 -0.140849 -0.077873 0.30817455 1.0
-803.1162950706861 175.929168680163 -999.0 -999.0 0.307406 1.0
-773.5399806255339 168.99216043964498 0.305012 0.227726 0.29101282 1.0
-890.5621082879488 196.93654659250691 0.047268 -0.100072 0.35850716 1.0
-884.4706901465499 196.63765666682096 0.564706 0.668197 0.35659918 1.0
-850.8218352922538 191.39830446986835 -0.263295 0.190117 0.33465564 1.0
-888.3861286603878 200.0757504051169 -0.096365 0.199189 0.35853043 1.0
-689.1180286880002 118.5827811723771 0.22467 0.256644 0.23167087 1.0
-744.5001887967567 132.58695046953764 0.13088 -0.249319 0.25716114 1.0
-870.7771853234044 156.2231675806669 -0.580946 -0.33135 0.32171118 1.0
-826.5068435906962 150.03281439133067 0.054316 0.057913 0.29881144 1.0
-661.0138836070538 120.54581237918597 0.046883 0.005486 0.22066763 1.0
-821.1767295340884 149.28628864283635 -0.764806 -0.078341 0.29751134 1.0
-868.9660251632912 158.82202274409016 0.181703 -0.069559 0.3243279 1.0
-776.8290062838109 143.5373176923741 0.445396 0.142513 0.2742515 1.0
-618.6590803271251 114.38909484562409 0.172172 0.208708 0.20389618 1.0
-823.3774415747829 152.8401017192576 -0.220474 0.189443 0.30060416 1.0
-604.8286444081002 116.67805812279599 -0.776499 0.175493 0.19942437 1.0
-586.0748495395627 114.58349882274588 0.017195 0.408493 0.1912098 1.0
-866.7257108136126 173.9690256282373 0.013244 -0.26896 0.32847318 1.0
-864.4472745314089 175.004768223407 -0.077344 -0.000394 0.32651988 1.0
-807.9540797221116 171.6839984464897 0.557169 -0.22501 0.29842803 1.0
-783.6800969169323 167.0879098743132 -0.188675 0.343413 0.28856957 1.0
-783.4946745763291 170.26937651251816 -0.041034 -0.27376 0.287422 1.0
-786.9156610745595 175.85399758469993 0.062149 -0.03885 0.29147184 1.0
-777.5302350967615 172.36198803628292 0.032905 -0.282483 0.28689092 1.0
-783.9826666548411 175.0311562054067 0.08375 0.120694 0.2909054 1.0
-785.751432110458 175.58315581300954 0.1083 0.05165 0.2916235 1.0
-784.2936638346589 176.2242196018354 -0.007537 -0.167647 0.29199302 1.0
-725.7581736279288 165.34298156388041 0.00454 -0.015476 0.26410404 1.0
-899.7662658568493 205.38429882628355 -0.847686 0.319919 0.3573888 1.0
-818.1635420402436 188.07624112606734 0.193932 -0.290828 0.3112288 1.0
-883.6523914294801 152.30661169943326 -0.058858 0.201505 0.3199427 1.0
-889.7291674361958 153.0765330576175 -0.255112 -0.833219 0.32467523 1.0
-720.8493983849345 127.65274192082708 0.032373 -0.108186 0.24190028 1.0
-897.8565098452605 159.72106761302732 -0.155294 0.004219 0.33111164 1.0
-931.6245008437973 167.91137120210584 -0.006375 -0.174628 0.35066378 1.0
-872.5808476086124 156.68694938847446 0.048761 -0.26249 0.3177112 1.0
-835.7958019340177 151.0223652678317 -999.0 -999.0 0.2974961 1.0
-942.5357119371498 171.29618363766505 -0.076185 0.343925 0.3587222 1.0
-690.2916992840939 127.90159460930226 0.324085 0.10709 0.23137979 1.0
-694.1098081671355 131.33466664641267 -0.279435 0.087224 0.23236433 1.0
-901.7773703960937 171.8610074980846 0.145645 -0.18961 0.33633038 1.0
-840.733572108293 169.21514577619556 -0.225758 -0.145703 0.30652815 1.0
-547.7257372573587 119.2365424264912 -0.074428 0.036268 0.17768984 1.0
-827.1972182582152 179.53673289980057 -0.209782 -0.233214 0.30512938 1.0
-826.393738691607 179.88694045063932 -0.09948 0.019822 0.30537614 1.0
-821.7653518110144 180.89365418665733 0.521949 -0.022564 0.30407903 1.0
-820.4407860555433 181.41446821710758 -0.716049 -0.258351 0.30353934 1.0
-638.2866256896198 141.67197562716092 0.115334 0.109496 0.21583262 1.0
-819.5078416852614 185.4256602866438 -999.0 -999.0 0.30534256 1.0
-624.64855966051 144.41792831477562 -0.137633 0.277889 0.21262543 1.0
-868.0798323666248 153.51161360382204 0.54485 -0.156095 0.3070468 1.0
-721.4161057163362 127.31939779568341 -0.499306 0.43827 0.23918118 1.0
-756.2537900572474 135.66944245812618 -0.070639 0.066969 0.25513962 1.0
-742.1370172323972 133.1657942902253 -0.065394 0.027641 0.2486786 1.0
-768.6191994768659 137.91713317076113 -0.687328 0.079301 0.26114526 1.0
-741.3661670176058 133.18543282217647 -0.081486 0.067016 0.24883245 1.0
-733.7101614988851 132.81607006426077 -0.070858 -0.15584 0.2440901 1.0
-726.1620034292336 132.98206312178942 -0.01571 -0.3129 0.24127184 1.0
-929.7055183148353 169.97199128056712 -0.175319 0.104618 0.34436905 1.0
-727.1528378492808 134.40569133467122 -0.155857 -0.129153 0.24300447 1.0
-575.7832188460591 107.95659706999302 0.485334 -0.649058 0.17970248 1.0
-569.9833934352424 107.2763702958459 -0.254742 -0.216678 0.17736478 1.0
-890.6010791164622 171.3670765776532 0.221965 -0.033212 0.32571217 1.0
-548.9770472907751 108.87509726042427 -0.355779 -0.819575 0.17198376 1.0
-814.000591389211 164.59256026786767 0.097554 0.126178 0.28918123 1.0
-839.629639147375 172.33511762726957 -0.05324 0.151649 0.30305496 1.0
-789.8620153469714 165.4784777223331 -0.372622 -0.099289 0.27942157 1.0
-768.4208295090308 165.6276979150654 0.42713 -0.117161 0.26897103 1.0
-924.2764642672048 202.0606028827485 -999.0 -999.0 0.3552076 1.0
-758.7187652495031 135.99840061996298 -0.083046 0.132642 0.25177547 1.0
-865.1589572423169 155.19440013688373 -0.040661 0.306187 0.30300376 1.0
-945.1525615853742 173.12417618164662 0.398903 0.438583 0.34424913 1.0
-938.4072024063009 173.71494503514296 -0.044652 -0.080008 0.34109244 1.0
-737.8519087067612 139.83082727022017 -0.086327 0.074785 0.24382135 1.0
-899.1366436051662 178.4322408810555 -0.209977 -0.145645 0.32579818 1.0
-852.6611855788838 170.43130103084158 -0.0249 0.051663 0.30218157 1.0
-835.7725108606598 152.19194247504882 0.151924 -0.165863 0.2816835 1.0
-891.0555936601836 161.8987356657943 0.11503 -0.845291 0.3109077 1.0
-880.5473284358105 162.55778309785555 -0.324126 0.282994 0.30550778 1.0
-879.1139869503801 167.6585952692873 -0.083725 -0.177566 0.30678645 1.0
-885.6588983579857 173.70103633119726 0.039567 -0.211504 0.31248257 1.0
-659.4443884239269 116.65909328789692 0.057713 0.084738 0.25231662 1.0
-618.3482017488783 113.10775745936263 -0.277274 -0.101227 0.2330637 1.0
-628.4580576158086 119.83593782510474 -0.038873 0.005271 0.24081917 1.0
-636.7154618748441 122.30073867572887 -0.257102 -0.067895 0.24524117 1.0
-825.121314369247 160.29186337875254 -999.0 -999.0 0.35687473 1.0
-753.0883409770335 147.0262408891392 0.233165 0.098732 0.31199345 1.0
-824.1876952973884 162.07902690666802 0.314013 0.486666 0.35657227 1.0
-752.0577716764959 147.21131618441285 -0.100808 -0.121811 0.31163266 1.0
-750.984646847029 146.94890927040484 0.266133 -0.335995 0.31138209 1.0
-846.8681195571787 140.5462220417686 -0.203313 -0.244386 0.34607223 1.0
-683.3564439305428 116.43201337252977 -0.542095 -0.131736 0.25753763 1.0
-808.4508283548706 145.24094765570217 -0.132368 0.015136 0.3306123 1.0
-577.7673697633634 105.83757235346808 -0.657954 -0.152788 0.2086987 1.0
-810.7382458223833 148.96280412368426 -0.019828 -0.432747 0.3336802 1.0
-602.5049524506666 111.67053711486956 0.767041 0.427743 0.22197855 1.0
-561.0140849714622 107.74326728256142 -999.0 -999.0 0.20321976 1.0
-595.0504090872845 121.6175380086422 0.025667 -0.047213 0.22468542 1.0
-762.9290235081207 156.1097298756146 0.067458 0.076322 0.31497204 1.0
-719.6297214079628 115.54241082765199 -0.082134 -0.006215 0.2674641 1.0
-860.0406993460089 138.74811354195913 -0.063773 0.161422 0.3456807 1.0
-877.0580121531419 142.3062593470283 0.109416 -0.124341 0.35655656 1.0
-873.3575169039348 143.17726831727413 -0.147147 0.604103 0.35483888 1.0
-843.9684864261035 139.27337949961125 -0.320464 0.0433 0.3382081 1.0
-632.6820600733034 106.54165298976264 -0.795873 0.022338 0.22594558 1.0
-786.2951034499814 133.7661389360552 0.115602 -0.254598 0.30522627 1.0
-538.1977052887576 95.40464469062933 0.179839 0.14069 0.18676923 1.0
-820.0185512569334 147.7694692614549 -0.091864 0.033431 0.33020055 1.0
-724.9442020374768 130.9528089098226 0.315344 -0.460231 0.27704597 1.0
-721.0793423560369 131.0123899989186 0.003999 -0.094445 0.27658924 1.0
-576.4633910940673 109.18922829300821 0.023014 -0.38205 0.20576163 1.0
-660.9618665846633 128.11347190466137 -0.188733 -0.450985 0.24969684 1.0
-585.512063755854 117.00294760923428 0.361219 -0.100405 0.21338 1.0
-591.2434913344218 118.75096319124462 -999.0 -999.0 0.21767116 1.0
-820.2302248899471 169.91170806356322 -0.161743 0.198012 0.34385094 1.0
-810.7673075400943 169.96362499937587 -0.159042 -0.0332 0.341794 1.0
-710.3114477136297 157.22636915623835 -0.227343 -0.048306 0.28586963 1.0
-771.612821791414 139.7392959400828 0.286808 -0.354531 0.24880049 1.0
-768.6623540521692 143.73649599731954 0.102543 -0.150798 0.24743955 1.0
-896.9185647842946 168.41675480474913 -0.001655 0.222039 0.30849075 1.0
-790.5991271216113 149.19234032370284 -0.092958 0.29506 0.2600344 1.0
-887.344255126838 167.76077654921932 0.302587 -0.159393 0.29799637 1.0
-951.9215745961218 181.37164736260036 0.582291 0.400098 0.3300965 1.0
-977.303912301928 190.780958219039 0.264614 -0.179942 0.34560004 1.0
-982.2072478079273 191.687376593424 -999.0 -999.0 0.34823087 1.0
-989.1517869762547 192.78189349080242 0.089594 -0.030482 0.35164714 1.0
-903.9076476527001 177.76966853510572 -999.0 -999.0 0.30630994 1.0
-913.0273626126088 168.4990022888434 -0.090504 0.250409 0.30704126 1.0
-951.1664182612017 175.9617440141135 -0.008688 -0.058958 0.32570305 1.0
-907.5415233646889 168.46884671371475 -0.148925 0.43025 0.30612525 1.0
-779.5286083960726 142.61889648997797 0.151109 0.154496 0.24861531 1.0
-823.722596176097 157.34811962120332 -999.0 -999.0 0.27093998 1.0
-965.6763935843297 184.70122961183694 0.073083 0.150787 0.340903 1.0
-966.8786435254564 185.03993025957791 -0.08931 -0.011099 0.3394396 1.0
-886.1208637103306 170.30424468234736 -0.009275 -0.150181 0.300649 1.0
-970.117230939604 188.5013599238465 0.214743 -0.165409 0.34442672 1.0
-782.0044182476147 154.93869607114348 0.058915 -0.345034 0.25194266 1.0
-882.4729157462713 164.8883599215496 -0.209886 -0.389131 0.30439514 1.0
-644.5290862623264 117.32856961874943 -999.0 -999.0 0.19552547 1.0
-894.3005191831942 167.7974521174191 -0.257959 0.217677 0.3054278 1.0
-887.4412726257955 167.93033830026368 0.242177 0.119006 0.304055 1.0
-887.7996654165065 168.79941180852654 -0.188474 -0.278297 0.30451953 1.0
-891.1644492448037 169.99631131336062 0.196521 -0.061548 0.30610225 1.0
-677.43573785699 133.70003282490163 -999.0 -999.0 0.21018633 1.0
-965.8688509172908 184.64639487249895 -0.544875 0.500136 0.33741453 1.0
-539.6361138576478 96.69023821870752 -0.045917 -0.030352 0.18593143 1.0
-517.0745440145425 96.10642649283594 -0.013434 -0.057791 0.17786679 1.0
-545.7069558884881 109.8603372517794 -0.184771 -0.051622 0.19373703 1.0
-546.9617030186791 112.06436503608221 -0.072263 -0.01831 0.19547567 1.0
-891.3804901218361 142.73346648446693 0.042856 -0.10705 0.3565918 1.0
-531.2342390983149 87.77101391497517 -0.060961 -0.035643 0.17710227 1.0
-546.7372889830106 92.91921261636412 -0.061263 -0.033491 0.18388912 1.0
-723.7049241528342 124.14567907431581 0.321338 0.363695 0.26655778 1.0
-498.0266522833626 86.75230229646976 0.007837 0.016309 0.16487329 1.0
-494.8241324016048 86.13512695557891 0.454075 0.11679 0.16383292 1.0
-499.8714179480328 87.04405172188893 -0.03898 0.19666 0.16585991 1.0
-496.5168117291608 86.52940739129221 0.095001 0.093781 0.16436905 1.0
-852.645636097849 155.14011518532826 0.275814 0.25504 0.34228414 1.0
-728.6595027712906 141.45708231565453 -0.165282 -0.237662 0.27754173 1.0
-563.596894377509 110.37178125462616 -0.272956 0.108267 0.19766758 1.0
-826.640073892531 169.95034786909082 -0.037861 -0.203653 0.3366716 1.0
-888.903482782494 148.35582973630815 0.091639 0.055878 0.3506273 1.0
-553.7600422561654 94.96447333253201 0.083832 -0.350328 0.1839443 1.0
-492.1091936765132 94.88319893135598 -0.004519 -0.03951 0.1625425 1.0
-557.5439424045078 111.13801245764259 0.551866 0.050629 0.19166134 1.0
-617.6350757508117 124.19117308231426 0.37099 0.069164 0.21936134 1.0
-836.2723959314164 168.46463576879705 -0.105135 0.253467 0.3349469 1.0
-839.7906613577303 173.06770309962135 -0.214802 -0.31341 0.3370787 1.0
-832.7984909458087 141.8305166422437 0.11357 0.003746 0.31344214 1.0
-560.3287869860362 95.65369469138935 0.025559 0.045295 0.18470225 1.0
-586.2926061857314 102.31389482140872 0.235056 -0.111568 0.19626398 1.0
-492.94348571405493 95.64318971318643 0.032517 -0.028647 0.16065517 1.0
-492.95753188796203 97.527916158649 -0.25775 0.003415 0.1616451 1.0
-619.2929221105322 129.54839273833164 0.27141 0.317663 0.21884656 1.0
-527.7029101366408 85.8490213612411 0.045655 0.159469 0.17736179 1.0
-590.4124614019032 121.66065544004087 -999.0 -999.0 0.21639383 1.0
-705.668070821244 150.53729117259047 0.089397 -0.112094 0.27745414 1.0
-561.2086662593065 121.14921487105555 0.085548 0.073817 0.20437 1.0
-541.0556060036969 116.34867595342955 0.00445 -0.65025 0.19624595 1.0
-542.5770183307578 117.45213613225535 0.31597 0.114538 0.19623913 1.0
-499.39419308467023 112.42487179518861 0.0003 -0.185493 0.1786084 1.0
-511.1814083356109 110.08053442659399 0.130112 0.282357 0.17859298 1.0
-546.3429466807178 120.0818983389814 -0.361438 0.152866 0.19569841 1.0
-559.3828411908626 124.64246822989278 -0.598233 0.338314 0.20154837 1.0
-514.0342475526276 121.6299620845151 0.046876 -0.093493 0.184819 1.0
-511.5346783675741 120.96947605885896 -0.215631 -0.058336 0.18416123 1.0
-725.1366806227866 153.618677536535 -999.0 -999.0 0.27539557 1.0
-557.7003690356321 117.9933166895911 -999.0 -999.0 0.19539288 1.0
-734.1401530539479 155.55845462115357 -999.0 -999.0 0.2816714 1.0
-556.0001344149257 119.12729745090998 -999.0 -999.0 0.19495584 1.0
-531.1461432690112 116.68731101023421 0.025999 -0.038969 0.18444858 1.0
-510.7340983327427 113.33278402776361 0.375007 -0.126869 0.1768072 1.0
-511.31697447700884 113.55981757872186 0.424131 -0.165072 0.17698793 1.0
-525.9604374400046 117.93508309060913 0.407791 -0.280611 0.18431567 1.0
-510.86346894115724 117.03436854365637 -999.0 -999.0 0.17813839 1.0
-746.9217846069014 180.44845330015897 -999.0 -999.0 0.30161676 1.0
-579.4383073000141 140.98835275540043 0.12108 -0.104331 0.21310668 1.0
-501.8289423467006 123.60453220846308 -999.0 -999.0 0.1789205 1.0
-502.68123929917937 124.55946686826813 -999.0 -999.0 0.18019901 1.0
-564.8454696053922 120.97564699315987 -999.0 -999.0 0.1943127 1.0
-615.1458911374386 134.69901490129698 0.025752 -0.001182 0.21916863 1.0
-588.8127489658084 135.05205106443884 0.295235 -0.05848 0.20928426 1.0
-517.0791307408887 120.19966765898987 -0.441211 -0.218245 0.17842191 1.0
-517.9532068813126 120.6672486834151 0.320584 -0.027472 0.17981614 1.0
-767.7304626768232 181.29430647300293 -0.087098 -0.049311 0.30323538 1.0
-767.7031290464294 181.8310203699328 0.063938 0.151411 0.30331373 1.0
-519.8717745319649 129.88862997406278 -0.13764 0.374264 0.18478489 1.0
-521.5928484517713 131.81492165010405 -999.0 -999.0 0.18473229 1.0
-861.6179618968649 150.8819229681284 -0.297993 -0.051239 0.32681856 1.0
-596.3238480008653 115.15054493654085 -0.195071 0.038348 0.20111679 1.0
-572.0153275864996 124.95639101504283 0.293322 0.234384 0.19584513 1.0
-713.0257816629421 157.75249180011602 0.177352 0.007529 0.2621476 1.0
-771.6003620938312 172.55967485422363 -0.063375 0.116211 0.2922608 1.0
-880.9578943568964 202.1588815920006 0.241464 -0.406291 0.35941055 1.0
-618.4482354851801 143.13571652581294 0.04248 -0.229262 0.21912532 1.0
-733.1515047812265 129.6686679690901 -0.32924 -0.147322 0.2552609 1.0
-739.8208450075687 130.69588740318014 -0.28966 0.000205 0.25834262 1.0
-874.135240988739 154.3710741392201 0.746549 0.256578 0.3277908 1.0
-536.9824714663155 114.76832212251075 0.174967 0.05459 0.17666925 1.0
-558.0838296810558 120.14904099149227 0.155559 0.211544 0.18494178 1.0
-858.961792725608 188.06959875248592 -0.147188 -0.150945 0.33396605 1.0
-506.5475808117577 112.14424937408212 0.062977 -0.210304 0.16576733 1.0
-774.3672357908391 176.28033552852824 -999.0 -999.0 0.29002842 1.0
-813.7350921384048 186.25511356890084 -999.0 -999.0 0.31130344 1.0
-800.7231763366502 185.3900003691297 0.061606 -0.064034 0.30488908 1.0
-604.4129817994041 108.2488265555952 -999.0 -999.0 0.1948493 1.0
-821.9917146165002 150.40641486340348 -0.029765 -0.097611 0.2960817 1.0
-622.4653651341362 140.15672377349836 -0.049465 -0.495905 0.21113692 1.0
-621.9488631453694 140.87871389158627 -999.0 -999.0 0.21130814 1.0
-619.1647131282098 140.12602108015267 -999.0 -999.0 0.21059546 1.0
-597.5617554994654 137.82316909847233 -999.0 -999.0 0.20227574 1.0
-725.3439205664167 134.41210413435815 -0.112985 0.178718 0.24445988 1.0
-704.2839059433857 131.25138025481834 0.32809 -0.079373 0.23455186 1.0
-723.1703156077041 134.73688595564886 -0.113115 0.122081 0.24326524 1.0
-619.2190169671986 118.68061253811699 -0.22519 -0.127969 0.19914828 1.0
-824.7423265183114 161.2576668137799 0.014082 0.156714 0.29542848 1.0
-911.6092249490312 160.52454034123176 -0.045702 0.299635 0.32905647 1.0
-907.645207577267 160.28045129848795 0.438919 0.156232 0.32713825 1.0
-582.3705738670548 113.42344781404327 0.025411 -0.277644 0.18299541 1.0
-605.6607418308462 131.93264900018073 0.329601 0.207458 0.19599058 1.0
-762.8314033835089 139.79056556430538 -0.136432 -0.036295 0.25171867 1.0
-894.5412256591039 163.52597816443455 -0.635911 -0.20556 0.31470504 1.0
-598.5049049295922 118.92529282468908 -0.074817 -0.008381 0.1867894 1.0
-620.5622255998674 125.57177938073936 0.035476 0.255766 0.19558457 1.0
-494.96689439528075 103.74800637442117 -0.102794 -0.031583 0.16054475 1.0
-792.3201491775524 147.329965848977 0.349742 -0.106191 0.33450887 1.0
-751.0485222882851 140.78240973702952 0.003015 -0.138332 0.31186637 1.0
-624.668207911031 118.65692415098049 -0.02022 0.230701 0.24084055 1.0
-652.0253595754998 117.63367878898455 -0.227091 -0.196098 0.24764855 1.0
-459.9261158963072 89.45812016889852 -0.172898 -0.34611 0.16175099 1.0
-476.8970052544001 95.04642648315185 -0.106263 0.098755 0.16927655 1.0
-536.805926510186 89.20805406136753 0.491252 -0.003489 0.18547153 1.0
-840.4517524317033 141.74215725706532 0.192098 -0.281892 0.34193307 1.0
-481.0272283046315 86.12813562733587 -0.078931 -0.387871 0.16394784 1.0
-821.367387959921 148.01148198406415 -999.0 -999.0 0.3339414 1.0
-530.8280519643963 95.77921323618823 -0.078748 -0.167441 0.1864191 1.0
-822.0651109413575 148.3965692052169 -999.0 -999.0 0.3343386 1.0
-810.8961421953695 149.81740437012073 -0.188001 -0.17807 0.3322119 1.0
-618.0414056552706 114.91310048157854 -0.036751 0.014742 0.2280934 1.0
-508.7455433498853 95.75794516995477 0.014818 -0.005462 0.17784914 1.0
-530.84106242453 100.17182191451391 -0.130158 0.108934 0.18834095 1.0
-500.0463847677837 95.65187416673812 0.448737 -0.102822 0.17451324 1.0
-612.3193478007067 117.36943750340421 -0.007251 -0.378459 0.22700733 1.0
-532.1119988082478 102.87508311298633 -0.169844 0.149839 0.1896156 1.0
-561.7492987200243 109.68621613891474 -0.166957 -0.182362 0.2032945 1.0
-593.6895554550194 116.42402685336944 0.558154 0.335317 0.21888486 1.0
-530.0270158769098 104.10759021168478 0.407351 -0.279911 0.19004478 1.0
-594.6953675388372 117.21438816702816 0.080746 -0.045384 0.21943702 1.0
-592.2093025115745 117.33235812440975 0.361165 -0.115159 0.2185774 1.0
-745.2868801345668 155.32778658002908 0.232355 -0.19314 0.30414087 1.0
-535.2579185177381 114.0933021452671 -0.27873 -0.040126 0.19667852 1.0
-762.1872264493545 132.92456719437627 -0.22354 -0.035166 0.26966682 1.0
-661.8325435808321 116.02154628970928 -0.068075 -0.084608 0.22337563 1.0
-656.0918533751478 115.50065507126483 0.111739 -0.036084 0.22069548 1.0
-911.2071680809479 165.48918610563223 0.410305 -0.130578 0.3514957 1.0
-746.2376305304742 150.13595611779414 0.073769 -0.003787 0.26997706 1.0
-600.6010711373121 122.04629500461418 -0.214784 0.586179 0.20370273 1.0
-496.8933844072465 101.79146659374881 0.373986 -0.335635 0.16080521 1.0
-804.381835714749 172.7889011592528 -0.203103 -0.013733 0.30524603 1.0
-769.5926946734132 168.22876356621052 0.220729 0.088257 0.28890228 1.0
-499.867217774123 110.48468887508362 -0.233124 0.40154 0.16464078 1.0
-853.2629048858635 187.81745799705573 -0.297382 0.140336 0.33439332 1.0
-886.552562421004 197.32038037567187 -0.035737 0.175715 0.35755295 1.0
-573.049017844533 130.53523423677112 0.198042 0.433776 0.19636793 1.0
-779.3579390888465 178.16757817203532 0.087534 -0.096794 0.29759923 1.0
-625.469330061761 109.49241458515934 -0.050892 -0.05709 0.20535818 1.0
-664.7556926310373 116.61447679793805 0.20348 -0.039248 0.22216685 1.0
-859.3332394931007 153.0917976297169 -0.309082 0.093856 0.31658137 1.0
-719.4811401391437 147.7374467720556 -0.03869 -0.073456 0.25303334 1.0
-606.568497270823 125.99138512911607 0.236139 0.229619 0.20307614 1.0
-542.782558526051 113.81604074572964 0.219668 0.085084 0.17621946 1.0
-543.2350899490165 114.03141958568281 0.160046 -0.231366 0.17642763 1.0
-774.6422822503077 171.71407769035008 -0.002127 -0.208198 0.2852915 1.0
-814.0089810842982 187.59235633360842 0.053238 0.120337 0.31138736 1.0
-784.1312122616985 134.93308264632174 -0.06632 0.304158 0.2703927 1.0
-748.4733647896987 133.84202726391496 -0.074172 0.138073 0.2554427 1.0
-889.797835981138 158.4675761961611 0.018127 0.463916 0.3263307 1.0
-819.1963733556516 158.17804950608306 0.101067 0.394989 0.29455784 1.0
-597.817294658302 117.5210130297355 -0.426973 -0.100188 0.19303162 1.0
-618.6959063882556 121.15528578029138 -0.009125 0.008104 0.20167664 1.0
-817.3036154216757 168.199138374262 -0.069482 0.124635 0.29746342 1.0
-603.1221265875864 126.31290574310242 0.47009 -0.108647 0.19747798 1.0
-820.7229465252905 180.6169194166336 -0.051153 -0.18656 0.30329815 1.0
-551.958745034106 123.71957446888746 -0.028429 0.245707 0.17993888 1.0
-619.7080254302568 143.23116044817016 -0.171677 -0.115381 0.21035884 1.0
-728.4592777152669 132.0087081991684 0.098099 0.521871 0.24177103 1.0
-742.8129776977294 133.40515946757682 -0.087294 0.023554 0.24959798 1.0
-760.8187918651332 136.9098571597019 -0.068943 0.266327 0.2579242 1.0
-733.0289049878611 134.0727954709292 -0.280062 -0.008279 0.2438979 1.0
-928.8531594593821 171.5007105398136 0.128276 0.47294 0.34259313 1.0
-568.0509125128716 106.87496729041227 0.358884 0.273819 0.17664358 1.0
-624.2810867336752 123.37025534618111 0.260605 -0.206187 0.20108739 1.0
-897.5884161629862 181.96954530219537 0.143958 -0.39775 0.32593173 1.0
-914.96140323375 185.1612101014158 0.183548 -0.195947 0.33631697 1.0
-615.1045455099357 126.09601724974104 -0.025823 -0.071727 0.19568762 1.0
-751.9889370368207 135.47195662224652 0.025893 0.044486 0.24364828 1.0
-749.1687037194482 135.33152871582007 0.167175 -0.274553 0.24358587 1.0
-949.0177282986627 178.69163634252345 -0.134988 0.526261 0.34330845 1.0
-943.4645389047428 187.33026556005876 -0.277192 -0.183996 0.34239593 1.0
-859.5462217550518 172.3806436565067 -0.271954 0.002487 0.30009705 1.0
-519.2792439100573 99.57806734166013 -0.3639 0.224381 0.18798216 1.0
-754.1573229521722 145.35879781171644 0.006735 -0.095982 0.31235397 1.0
-750.9952078186094 146.94056040403018 -0.017433 -0.295265 0.31107712 1.0
-507.41867047634764 86.65068439203888 0.224145 -0.168934 0.1751594 1.0
-508.2964673238151 88.06903498097456 -0.185948 0.171466 0.17592117 1.0
-803.3480342577998 144.6490791307853 -0.054336 -0.069271 0.32751888 1.0
-532.6977355658247 96.4058204308303 -0.083207 0.117353 0.18744546 1.0
-602.838469004553 112.02893039028666 0.147176 0.069536 0.22192188 1.0
-833.7716673103303 165.93247043508092 0.028161 -0.515787 0.3569286 1.0
-523.2412295249013 85.71710354952185 -0.272061 0.080576 0.17708574 1.0
-525.9837787646478 86.31721825952215 -0.004836 0.068397 0.17836532 1.0
-850.3403661721875 147.56469228182954 -0.208471 0.140838 0.34495223 1.0
-486.7434035069344 86.42893447741811 -0.043098 -0.585723 0.16408803 1.0
-802.2901406577819 142.54451193389858 -0.279286 -0.071807 0.31838337 1.0
-821.8854238024634 148.2948312824141 0.06631 -0.099946 0.330945 1.0
-582.404998423469 105.99898099351839 -0.024108 0.10189 0.2075994 1.0
-538.1286310520082 99.5949820938903 0.038952 0.037428 0.1877661 1.0
-613.8892707339905 117.24029825826337 -0.255351 0.014151 0.22362912 1.0
-585.7045434807421 115.44312197340226 -0.026137 -0.041865 0.21283382 1.0
-582.8042734843394 118.76281592454154 -0.003976 -0.239892 0.21348107 1.0
-589.5827288426286 120.38935989566602 -0.164238 0.25141 0.2166972 1.0
-749.50699310969 157.46361552552605 -0.005919 -0.415032 0.30445182 1.0
-497.8887421346392 104.74867719730958 -0.038551 0.253516 0.17712693 1.0
-495.4587635051649 107.60937183406163 -0.043248 -0.031186 0.17780478 1.0
-496.3714542379085 110.00961512227515 -0.066976 -0.272458 0.1785366 1.0
-854.7863144679617 157.86281453420992 -0.046601 -0.18864 0.28156278 1.0
-899.0226451121434 168.95780944069784 -0.810325 0.046955 0.30847088 1.0
-891.0093457148527 170.1140255246598 -0.180691 -0.011315 0.30364934 1.0
-883.7359294838267 168.52163404065783 -0.156199 0.098759 0.30066723 1.0
-894.1062643403232 171.2748855931208 0.069606 0.170514 0.306548 1.0
-981.0032839079029 191.36065484723076 -0.103905 0.403915 0.3477361 1.0
-648.9343762749909 117.93578331718116 0.122036 -0.006532 0.19696303 1.0
-916.8622326469164 167.74682803666005 -0.026441 0.213546 0.30728576 1.0
-950.4410325878102 177.25045614817788 -0.15981 -0.207361 0.3260971 1.0
-1080.011333207376 204.49843005741292 -999.0 -999.0 0.35926303 1.0
-1035.1645715143984 199.19608866742362 -0.541263 -0.226662 0.3349287 1.0
-1031.6714109589448 199.65039679130126 -0.27513 -0.01099 0.3337053 1.0
-796.6327046165928 155.50922325044476 -0.033187 -0.023011 0.2317361 1.0
-1025.7435347410285 200.07620068607494 0.22162 -0.112594 0.33034205 1.0
-930.5285122329378 180.0286816849309 -0.022241 0.36148 0.2832001 1.0
-1074.1966056243064 208.51558188642377 -0.213975 -0.064846 0.3496617 1.0
-1069.2172930989332 210.66136110627696 0.198199 -0.083929 0.34763688 1.0
-1082.8337717829943 214.32562023266965 -0.692378 -0.012958 0.35306945 1.0
-1083.114601587737 214.63688065941318 -0.036654 0.747307 0.35310876 1.0
-1031.6916346053583 192.73236467133344 -999.0 -999.0 0.33753785 1.0
-1038.2040222617186 196.67660029020186 -999.0 -999.0 0.33901733 1.0
-1023.2672187039045 194.98454920520047 -999.0 -999.0 0.3327248 1.0
-910.742173694731 175.3633105742417 -0.221891 -0.141139 0.2801976 1.0
-663.0520152920806 127.49521376532374 0.12872 -0.283545 0.18166646 1.0
-881.3424391030075 170.69560460033583 0.200904 -0.125408 0.26470605 1.0
-1030.9868137346052 201.64806465687894 0.154216 0.758596 0.33152032 1.0
-792.3363356364979 155.01219681392837 -0.222029 -0.023929 0.22870798 1.0
-965.9917525770364 189.86353255990355 -0.072625 -0.511416 0.29998112 1.0
-988.3874046609195 190.65131657418934 -0.063905 0.210908 0.34015387 1.0
-897.448953835124 174.0561532422581 -0.242216 -0.051415 0.29613495 1.0
-896.5985338898291 171.08603436888404 -0.024137 -0.029456 0.29772958 1.0
-942.4191551349803 187.78098354001912 -0.018045 0.368321 0.32169658 1.0
-948.2398661028335 191.79757303009518 -0.08218 0.098347 0.3235956 1.0
-556.1672114764467 127.75741293637965 0.20071 -0.123427 0.18182436 1.0
-632.3371458282786 138.46487248100706 -0.002857 -0.463741 0.2068544 1.0
-863.582458233424 196.93004523453754 0.032967 0.299558 0.3239904 1.0
-866.4408184925055 198.24465733355012 0.282489 -0.459026 0.32506344 1.0
-901.097323850346 196.7087718777185 0.543395 -0.122562 0.33332193 1.0
-669.2008576770088 147.9357690516434 -0.004293 -0.298176 0.22112043 1.0
-972.5573620106144 194.99053186236412 -999.0 -999.0 0.35325035 1.0
-713.6772152998564 144.00740060326422 0.071466 -0.029751 0.22874275 1.0
-943.9560122957299 191.7758973777092 -0.094696 0.014732 0.33837625 1.0
-944.0413898132264 193.09092387626347 0.202299 -0.0522 0.3383586 1.0
-907.1472599286855 181.30037063211333 0.901749 -0.231441 0.30680704 1.0
-908.9105813603212 182.88409245116938 0.268669 -0.337258 0.30831242 1.0
-979.181631087518 197.28060765107787 -999.0 -999.0 0.35246855 1.0
-952.1375140329955 190.4669022460868 0.452354 -0.092076 0.33164108 1.0
-988.8966729939526 199.05678355138042 -0.13976 0.078971 0.35295287 1.0
-804.4677629964394 165.1471663614575 0.007343 -0.009198 0.26146105 1.0
-905.0947464138129 186.3149645755167 -0.127682 -0.175416 0.32925475 1.0
-871.5275951186009 174.74475082838114 -0.085857 0.040001 0.3041858 1.0
-913.6092736284642 182.88905761932287 -0.107609 0.183023 0.3262187 1.0
-862.7608398192489 173.1231504484243 0.050757 0.031593 0.30032256 1.0
-779.6770475555129 157.56243026679672 -0.270791 0.109993 0.26132783 1.0
-893.3187822794077 195.94457712623557 0.104092 -0.551326 0.32301396 1.0
-1031.9993389414904 199.38045894259662 0.099293 -0.116842 0.3330819 1.0
-977.4159875031083 197.91076227900004 0.237436 -0.234565 0.3559414 1.0
-943.5931203627919 192.3798596786164 0.292706 0.147798 0.3380133 1.0
-790.368865737693 157.42667028570096 -0.727677 -0.032835 0.2563728 1.0
-881.7435100248955 178.08319286360359 0.098605 0.044221 0.2997128 1.0
-795.0710276570028 161.1665417946729 0.180222 0.030102 0.2604663 1.0
-933.3495509591713 189.18737045430106 0.346077 0.177687 0.32680136 1.0
-860.2631639494954 176.08804035439633 -0.245686 0.252898 0.28997424 1.0
-909.1525877849175 182.95591837391203 0.254021 0.113239 0.30690247 1.0
-910.5581486301331 183.3410769769893 -0.039282 0.195363 0.30730098 1.0
-887.2132118950107 175.7703655554981 0.024527 -0.072218 0.2921188 1.0
-919.9263114214722 184.56181168438636 0.251768 -0.028427 0.32668057 1.0
-929.3803164826841 184.93454539147749 -999.0 -999.0 0.3268057 1.0
-707.1325679401033 141.45534951251747 -0.161947 -0.059094 0.22021577 1.0
-986.3688545030851 198.44101338961562 0.299406 -0.069037 0.35166556 1.0
-944.1653997441036 187.84229107053986 -0.753779 0.248073 0.32275334 1.0
-917.1780290078441 184.74829828863471 0.379268 -0.155954 0.30743867 1.0
-721.2075526308879 147.33116529468168 0.04568 -0.023709 0.22291689 1.0
-643.5964512629289 142.9419807657055 -0.270381 -0.505983 0.21630211 1.0
-640.3963407129612 143.01414676898176 0.360248 -0.214895 0.21515813 1.0
-627.4362123948029 142.70884723120628 0.16697 0.004657 0.21098478 1.0
-609.7129484140255 134.01507289273505 0.365369 0.309346 0.19484247 1.0
-670.7800805805105 147.79146110727086 -0.570505 0.339452 0.22040349 1.0
-806.5229298739085 185.19941186539228 0.258639 0.081765 0.2937447 1.0
-616.5189286226076 129.63167163778675 0.338793 0.371962 0.19612515 1.0
-793.7600979341922 148.07797869282476 0.224182 -0.386668 0.25030208 1.0
-599.6871556692479 113.99520506950331 -999.0 -999.0 0.16236095 1.0
-708.6500875072342 136.59170989083762 -0.321415 0.012209 0.19736724 1.0
-704.5170459942487 135.95007797102653 0.215092 0.015203 0.19532901 1.0
-925.4823011679854 179.17951189650515 0.62075 -0.592106 0.28084803 1.0
-718.3057534687829 140.12294720466227 -0.249468 0.140589 0.20068991 1.0
-630.4568694499704 123.40059806126587 -0.338301 -0.185506 0.17038585 1.0
-638.35022077298 125.41881212603455 -0.148963 -0.140736 0.17261054 1.0
-637.4649566106967 125.41981067307377 0.010074 0.156719 0.17243591 1.0
-750.721576118308 145.2890301244267 0.3062 0.147278 0.21374924 1.0
-1066.6803202682859 209.21124875160766 0.078877 -0.201112 0.34823674 1.0
-646.07560345224 129.7942960004521 0.076888 0.377709 0.19779369 1.0
-768.0434075501623 156.1369375085338 -0.256262 0.317144 0.24882327 1.0
-863.9769813234774 176.9252924478602 0.018217 -0.010428 0.29166278 1.0
-875.13536761184 180.46435147563483 -0.041184 -0.002485 0.29699063 1.0
-676.9096977951871 138.82242951617752 0.025129 -0.452033 0.20681195 1.0
-800.7438986481762 163.42693220655042 -0.069142 -0.017095 0.25829276 1.0
-867.5639371121259 170.36573847995504 -0.002446 -0.015157 0.28229448 1.0
-879.3096767285352 187.26995565108558 -0.000287 0.08307 0.31048736 1.0
-661.2802601914048 134.3203749999887 0.080495 -0.095591 0.20538458 1.0
-986.7019538408231 191.27129304747774 0.150074 0.016967 0.34212112 1.0
-885.5343634582908 176.7511495664828 0.457617 -0.270726 0.2935435 1.0
-801.4077979074181 162.13630351869776 -0.331698 -0.063758 0.25617704 1.0
-639.9058639092744 142.05690117967467 -0.369864 0.21216 0.21493837 1.0
-550.588912259423 127.73715527512095 -999.0 -999.0 0.17972814 1.0
-549.0622957475653 127.1672674937582 -999.0 -999.0 0.17933205 1.0
-615.7175201407583 135.4931026790394 -0.756085 -0.15161 0.19594586 1.0
-555.2767423787615 125.91167663054478 -0.396486 0.413944 0.18187235 1.0
-543.3618213484434 125.88534353861523 -0.493834 -0.119207 0.17756513 1.0
-564.0575851945065 128.8018144619186 0.100327 0.134456 0.1820578 1.0
-632.0452278374169 144.64743817333232 0.02688 0.228806 0.21152776 1.0
-665.4842168324215 146.47067562672612 0.160276 0.137928 0.21923965 1.0
-628.8614648269083 126.47585389184225 -0.088285 -0.239925 0.19635478 1.0
-648.9420181340299 130.79174836902817 0.120783 0.158423 0.20463987 1.0
-573.2962519213308 117.35887988193213 0.262369 0.078265 0.17598541 1.0
-597.5940228741028 128.7437197668444 -0.018318 -0.375577 0.18648607 1.0
-1045.0240496625288 225.0513521929346 -0.014279 0.00154 0.33152512 1.0
-1028.7973843846303 263.1745430281449 -999.0 -999.0 0.32877177 1.0
-1050.0118700023995 268.76419343147836 -999.0 -999.0 0.3403614 1.0
-645.9583711838958 164.8443946539691 0.30133 0.045573 0.17731804 1.0
-1025.0306551033675 263.84839947309024 0.171077 0.143973 0.33220357 1.0
-920.079716718962 236.98636539601776 -0.143572 0.187453 0.28228545 1.0
-1019.2056871267441 262.7564271105157 -0.024321 0.300798 0.32892025 1.0
-946.3651091338893 178.87629231437478 -999.0 -999.0 0.2992996 1.0
-746.7649128110731 143.04329657343587 -0.321902 -0.117663 0.21743056 1.0
-802.2912557121772 154.18070787817985 -0.062646 0.318245 0.23858579 1.0
-1069.2661775707354 205.52911040244834 0.365637 0.09198 0.3583036 1.0
-1024.6464337785512 196.96367518508103 0.179345 -0.124561 0.33595306 1.0
-1055.2496435601818 205.99342015688032 -0.16287 -0.392442 0.35175955 1.0
-1032.081491858984 202.12704703314301 -0.150769 -0.166063 0.34226784 1.0
-689.5768483451237 136.28608892060362 0.575642 0.713257 0.19557303 1.0
-1030.1786207291743 204.818039854175 0.163057 0.177075 0.3402558 1.0
-1062.4169928882964 212.7058813084615 -999.0 -999.0 0.35857505 1.0
-928.3420768406895 189.91754660134882 0.56888 0.058688 0.2921729 1.0
-926.063331957401 191.54035630347659 -0.106732 0.035912 0.29206315 1.0
-906.686822589159 194.59356139422792 0.225269 -0.066603 0.28477138 1.0
-967.4023849118823 208.19717143488026 -0.092228 0.268308 0.31279382 1.0
-979.3360962971659 212.4683559914893 0.175846 -0.096187 0.31793213 1.0
-1044.3822514841065 227.26665052495989 0.037504 0.592864 0.3502588 1.0
-875.8678575064117 170.29903508447873 0.100907 0.177128 0.26484033 1.0
-882.9685431617867 172.52771063941356 -0.283738 -0.041119 0.2665074 1.0
-672.3867606654319 131.8280696423842 0.222679 -0.122321 0.18702878 1.0
-1072.2653992020228 211.20073759718434 0.383358 -0.158698 0.35504833 1.0
-904.5360396314657 178.4596455151633 0.105735 -0.220205 0.27750543 1.0
-1074.9115258904812 211.4993917016573 -0.345568 0.109154 0.35659376 1.0
-838.8306028311681 169.56045510236697 -0.012439 0.081196 0.24946983 1.0
-835.3308727142663 168.58475901888488 0.107672 -0.202913 0.2488949 1.0
-979.5738117155032 197.99820859084187 -0.859138 -0.309857 0.31008026 1.0
-840.1095809751675 170.0859430939655 0.284567 0.432751 0.24977095 1.0
-894.4668122273554 181.36340784864643 0.221883 -0.139349 0.27271217 1.0
-934.6945313879842 189.09803875647967 -0.392634 0.100505 0.29137835 1.0
-873.7263413445819 179.77137809471992 0.023983 -0.037992 0.2653653 1.0
-817.8828769239349 169.43444745515922 -0.41306 -0.168936 0.2409892 1.0
-1091.1332773767033 216.67595665320664 -0.065413 0.22828 0.35801068 1.0
-1084.663246924115 215.76218568592833 -0.093266 0.20588 0.3555628 1.0
-982.5464387310158 199.70892107771786 -0.711327 -0.290618 0.30753726 1.0
-932.6972928750165 190.0247672797561 -0.549123 0.015099 0.28365523 1.0
-958.8462187677222 202.04320514050568 -0.164346 0.182052 0.29598734 1.0
-959.6561842586984 203.4261503090028 0.185503 0.12233 0.2956133 1.0
-981.8796355757421 208.56784056607816 -0.002677 0.026352 0.3077555 1.0
-986.308202607655 210.51831278053308 0.516275 0.150531 0.30841133 1.0
-1032.903737245552 224.78483818714378 -0.181124 -0.130807 0.33092383 1.0
-1017.7974322045771 221.50990836017252 -0.155113 0.073271 0.35886627 1.0
-945.8139279215513 215.30095016931244 0.06659 -0.065183 0.3167676 1.0
-1026.2977026509009 233.2236509245426 -0.089937 -0.21587 0.35790023 1.0
-936.5194394735995 219.57830536110123 -0.167539 0.043842 0.31299153 1.0
-632.3765457648151 151.01135845106685 -999.0 -999.0 0.18623976 1.0
-633.6867508882478 154.43363517831347 -999.0 -999.0 0.18652171 1.0
-891.3043868103753 224.0335402985175 -0.140177 -0.073854 0.29620665 1.0
-603.8412668281248 153.65494994242084 0.0334 0.244905 0.17733923 1.0
-981.34771361881 208.27036034294068 0.36397 0.370153 0.32643482 1.0
-1043.6348964537633 226.79259796079472 -0.127228 0.039625 0.3569745 1.0
-757.9725527366473 166.09481612341696 -0.273599 0.036715 0.22767715 1.0
-985.5923069824686 219.2467231869946 -999.0 -999.0 0.32993823 1.0
-1018.7297510022436 232.07325473470073 -0.106863 0.147909 0.34827256 1.0
-732.360598471893 169.3029940808677 -0.502658 -0.031623 0.21865946 1.0
-729.946362802058 169.4604453537876 -0.282885 0.159942 0.21788609 1.0
-666.4836992103063 163.9016491965952 -0.212251 -0.356685 0.19538352 1.0
-935.8120622473111 234.8650657609831 0.347862 0.18632 0.3109643 1.0
-917.7620183072007 230.46369827849244 0.121792 -0.49977 0.3013889 1.0
-930.1786079990188 234.91375165186417 0.531345 0.347874 0.30998394 1.0
-933.1345752891108 235.8304393258475 -0.216336 0.192809 0.3102408 1.0
-721.8249656091299 182.62127489030485 0.184337 0.039692 0.2193487 1.0
-608.5461287150251 154.17607980538548 0.074192 -0.127053 0.17531186 1.0
-645.0961027630706 164.644883718877 0.253946 -0.07028 0.19022544 1.0
-957.041393297964 245.31893802006104 0.072765 -0.060955 0.32306972 1.0
-873.1197186331846 227.97716962329372 -0.141559 0.007897 0.28398705 1.0
-870.3413315738435 227.45169901418743 -0.019886 0.303932 0.28294596 1.0
-804.7409474333705 177.97915191113853 -0.071183 -0.080545 0.24322113 1.0
-883.370940638504 196.186136537475 0.109414 0.134511 0.27505654 1.0
-967.8900243091346 215.8115531125197 -999.0 -999.0 0.31327093 1.0
-856.8281753061124 190.9809841953898 -999.0 -999.0 0.2650355 1.0
-978.7004363593554 217.76689010923295 -0.594006 0.025848 0.31981656 1.0
-873.9108092091378 202.99013639153492 -0.167204 0.205734 0.271802 1.0
-957.5214271771252 231.60867970241657 -999.0 -999.0 0.31445742 1.0
-827.9263468319969 204.2769476887245 -0.246532 -0.438922 0.25668284 1.0
-860.2876396096916 214.45788912056616 0.08305 -0.090728 0.26970205 1.0
-659.9821417064072 165.23174458437578 0.158603 -0.128934 0.19078822 1.0
-843.225615691947 211.42564222984797 -999.0 -999.0 0.262891 1.0
-1012.0435484617168 255.48686466719622 -0.24341 0.179383 0.34444478 1.0
-936.4993771699336 242.9479082144916 0.444947 -0.209857 0.30866846 1.0
-934.9310460526054 244.1600834103574 -999.0 -999.0 0.308069 1.0
-934.4800957055998 244.76727877694643 0.133205 0.206079 0.30595055 1.0
-831.1785781616327 218.62464811839726 0.110113 -0.216626 0.26182768 1.0
-1004.2577308650539 264.7706545271541 0.416938 -0.114718 0.34092832 1.0
-816.9072112634233 175.01989751158723 0.176692 -0.461838 0.24284859 1.0
-989.3400899576438 218.81633860533827 0.109954 -0.222239 0.31742492 1.0
-889.9825002401437 199.79412581308821 0.707724 -0.143837 0.27465847 1.0
-981.9899892511913 223.19163782024194 -0.32219 -0.703091 0.31499436 1.0
-1054.6601628031021 242.7660293943754 0.020868 0.019216 0.3514299 1.0
-977.8074834923319 226.56211733462672 0.156885 -0.176691 0.31548792 1.0
-1001.2943049814762 231.77279212194424 0.453623 -0.393765 0.32495916 1.0
-1013.7940679315219 245.23479984744753 -999.0 -999.0 0.3324114 1.0
-809.4054303211506 196.37114859628386 -999.0 -999.0 0.24181548 1.0
-715.5676995780291 177.61060220840224 0.006289 0.159812 0.20826262 1.0
-959.6053893348434 237.4790783197145 -0.153887 -0.126592 0.30746582 1.0
-630.0361515970565 156.47509399351958 -0.057582 0.032019 0.17649414 1.0
-714.7420136003539 178.65952675636464 -0.068338 0.179318 0.20682476 1.0
-665.5261334128613 166.93590302716024 -0.233817 0.215934 0.18955024 1.0
-897.406213603005 232.62978234175355 0.694694 -0.439299 0.28349423 1.0
-949.7280577707518 248.22017822665114 0.087947 0.015359 0.30922678 1.0
-995.3398625416879 259.4892719548647 -0.265636 0.022493 0.3286881 1.0
-958.4972549479419 252.1307664665935 -0.065204 -0.032785 0.31236094 1.0
-943.6681729757094 248.86599863775308 0.201579 -0.047181 0.30531636 1.0
-663.0044565396261 150.50104198825082 -0.336145 -0.791595 0.18312716 1.0
-1046.4107137129304 242.89920925076922 0.116954 0.099402 0.3417285 1.0
-625.6607403370539 155.97125263901694 -0.319744 0.26001 0.17259505 1.0
-657.1441710668483 165.17657628948453 -0.105236 0.676227 0.18245861 1.0
-655.0401215108593 165.70217323656823 0.030894 -0.261192 0.1826623 1.0
-873.5393914054233 224.34593891732314 0.160503 -0.087162 0.26787966 1.0
-1017.3258474993534 261.0703729952399 -0.176831 -0.011605 0.33140188 1.0
-875.2602521019664 226.60097140295713 0.154515 0.181786 0.26848447 1.0
-832.1052627581425 170.73870857693328 -0.124213 -0.009564 0.264651 1.0
-1019.9584369491629 196.09872096220477 -0.118411 0.301751 0.34644404 1.0
-966.6753520127353 187.8283202792587 0.41265 -0.085809 0.31992948 1.0
-1039.1530635153104 215.28560017920015 -0.505726 -0.405249 0.35985717 1.0
-956.372577278657 209.0613829023624 0.263471 0.111805 0.31954604 1.0
-1016.1061728773964 191.0850232510177 0.237456 -0.092876 0.33732703 1.0
-1013.3430426976125 193.52355057717187 0.318832 -0.023312 0.3368769 1.0
-919.1705558755863 176.35074118116663 0.011695 -0.099629 0.29211125 1.0
-853.4179606897592 163.7791842495164 0.309428 -0.103531 0.26470408 1.0
-942.2150385204492 190.38422086484357 0.041841 -0.119809 0.30347443 1.0
-936.2527975230478 195.10096499027475 0.023689 0.198321 0.30200857 1.0
-896.4580001081218 187.72621085324792 -0.196701 -0.196453 0.29328856 1.0
-727.9366401030254 140.8774517843992 -0.144453 -0.073026 0.21516442 1.0
-935.7490463107348 191.81927748505592 -0.206766 -0.063569 0.3058615 1.0
-929.6518602400782 194.62857215615227 -0.49253 0.293574 0.30111232 1.0
-927.0477202721219 194.79734100484046 0.054779 -0.019614 0.3017834 1.0
-898.2765723290182 190.87114266397134 -0.039818 -0.337422 0.28846115 1.0
-798.4871167038416 169.86452760401443 0.087732 -0.152224 0.2450073 1.0
-737.5741689396976 159.52087749171022 0.494123 -0.109938 0.22193025 1.0
-935.5106720359687 203.94908974902862 -0.684923 0.121155 0.30628243 1.0
-746.9891502535016 164.506587777113 0.153508 0.298512 0.2264165 1.0
-872.6845106974074 194.10556076225316 0.435195 -0.145638 0.27911788 1.0
-815.7556441586722 184.78755614173832 -0.116828 0.353312 0.25412712 1.0
-756.0860793579527 173.17393853201042 -0.336198 0.571066 0.22947298 1.0
-1035.889654274089 194.73924488101088 -0.038432 -0.095878 0.34375507 1.0
-1061.6505642929471 203.5424427026862 -0.188818 -0.131601 0.35913146 1.0
-722.755931674416 146.20767741077245 0.468052 -0.010817 0.21097288 1.0
-852.8847378583796 173.17518832466428 0.140124 -0.029962 0.262678 1.0
-966.1933126226716 204.5164678579081 -0.34399 0.110346 0.31463966 1.0
-962.7457801749641 204.05185654711255 0.242142 -0.069459 0.31371984 1.0
-958.6168230242413 213.7456834276883 -0.280777 -0.0384 0.31261733 1.0
-799.0186172169331 181.2725627882008 -0.04062 0.33748 0.24202138 1.0
-1021.5860121150598 231.83189159024622 0.061365 -0.596441 0.34413415 1.0
-601.7704410537583 115.63175977985335 -999.0 -999.0 0.16395214 1.0
-1022.8942347863297 198.88334564873088 -0.299433 0.025077 0.3331857 1.0
-927.481534865422 182.25429608518436 0.507537 -0.801388 0.2890077 1.0
-790.9768961085568 157.39752903061606 0.344401 0.205473 0.2320587 1.0
-835.1034157970205 167.47557117220876 -0.055796 -0.001827 0.2509356 1.0
-1067.6478063161155 216.50000522522222 0.024516 -0.005775 0.35819426 1.0
-1067.146583746297 215.62701920785162 -0.544545 -0.016829 0.35554036 1.0
-1074.9898978341341 220.2795062716384 0.308265 0.474244 0.35941303 1.0
-810.5842395444099 168.64605096327367 0.155684 0.253941 0.2416861 1.0
-896.4895947965941 195.0210897881703 0.333422 0.339037 0.27803525 1.0
-669.1583039085867 149.9491209570527 0.515435 0.160523 0.19003044 1.0
-1061.850795020064 241.0192847992781 -999.0 -999.0 0.35936227 1.0
-877.8735094821373 199.78905753490335 0.187879 -0.097764 0.27152854 1.0
-875.7259260192583 199.29451714141894 0.55838 0.184398 0.27060837 1.0
-953.7272369088137 188.38042740260966 0.01616 0.081133 0.29524347 1.0
-1038.0011239910252 205.50976898062635 -0.026373 -0.004147 0.3339125 1.0
-813.0450666417239 161.30795135185207 -0.513086 0.055001 0.23745207 1.0
-1089.7130499273565 217.0415378294129 -0.124176 -0.392519 0.358666 1.0
-1066.5312200774567 211.97725071284353 -0.495975 -0.063044 0.34775454 1.0
-1082.2948855387438 215.12307213181163 -0.430653 -0.19294 0.35712293 1.0
-1079.6834853683279 214.66683059449008 0.032166 0.406602 0.3557918 1.0
-1041.70850187906 208.4576144657819 0.082814 -0.019826 0.33505195 1.0
-1082.225732636651 219.93457940511814 0.152937 -0.557427 0.35694578 1.0
-941.364224497196 193.0311940627143 -0.449693 0.80805 0.29060668 1.0
-841.0863618162022 174.63331413445607 0.004552 0.034936 0.24929816 1.0
-903.9560835312975 199.1934669357264 -0.012477 0.084102 0.2772273 1.0
-841.1043362602683 189.12794887316107 0.031228 -0.548169 0.25072238 1.0
-665.9189029197652 152.56208567558505 0.58102 0.330049 0.18492344 1.0
-982.2492515828678 225.65991134538314 0.23201 -0.283443 0.31370097 1.0
-1008.4458555100776 217.0123434030668 -0.286705 -0.531641 0.3158556 1.0
-1005.3171799139391 215.23696993999468 -0.161245 0.042496 0.3150239 1.0
-960.3001634101342 206.02476400075815 -0.076995 0.244017 0.29454166 1.0
-1040.9373321593914 226.26902763203836 -0.371792 0.065884 0.33202922 1.0
-781.1363926192748 165.8691552427213 -0.227062 0.114525 0.26039112 1.0
-951.5259257887432 202.39669051235802 -999.0 -999.0 0.34709838 1.0
-773.2831811310414 172.73138970897645 0.160168 0.011543 0.2597221 1.0
-875.8347825951774 206.03777301966593 -999.0 -999.0 0.31117138 1.0
-862.6808716224328 203.76951030330306 0.231829 -0.081451 0.30719078 1.0
-955.407182421866 225.7719994078332 -0.109201 -0.015231 0.35561493 1.0
-875.9149832588798 209.28431769988347 -0.072515 0.020917 0.31302434 1.0
-875.8693210068959 209.58628471245564 0.293816 0.444151 0.3132338 1.0
-858.1571640467479 206.35969101874687 -0.019794 -0.053073 0.3047847 1.0
-812.2113630381067 196.43982673276412 -0.128365 -0.058837 0.2814517 1.0
-856.6287148310714 188.6990444504968 0.041364 -0.138481 0.2915333 1.0
-974.3504111254384 221.3895625918341 0.099217 0.185701 0.35440895 1.0
-781.3801243985821 178.45480909067888 0.152719 0.182517 0.2582972 1.0
-886.9871495549929 205.20265112188957 -999.0 -999.0 0.31060567 1.0
-866.8979244193938 210.45667188669293 0.097906 -0.68267 0.3026918 1.0
-803.5802398594311 165.34678839002345 0.138331 0.04788 0.25815567 1.0
-879.3770404377818 201.72844059177032 0.218538 -0.373294 0.3010802 1.0
-992.8370309915248 228.32150155636342 -0.385337 -0.313848 0.3589741 1.0
-737.9805298986998 176.5532148899985 -0.579344 -0.102308 0.23678532 1.0
-750.1675865324419 181.56867931900618 -0.049236 0.044347 0.24464801 1.0
-891.5192497175423 217.17771324728074 0.294717 0.142275 0.3105567 1.0
-966.2127234736813 182.13107927482747 0.292836 0.354197 0.32651958 1.0
-970.8325599795843 182.60689044289796 0.063743 0.219644 0.3282163 1.0
-964.9035893738534 181.65144262441518 -0.026227 -0.086809 0.32556465 1.0
-963.466223078246 183.50490600019236 0.324324 0.057693 0.3250333 1.0
-647.4311126703088 130.8934293627257 0.228139 0.055212 0.19112934 1.0
-956.233350558465 196.77559257026232 0.121174 -0.145215 0.32473317 1.0
-689.3455355530471 142.93907748289968 0.011056 0.142732 0.20898889 1.0
-923.9882872047181 191.95785906764073 0.4034 -0.095982 0.30972752 1.0
-955.4489694009264 197.8043709329315 0.009248 -0.498716 0.3245322 1.0
-1016.5812557565631 215.16083354781827 -0.095438 -0.040824 0.3594165 1.0
-916.5370612302277 197.14914604570106 -0.355458 0.260665 0.30977616 1.0
-1009.7935907242518 225.95400266413083 -0.271702 -0.020931 0.3577677 1.0
-764.907521695957 186.34539809988354 0.131174 -0.162585 0.24475375 1.0
-1006.3841194952233 191.48814709654272 -0.05613 0.031907 0.34105352 1.0
-997.7990399670456 189.33232754237923 0.042138 0.126379 0.33854562 1.0
-998.9416936768524 190.0495088066192 -999.0 -999.0 0.3386637 1.0
-1001.2274509679793 190.9514764766407 0.771968 0.057956 0.3395813 1.0
-966.3765531165789 188.85356858166287 -0.420602 0.40012 0.32274428 1.0
-975.7535697335485 189.6066616727855 -0.256327 -0.183073 0.3270256 1.0
-839.0501593619466 169.76561282311027 0.025584 0.024497 0.26552138 1.0
-901.289662512774 185.13655465708263 -0.393994 -0.607417 0.2920879 1.0
-1028.5170067619313 212.91809767370287 -0.024871 -0.122116 0.35592854 1.0
-1033.3097525869618 213.83240370089428 0.538867 0.619377 0.3580104 1.0
-848.6936412137253 184.31224486718577 0.140293 -0.225529 0.27163473 1.0
-1020.4146619766159 230.46721947001365 0.504592 -0.343834 0.357561 1.0
-617.2952111630841 146.53854183124784 0.654479 0.044171 0.18115637 1.0
-896.5491917188126 213.3819841431293 0.27739 -0.111972 0.29966736 1.0
-622.9645531595386 151.10219682004399 0.299612 0.04016 0.18412142 1.0
-784.2410514557848 192.3132249542993 0.057164 -0.423484 0.24859042 1.0
-913.1071527922851 226.03708628227315 0.154028 -0.447278 0.3105821 1.0
-882.4964516511877 191.01812348739656 -0.072423 0.002986 0.31216896 1.0
-946.7247921375634 196.3897148324627 0.070486 -0.014257 0.33771077 1.0
-981.7741616061614 203.86162084773497 0.208839 0.194159 0.3589942 1.0
-851.0337080903529 180.26894861948273 0.230404 -0.012181 0.28920877 1.0
-864.3309562715096 189.9191386726352 0.187216 -0.195568 0.2994687 1.0
-865.060260747185 190.62651177385086 -999.0 -999.0 0.2999122 1.0
-783.5500789780776 174.0578583374579 0.368036 0.13036 0.25582397 1.0
-943.357919224729 210.1848319344071 0.08223 -0.724425 0.33452454 1.0
-755.7813568369603 169.71538230864002 0.029002 -0.255509 0.24451563 1.0
-831.3945198033069 203.45824007038294 0.14008 -0.047836 0.2828727 1.0
-943.0803374823273 192.9523305588619 0.543104 -0.920711 0.32268545 1.0
-944.2496708512575 194.35622164013296 -0.274675 0.235264 0.32271367 1.0
-947.3152738856525 195.8645912861157 -0.062561 -0.00802 0.3235072 1.0
-817.4317866127067 171.06394720299477 -0.223066 0.055449 0.26262212 1.0
-1001.5075596921502 208.99530760391835 0.852019 0.446155 0.35483962 1.0
-935.4986042331972 198.69592183571726 -999.0 -999.0 0.32128116 1.0
-820.4127471276362 182.52466884619665 -0.168921 0.288512 0.2683555 1.0
-896.7909931385894 199.42746439193317 0.060802 0.126144 0.30333692 1.0
-904.5442321111834 207.13034998695048 -0.17064 -0.617702 0.34451076 1.0
-905.9780888465218 208.41388348195073 0.075013 -0.05815 0.34454435 1.0
-837.3890014325724 195.00836491595462 -0.270737 -0.153439 0.3061147 1.0
-834.6602064038324 195.54854919681304 0.252989 0.294711 0.3062676 1.0
-805.3714448351791 179.54808320545678 0.028916 -0.018805 0.28041592 1.0
-570.5629063867519 130.9541976135792 0.236848 -0.243044 0.1815798 1.0
-840.6205128424698 196.38934810875608 0.131432 -0.190524 0.30575922 1.0
-725.0025994920024 172.27758499498623 -0.1544 0.123254 0.2497274 1.0
-749.3984559974738 173.77011867760203 -0.423817 -0.465335 0.25397834 1.0
-936.3653109417635 219.26333760497275 -0.006288 -0.359454 0.35265052 1.0
-939.3940539405356 223.28613107884937 0.320855 -0.187766 0.35709834 1.0
-919.5443614481983 220.81826836618012 -0.442658 0.298043 0.34410203 1.0
-941.7249334712711 226.56991656383173 0.142153 0.174462 0.35918552 1.0
-963.0966791607107 179.13106902171663 -0.056706 -0.175319 0.32710546 1.0
-913.0183727595168 171.91261762719245 -0.100998 0.044318 0.2976514 1.0
-991.6957386316109 187.48950905791392 0.320433 -0.211895 0.33812758 1.0
-997.4539917333909 213.60819690136702 0.062468 0.326776 0.30858383 1.0
-1027.0198063255427 262.37826271567303 -999.0 -999.0 0.32897133 1.0
-622.8161918108201 160.93992613281736 -0.271581 0.200038 0.18433225 1.0
-1026.9612559526383 202.8630187846614 -0.330289 0.056486 0.3399698 1.0
-926.4994749731001 192.2654948896011 0.021315 -0.192963 0.2919003 1.0
-984.359713949969 207.37668704348079 -0.305565 0.393376 0.32073095 1.0
-973.4308828213248 210.10333179339213 0.46836 0.274018 0.31569856 1.0
-970.5895438137081 212.35884121949027 -0.165758 0.203695 0.31385854 1.0
-878.1182110354755 191.49153528507512 -0.152495 0.131993 0.2712793 1.0
-930.4713815680814 182.68937723056823 0.066546 0.019692 0.2888974 1.0
-696.120690946838 137.56020950455678 0.058547 -0.286011 0.19515975 1.0
-938.4795640093043 187.91113006315962 -0.252664 -0.561948 0.29103506 1.0
-978.7975873816384 197.86145330411523 0.427548 -0.165141 0.30977428 1.0
-797.3199275771406 158.4373400317809 -0.242558 0.13796 0.22896898 1.0
-1092.392368792452 217.25842275534305 -0.344259 0.100094 0.3593979 1.0
-930.4489516565354 189.26957330965342 -0.093015 0.073096 0.28298616 1.0
-795.7176427255841 163.07567225984914 -0.174538 0.001956 0.22916709 1.0
-882.8148441982173 182.78767656142173 -0.003739 -0.169479 0.26387686 1.0
-948.8523860191659 199.55621002064828 0.091254 -0.035424 0.29286197 1.0
-955.3115081894922 201.04365276159487 0.448976 0.224999 0.2953856 1.0
-985.8750564107662 208.90466867230063 0.013652 0.129264 0.30795053 1.0
-896.8940344734086 190.70643583674598 -0.072176 0.077182 0.270754 1.0
-708.0652788059218 153.1442576277416 -0.006293 0.104775 0.21541643 1.0
-646.5395124300835 142.9707879580821 -0.479851 -0.093992 0.1928073 1.0
-974.2950408046787 215.86317453389054 -0.169074 0.466312 0.33531046 1.0
-648.5899339868332 146.0461358283309 -0.076688 0.283982 0.19356927 1.0
-613.3098128110264 149.42889772213914 0.102674 0.17158 0.18327461 1.0
-616.1447375963513 150.74202598265234 -0.024145 0.110188 0.18448395 1.0
-576.5491514976613 131.356645345604 0.147838 -0.298065 0.1643864 1.0
-888.7993604389507 209.27831499027437 -0.218854 -0.107252 0.292448 1.0
-704.3933826440043 170.61301275374103 -0.079653 -0.089667 0.21419433 1.0
-784.6290212616489 191.51956248635489 -999.0 -999.0 0.2476702 1.0
-749.1182646812265 161.9224266145849 0.061445 -0.239454 0.22414067 1.0
-731.4007696226405 163.72667088734784 0.164201 0.214379 0.21699756 1.0
-576.4997267432345 129.9442321640605 -0.440177 -0.525774 0.16184714 1.0
-638.2217210840602 148.83835891797548 -0.474279 -0.288076 0.18388031 1.0
-636.4970455914317 148.6026616355415 0.072796 0.202707 0.18350953 1.0
-700.6778360834152 170.58243795888376 -999.0 -999.0 0.20902547 1.0
-643.5566359347768 164.75763221218492 -0.528972 0.156315 0.1893956 1.0
-866.6478819413967 226.36609127012161 -0.264178 -0.041985 0.28105536 1.0
-975.1820366819325 214.5948494820864 -0.201058 0.293349 0.31561208 1.0
-759.9523453096277 171.02286503908203 -0.051439 0.068183 0.22500953 1.0
-636.7661832349269 165.25397298219104 0.034082 0.159924 0.18297324 1.0
-982.3845231386885 259.84889206149796 0.089734 -0.307555 0.33290806 1.0
-710.1862372226318 188.37764036756732 0.294164 0.203399 0.21201974 1.0
-646.8711561146163 138.30257654654704 -0.306261 -0.181843 0.17933366 1.0
-993.8567201646844 218.32205878876178 -0.181957 -0.164542 0.32073957 1.0
-788.5401017182011 183.79721932269123 0.145751 0.090962 0.23394552 1.0
-898.127622359857 215.29337645056046 -999.0 -999.0 0.2802655 1.0
-691.6904351870807 177.89196341856777 0.271961 0.122794 0.20019555 1.0
-961.8818591614626 251.51692970221453 0.1283 -0.060477 0.3146048 1.0
-1019.9275411868826 267.62563268369485 -0.063537 0.095076 0.34201774 1.0
-1018.3319147323837 266.8052229371124 0.166644 -0.071438 0.34153157 1.0
-826.9758842256383 185.61416205934367 0.235266 -0.049156 0.24371935 1.0
-661.8564109050964 149.97293230809163 0.255939 -0.128333 0.18305185 1.0
-632.910204367939 147.5537169973087 0.183494 -0.09644 0.17317364 1.0
-1037.6683219648444 267.82901521425157 0.095551 0.116603 0.34389204 1.0
-829.60141391885 158.18287183286174 0.005364 0.033703 0.2613923 1.0
-842.0432528916198 168.752338560512 0.053952 0.09795 0.26442719 1.0
-783.7542603908475 168.54344275652846 0.530297 -0.44012 0.24222538 1.0
-651.1394920964225 142.73028968018548 -0.334467 0.185804 0.1904512 1.0
-635.8086255694975 119.84981085207869 0.52454 0.044463 0.18027575 1.0
-635.9001345770624 119.90214782692394 0.202167 0.078838 0.1803395 1.0
-676.8130501776965 129.65811212698986 -0.360426 -0.217691 0.19423474 1.0
-794.0336322328907 153.00675045172179 -0.628919 -0.228328 0.24015452 1.0
-634.8965920179533 123.09955729121766 0.230431 -0.03129 0.17958681 1.0
-856.3106511548501 170.01727353463167 -0.286685 -0.050633 0.26516154 1.0
-715.8556477938815 147.53435772962592 -999.0 -999.0 0.20992161 1.0
-1026.3979662160025 213.1040731702023 -0.469897 0.016025 0.3589399 1.0
-862.1753085376165 160.97333918608777 -0.202275 -0.030905 0.26827452 1.0
-886.0683105651976 175.13026839082372 0.034021 -0.003899 0.280196 1.0
-639.5202586857196 127.31733117287395 -0.156792 -0.04253 0.18270996 1.0
-851.0846379260136 169.8391958684269 0.02755 0.013861 0.26481313 1.0
-909.5589431077539 185.4899012940705 0.091043 0.312291 0.29169077 1.0
-766.9230174112267 159.0454477646995 -0.415059 0.066247 0.23086616 1.0
-849.984814815391 183.0893450938187 0.266777 0.022591 0.2674052 1.0
-676.4852237276751 147.8456375720984 -0.200663 -0.055041 0.1978559 1.0
-876.3331416215162 193.14858567453336 0.024186 -0.015627 0.2788543 1.0
-1034.380728325186 230.09080002495034 -0.153225 -0.060848 0.3564069 1.0
-981.4932184947108 221.76508091522314 0.229927 0.558834 0.33136582 1.0
-797.6531360549969 150.75936799028676 -0.467767 -0.119773 0.23920162 1.0
-677.7979160379487 132.55818691010083 0.130812 0.011558 0.19419885 1.0
-852.3490291540102 171.5869461980682 -0.25149 -0.185354 0.26115572 1.0
-1059.557409846972 218.79434380781763 -0.11875 0.640425 0.3583835 1.0
-945.3372190937104 195.25878823340744 -0.24361 0.129148 0.30358434 1.0
-607.6630935250197 116.82747031331574 -0.081057 -0.074211 0.16601263 1.0
-1068.5971244668742 207.38739567151788 -0.08785 0.212237 0.35639387 1.0
-845.4511458985636 167.75002168137206 0.704812 0.146135 0.2538712 1.0
-869.7076524844176 175.3818748205338 -0.102697 0.227408 0.26450735 1.0
-1073.1846516213036 216.90912326742128 -0.396419 0.110503 0.3591414 1.0
-971.3167020930574 212.57282805722238 -0.400967 0.224057 0.31286433 1.0
-980.0792018647655 214.65929893848622 -0.151393 -0.032266 0.3162074 1.0
-882.665140109378 196.9771684474294 -0.017431 -0.085499 0.27331367 1.0
-1003.8520930797547 224.5624097359877 0.107819 -0.120753 0.32949084 1.0
-810.9586375899073 181.67051811918947 0.194008 0.214071 0.24315822 1.0
-814.6248970671561 161.26986835122383 0.024661 0.11166 0.2379826 1.0
-606.2436886451849 120.04290825782672 0.124004 -0.166965 0.16301566 1.0
-698.1424611164213 140.11852476084425 -0.30662 0.069047 0.19507492 1.0
-695.3551994786659 139.70226852670214 -0.398368 -0.22121 0.19441639 1.0
-680.4211619152077 139.1898418329227 -0.037341 0.20118 0.18903147 1.0
-647.8091415372159 145.014453701963 0.192991 -0.044113 0.17931505 1.0
-644.7391570016475 144.42438954731972 -0.294883 0.088308 0.17856103 1.0
-770.7768059348707 174.56816399371067 -0.022097 0.063144 0.22285411 1.0
-978.2331269741893 225.18575727134947 0.0011 -0.128537 0.31218943 1.0
-884.3665150806811 190.02767565338655 -0.038098 0.217751 0.3101105 1.0
-867.2737121272457 207.45378421695494 -0.204336 -0.209378 0.309363 1.0
-586.8791485466081 140.67185532148477 0.016044 -0.022651 0.18400496 1.0
-557.327759012976 136.21271633910308 0.121245 0.711107 0.17229104 1.0
-787.6120937498315 164.8665685179877 -0.092237 0.169178 0.25800484 1.0
-783.18819036346 179.10944254553326 -0.122087 0.100882 0.2588952 1.0
-877.2982613316341 183.512459520134 -0.351832 -0.12807 0.2940129 1.0
-928.1491654929994 199.69365816818845 -0.013537 -0.075934 0.3204549 1.0
-990.7840600355679 228.76921329544484 0.062323 0.022787 0.35951704 1.0
-646.3267799054121 130.62689004366723 0.092035 -0.055434 0.19075176 1.0
-612.7114125209157 125.5717828231073 -0.232158 -0.200172 0.17962477 1.0
-1014.6144187988978 210.10290475901323 0.32477 -0.240217 0.35844055 1.0
-693.5060633132498 145.11541782923828 -0.126348 0.223665 0.20962557 1.0
-611.8682288225228 128.74988661189573 -0.403994 0.441117 0.1801724 1.0
-643.4545663336745 139.04784146683178 0.009685 -0.100731 0.19143596 1.0
-645.7894077242546 140.07025481537275 -0.365768 -0.507485 0.19278507 1.0
-701.9903693706578 156.9520072456241 0.018184 -0.155146 0.21630076 1.0
-1010.5351059632151 225.96376994469904 -0.176449 -0.201467 0.35903668 1.0
-693.2360882589543 159.1210993221704 0.281419 -0.545536 0.21225339 1.0
-613.9919657307253 114.95459194914962 0.344019 0.19102 0.17468996 1.0
-621.9125433851398 127.53077240519008 0.339471 0.231497 0.17999321 1.0
-833.4387372738012 170.86150754980656 -0.427787 -0.211765 0.2636186 1.0
-1031.0793180962678 212.824296913375 -0.008991 -0.295126 0.35989994 1.0
-1032.6115230321373 214.2059631985678 -0.214508 0.374775 0.35845846 1.0
-629.0168933211462 130.995764529899 0.266713 -0.09555 0.18176886 1.0
-672.9706305046519 142.68688156498447 0.362581 -0.222521 0.1988012 1.0
-662.837670246834 142.65403440658798 0.187354 0.116246 0.19598788 1.0
-847.9503873212775 185.00447725264445 0.289526 0.225952 0.27051258 1.0
-573.8311916484806 127.7059631794152 0.322504 0.089265 0.16461453 1.0
-645.0592599260546 148.3500733367303 0.337419 -0.101682 0.19079067 1.0
-925.0735793152971 215.89973261686993 -0.029724 -0.035865 0.31026313 1.0
-900.5582143250158 210.60837313312499 -0.018708 -0.178107 0.2987777 1.0
-541.1793273402857 118.20619001374584 -0.100212 -0.022023 0.16387945 1.0
-945.7098374357608 196.3170764487886 -0.03092 0.063272 0.33712056 1.0
-852.6806657986369 182.30753906861497 -0.448963 0.134737 0.29161224 1.0
-593.2084486884281 128.92600532911428 -999.0 -999.0 0.18112926 1.0
-724.8418036958778 162.4957296017025 0.315808 0.09424 0.23620966 1.0
-965.3652727362366 234.8224491367082 -999.0 -999.0 0.35951003 1.0
-799.1601563485851 167.11527212238846 0.062499 -0.027397 0.26134977 1.0
-632.1261135628754 137.27040086801776 0.453083 0.494098 0.19194688 1.0
-855.436286601667 175.92908920843394 0.013781 -0.091708 0.27968484 1.0
-947.2121687920929 195.3286742109829 0.027736 0.061805 0.32382393 1.0
-1013.7692353444675 209.95884462686368 0.201746 0.279311 0.35919815 1.0
-937.4552150889687 198.5045071067406 -0.046401 0.251241 0.3224183 1.0
-875.8056460174486 188.2902821288338 -0.097789 -0.152859 0.29238904 1.0
-830.5312159830029 194.81551873763186 -999.0 -999.0 0.30591935 1.0
-605.9670924870862 136.84408218626928 0.223491 -0.137649 0.19862336 1.0
-640.5439930208173 145.37789060021626 0.330048 -0.535125 0.21322201 1.0
-570.8919816708601 130.35830543375033 0.3095 0.047248 0.18220574 1.0
-612.4578096455203 135.22720197691078 0.134591 -0.157341 0.19446512 1.0
-617.492127007842 137.69096250493064 -0.17328 -0.396473 0.19550899 1.0
-918.2264795212535 207.3407777409528 0.174961 0.499723 0.3403044 1.0
-922.2984391410877 209.9810362028177 -0.321095 -0.127455 0.3415589 1.0
-867.7642283942718 201.3274772544516 0.018077 -0.005254 0.31373176 1.0
-851.8382645604692 199.8059383084344 0.189732 -0.064817 0.30662373 1.0
-695.0650460575948 164.39127489366678 -0.081398 -0.541554 0.23236729 1.0
-916.3803528417977 220.02062208347795 -0.216826 -0.119084 0.34218788 1.0
-922.8189979919243 221.23344548577205 -0.429828 -0.233886 0.34683007 1.0
-936.9391616745263 175.43999870139083 -0.010328 0.053973 0.30856067 1.0
-791.6891360594412 203.69847402685508 0.019159 0.151444 0.32884425 1.0
-792.0354830433083 203.79871216575148 -0.262376 -0.199326 0.3285942 1.0
-788.5171907952544 203.353211301878 -0.095973 -0.001334 0.3278291 1.0
-526.8879565300422 133.48085204354206 0.309628 0.256737 0.18496701 1.0
-931.3757321847024 233.48829937799343 -0.499067 -0.199053 0.32258567 1.0
-837.1942919898139 209.3032552614588 -0.200441 -0.241103 0.3039584 1.0
-914.18133588126 227.12249862256164 -0.458094 -0.332004 0.33951 1.0
-940.2408759185766 244.06552838093856 -0.191814 0.001023 0.32781765 1.0
-882.8818071773145 230.8567711197888 0.101608 0.16033 0.29937932 1.0
-699.1217892801986 173.11721578636931 0.18174 -0.058 0.22975649 1.0
-938.7725386017732 234.50977102018575 0.576749 0.468292 0.35843104 1.0
-860.6720225253566 203.61276939348588 0.123082 0.111362 0.35181123 1.0
-773.2476655667305 193.5814571506968 -999.0 -999.0 0.30543438 1.0
-819.9929070035547 192.65026135485485 -0.001098 0.536625 0.31717834 1.0
-646.1751012948539 154.0733191887112 -0.142835 -0.292771 0.22495686 1.0
-865.7348387396363 204.01259689253862 -0.18504 0.128068 0.34958988 1.0
-859.8725199082759 202.28653547262027 0.065394 0.033705 0.34796533 1.0
-886.8339195116665 207.84709212301763 -0.067375 0.029097 0.35309285 1.0
-804.1581477123752 192.1607213026357 -0.220261 -0.090776 0.3090466 1.0
-903.0582200249875 216.940214360217 -0.043833 -0.28318 0.35320586 1.0
-901.366768403079 219.03476404255156 -0.042969 0.051325 0.35229748 1.0
-899.447513664972 219.50983879774003 0.621902 -0.443125 0.34169436 1.0
-708.3657849267173 181.0578927011159 0.272578 0.17041 0.27793676 1.0
-795.6458782269536 203.23031061618485 -0.108317 0.366341 0.32907668 1.0
-797.0803885611748 204.67920456885358 -0.048743 -0.406272 0.33220398 1.0
-792.5948027006568 203.9723526845062 -0.009193 0.032409 0.3294565 1.0
-802.9859998867988 189.87964647354585 -999.0 -999.0 0.31859568 1.0
-848.796069139996 202.55738630889417 -0.182747 -0.165895 0.34728166 1.0
-849.1103271844767 206.06078325117858 -0.224016 0.54287 0.34922498 1.0
-757.7265156140483 189.74123258553718 -999.0 -999.0 0.2966578 1.0
-606.1680963476233 143.00717126788763 -0.161052 -0.041412 0.21134089 1.0
-835.2520077481994 197.56728155929915 -0.149608 -0.182398 0.32194602 1.0
-625.5987491085758 149.35505450695197 0.293517 -0.140622 0.21562877 1.0
-834.9982305954073 198.84043280158446 0.041287 0.098887 0.32147473 1.0
-771.6036093158859 185.2667386973308 -0.267881 -0.193792 0.2876018 1.0
-613.6225364171036 143.80607247353728 -0.087221 0.00707 0.21093929 1.0
-859.0151191823963 200.46847180050636 -0.110101 0.212736 0.34520116 1.0
-534.1830649713639 126.43201324151495 -0.079411 0.052067 0.18104957 1.0
-785.3624410618054 191.20765030349938 0.208675 -0.209988 0.30644032 1.0
-855.5099827960231 208.38455860813534 -0.150288 0.312302 0.3488945 1.0
-531.0878239746622 132.07788068383041 -0.109499 0.144396 0.18343908 1.0
-778.9404474375376 195.35958184460094 0.13016 0.407305 0.3075972 1.0
-872.547141193622 205.4470182253822 0.424218 0.336707 0.34788877 1.0
-773.1778556725865 188.5304438029304 -0.202874 -0.099085 0.3086823 1.0
-534.6497116120305 132.07883185041425 -0.131948 -0.698927 0.18930371 1.0
-794.8573387223481 204.71632981790177 -0.108695 -0.127432 0.33087194 1.0
-792.2291784233638 204.0560621672648 -0.132343 -0.126607 0.32931918 1.0
-512.2905872807542 127.11294904619746 -0.183589 0.039881 0.17764345 1.0
-856.074355915942 202.36984371344633 0.321244 -0.088165 0.3493358 1.0
-594.722560973634 141.7846819511348 -0.094574 0.071217 0.20976411 1.0
-817.542987246828 203.40389090688373 -0.362027 0.203368 0.32935667 1.0
-537.3279813817653 134.33418863592718 -999.0 -999.0 0.18852577 1.0
-790.966210388627 197.0837082034077 -999.0 -999.0 0.3172504 1.0
-818.7877937153971 192.9951729816173 0.211201 0.224995 0.3175408 1.0
-799.4155282783308 190.89662811439294 0.397894 -0.069261 0.30724642 1.0
-612.2448425117537 143.4582773148199 -0.014946 -0.053404 0.21028246 1.0
-837.9204517962347 196.88435793178522 -999.0 -999.0 0.32225385 1.0
-838.9674898531651 198.22948417556077 0.022605 -0.365804 0.32324794 1.0
-825.9449784069192 196.9769573946832 -0.014066 -0.411007 0.3177628 1.0
-792.7666641848174 185.45643717232258 0.018877 -0.165523 0.30618098 1.0
-526.7157011975272 124.53814519106648 0.191109 0.149985 0.17908683 1.0
-531.6781898322943 126.20584878943232 0.157724 0.273989 0.18047422 1.0
-866.2685563633308 204.86861928957953 -0.11248 -0.079666 0.35154814 1.0
-848.7037645522046 201.97037325196837 -0.004795 0.19126 0.3419217 1.0
-527.0943446279615 126.19788142094072 0.182735 0.111628 0.18009341 1.0
-590.389776874329 146.18184137551327 0.035506 -0.211901 0.2099177 1.0
-820.4426094789857 194.58037324822882 0.418698 -0.125139 0.31764534 1.0
-611.826405903785 146.45037508712457 -0.1217 0.018776 0.21267553 1.0
-803.8143150867153 192.92676232868726 0.067598 0.275717 0.3035551 1.0
-589.9937708146006 156.3059840326569 0.430902 0.094685 0.17442158 1.0
-926.529266337564 233.00280357841064 -0.363199 -0.669504 0.32171956 1.0
-861.5975125928649 214.70710242506772 0.307215 -0.344087 0.29638904 1.0
-836.2025276546284 212.84486496449264 0.054479 0.053579 0.2750966 1.0
-749.5067141280678 184.67700387467238 0.189 0.185968 0.25202906 1.0
-911.2199858097231 220.55970395077742 0.358767 0.384333 0.3538776 1.0
-619.3138984332352 150.31171901778754 -0.235475 -0.704365 0.20780578 1.0
-764.991779869235 185.7072681080464 -0.54371 -0.213243 0.27612513 1.0
-840.5067924070686 200.29026226816802 0.457908 -0.588977 0.30875647 1.0
-841.5643151282181 200.77568440955284 -0.090241 0.29973 0.3089045 1.0
-838.5897894962018 202.7217235623457 0.038703 -0.132635 0.30949825 1.0
-891.3487791074385 219.50280067754431 -0.259396 0.345789 0.34107947 1.0
-772.6061433068669 193.27244389496892 -0.495006 0.120462 0.24716802 1.0
-770.9094857876148 194.35452627268194 0.194336 0.161598 0.24813417 1.0
-895.2706427108463 227.28243302550288 0.216223 0.052592 0.30011776 1.0
-613.6976768867264 161.79057577239448 -0.390468 -0.451758 0.18309355 1.0
-584.3780951066832 154.58237269548778 -0.115569 -0.282541 0.17264871 1.0
-588.2960830908173 155.8460620139259 -0.354127 0.170232 0.17359342 1.0
-586.9881209765311 155.51713801139127 -0.261258 -0.336556 0.1729666 1.0
-589.5183302603016 156.27494637784272 0.307805 -0.38978 0.17383146 1.0
-558.4596372430419 137.50548627195735 0.22682 -0.12152 0.1740348 1.0
-969.380298513717 238.47728901448346 -0.12969 0.129203 0.3587755 1.0
-968.7607201467492 239.5253538938961 -999.0 -999.0 0.35937712 1.0
-614.5874153092849 153.2617659897383 0.352307 -0.217595 0.18860205 1.0
-745.2031118229487 185.30400601280374 -0.199846 -0.275148 0.23773855 1.0
-611.0259711407946 153.9129916388051 -0.424835 0.187996 0.18566273 1.0
-580.2784449514929 146.82668067816664 -0.132925 -0.227691 0.17345476 1.0
-608.5918284644204 154.1565854169016 -0.032028 0.060098 0.18506292 1.0
-593.0970662902529 147.14852800577088 0.232144 0.010614 0.1827182 1.0
-616.8410430212053 156.1560903872241 0.072746 -0.005241 0.18860725 1.0
-551.4074810437563 130.02319912784628 -999.0 -999.0 0.17997545 1.0
-723.3393795774524 174.46374006039258 -0.257961 -0.29379 0.2493013 1.0
-835.7126216586369 199.1013624013717 -0.055914 0.008832 0.30623862 1.0
-856.6502097201635 223.8478622110911 0.035956 0.349191 0.28955293 1.0
-712.3620909793191 187.76595637738495 0.068246 -0.210974 0.24600983 1.0
-584.1959541077447 150.47948722496193 -999.0 -999.0 0.1866998 1.0
-937.5434014360267 240.77553622976248 -0.013155 -0.268182 0.35474294 1.0
-894.4410072322632 236.41282634651614 -0.282358 0.222801 0.33237678 1.0
-849.9006336342507 222.48205502088243 0.227832 -0.123326 0.29475194 1.0
-599.833050840681 157.49670421712412 0.393474 0.39236 0.18676913 1.0
-700.2127091878499 184.71628855875292 0.496131 -0.137141 0.2400114 1.0
-811.7108383079983 214.92812978591775 0.053311 0.189868 0.293443 1.0
-577.3587986842227 145.74787558405774 -0.136202 -0.531777 0.18033084 1.0
-946.0272220737193 240.52729152404 -0.269862 -0.234285 0.35422462 1.0
-940.5284913240027 239.69511034717675 0.343429 0.003886 0.35378304 1.0
-769.5011733137143 198.42949117013578 -0.200413 -0.026924 0.26525414 1.0
-940.3350866196215 243.4517075793908 -0.162142 -0.288972 0.35203642 1.0
-886.2620656237441 226.75342460424892 0.16983 -0.175198 0.308608 1.0
-919.815873028706 242.7320092202838 0.689196 0.189822 0.32767317 1.0
-856.020058414482 227.48403533884792 0.24394 0.339431 0.2976587 1.0
-977.6292870590117 259.71029803352235 -0.17401 -0.148088 0.35563505 1.0
-789.1867325786455 205.01270409309376 0.198657 0.169361 0.32872856 1.0
-815.6512905256205 213.61321217443063 -999.0 -999.0 0.34496585 1.0
-757.2861461304204 196.63882938678822 -0.257831 0.121984 0.30313432 1.0
-807.9727501359251 205.26144157067202 0.204934 0.345872 0.3271475 1.0
-660.9782177343712 170.0161821554449 0.098563 -0.205176 0.24927889 1.0
-876.5080576291903 212.27795335781738 -999.0 -999.0 0.35743204 1.0
-847.0974034253384 205.9628592521381 0.325415 0.075878 0.33937886 1.0
-777.9697076961343 198.64873412442876 -999.0 -999.0 0.30358618 1.0
-749.9069596659727 192.4639314821939 -999.0 -999.0 0.2900351 1.0
-829.3039458899855 214.2289466374753 0.109901 -0.021107 0.33755764 1.0
-764.4245345442016 197.65002301073022 -999.0 -999.0 0.2971813 1.0
-830.0544067385991 201.07981463124318 -999.0 -999.0 0.3211922 1.0
-660.2864922960895 160.4814080690148 -0.029003 0.034544 0.23353195 1.0
-826.2217356948491 201.07907243947915 0.303869 -0.225598 0.32032222 1.0
-840.1751187484591 204.0769696966688 -999.0 -999.0 0.32588023 1.0
-838.726673410507 204.87194935519403 -0.324231 -0.317448 0.32561964 1.0
-845.8457161442703 216.3751637773344 -999.0 -999.0 0.33757114 1.0
-537.4526586083969 130.76717840587514 0.610137 -0.206379 0.17578107 1.0
-776.460691366336 190.46255129835106 0.478635 0.086365 0.28636006 1.0
-834.5820959040303 206.15069327481714 0.015066 0.194587 0.31898332 1.0
-856.3546831161709 211.39207336435254 -0.115941 -0.021667 0.33252504 1.0
-695.8547607372568 171.76872084140547 -0.059972 -0.200012 0.24600057 1.0
-623.1901859356414 153.75586007203776 -0.299883 0.299331 0.21406431 1.0
-862.0082177617472 221.10083545206302 -999.0 -999.0 0.33817387 1.0
-830.8730062740821 213.56286974458394 -999.0 -999.0 0.3212617 1.0
-830.158617453085 217.1058793742228 0.423849 0.404752 0.32151857 1.0
-724.4866032603592 182.71800012097071 -0.199751 0.324527 0.25675768 1.0
-559.3104927382707 143.06350452291372 0.363769 0.328146 0.18448016 1.0
-525.3591759051016 134.82689974109675 0.085459 -0.361811 0.1703666 1.0
-656.3025680410153 167.8139430460256 -0.527449 0.259514 0.2271264 1.0
-749.4613088761913 196.32824567799491 -0.144514 -0.020733 0.27416888 1.0
-795.7825225446784 206.99671895168598 0.092526 0.296372 0.31824303 1.0
-850.3900755575621 222.31484897160303 0.098508 -0.100373 0.35092282 1.0
-766.9761964370025 200.3410456658923 0.121035 0.047423 0.2927743 1.0
-735.6891527153841 194.7234820304127 -0.121952 0.03148 0.2733409 1.0
-554.2819216525712 146.08899961124928 0.010483 0.340085 0.18459862 1.0
-849.910360165438 207.74820316773415 -0.02826 0.326344 0.344497 1.0
-774.454974782296 192.42419552927367 0.079017 0.042861 0.30077207 1.0
-815.9154350501329 204.4160414120824 -0.149175 0.09142 0.32696575 1.0
-773.8549129674998 199.25880148973616 0.022147 0.17495 0.30676556 1.0
-807.7653684586822 208.79849249105862 0.359113 0.118082 0.32723117 1.0
-525.3494825728328 136.40075118927453 -0.044229 0.013988 0.18398696 1.0
-772.2696597314875 201.77277589919157 -0.088867 0.022618 0.30684513 1.0
-539.2490531073744 132.7149790191653 -0.445516 0.850319 0.18270703 1.0
-793.1582240654682 197.53874553879763 0.303803 0.215119 0.30693507 1.0
-805.0333163612812 206.84519815079517 -0.188016 -0.019976 0.31528395 1.0
-807.5288449221064 211.2674476438975 0.142703 -0.066689 0.3198719 1.0
-774.3512941420472 188.45233961579922 0.298929 0.377212 0.28670755 1.0
-773.6235193026122 189.1387439192768 -0.272337 -0.114012 0.28648734 1.0
-867.4492201278007 213.37648551026328 0.319887 -0.504392 0.33999762 1.0
-837.8516887595375 205.8687974156489 -0.440017 -0.018043 0.3247266 1.0
-543.8931201779361 136.98594508445163 -0.051554 0.080351 0.18271483 1.0
-705.0262185755646 178.8781946271872 -0.045892 0.05782 0.25521615 1.0
-873.8999750736899 225.255284526122 -0.501699 0.185407 0.3491686 1.0
-773.3018863666733 200.49575293653263 -0.513485 -0.04831 0.29326585 1.0
-817.4883189430988 215.2631699262635 0.055324 -0.363202 0.32105765 1.0
-729.5747347340242 192.95782052720668 0.076255 0.006488 0.2722904 1.0
-676.921663102399 166.12715483436125 -0.17422 0.154685 0.23495781 1.0
-722.9785037980276 184.91090496680988 0.189545 0.176449 0.2592811 1.0
-834.6145419989078 215.60708044223975 -0.137389 -0.130171 0.32045487 1.0
-836.0330469892434 218.4616115535922 -0.086459 0.021278 0.32081494 1.0
-814.7565966966431 206.3019909304692 -0.227766 0.183488 0.30123875 1.0
-693.190029650621 178.46025820429753 -0.223978 -0.217245 0.2408089 1.0
-743.1231339807948 191.61563482921596 -0.280639 0.076578 0.26081905 1.0
-821.8341823148694 212.493762583834 -0.278956 0.314689 0.2986471 1.0
-746.4203836782386 191.97201597417597 0.168541 0.029886 0.23759969 1.0
-542.6129968847476 139.22841885800997 0.031358 -0.099174 0.17201363 1.0
-700.0698862457858 184.61425206742695 0.171058 0.045187 0.24003464 1.0
-702.2360289061147 184.95995236653715 -0.154623 -0.278831 0.24125828 1.0
-587.9041409240075 153.78553365228836 0.047968 0.081238 0.18772396 1.0
-542.5546726396611 135.24543817275023 0.04893 -0.372923 0.16302589 1.0
-592.4075061315466 151.27426750949738 -999.0 -999.0 0.18143234 1.0
-742.1867150094487 192.01720586280618 -999.0 -999.0 0.2443976 1.0
-592.9667162225782 153.20460648029322 -999.0 -999.0 0.18195662 1.0
-575.0072919986129 149.82154449972433 -0.003914 -0.040194 0.17357591 1.0
-588.6250816998354 149.51413666985871 0.153108 0.191199 0.18815538 1.0
-576.3945189481401 147.55373761918776 0.084667 0.543004 0.18454297 1.0
-589.2924634632755 149.83387760942685 0.133022 -0.088704 0.18522277 1.0
-587.4645832441649 155.3865106123262 -0.040562 0.009927 0.18650942 1.0
-738.2608966326707 192.4277143436545 0.123119 -0.128249 0.24662614 1.0
-902.7082830395719 239.00774652691533 -0.075209 -0.030512 0.32673714 1.0
-603.1915920112289 152.65111129714373 -0.09781 -0.113126 0.18441167 1.0
-850.175100136407 220.50428462705113 -0.010618 -0.288369 0.29242095 1.0
-845.3416180170123 222.0165492501335 -0.196272 0.226005 0.29049912 1.0
-529.614662497553 128.85866858305292 0.108106 0.169075 0.18006311 1.0
-528.8460361199891 128.33108092235145 0.173149 0.273029 0.179748 1.0
-848.4498010447186 206.8432876633905 -0.221498 -0.229682 0.33951336 1.0
-516.3301110188257 131.8894912611452 -999.0 -999.0 0.17622164 1.0
-591.7031659567065 150.81688333963206 -999.0 -999.0 0.20960024 1.0
-532.0163745258218 136.2888673680659 0.123731 -0.150607 0.18418564 1.0
-532.9635654387114 136.39412427680725 0.269478 0.046655 0.18466398 1.0
-827.7659906360025 200.53690831933352 0.00633 -0.030512 0.3199331 1.0
-649.5170124535133 161.98068751061652 0.132385 0.379705 0.23033538 1.0
-502.113253535627 125.23096868747265 -999.0 -999.0 0.16672401 1.0
-634.6512691232563 158.48447150946467 -999.0 -999.0 0.22384155 1.0
-590.8148487115814 149.23216218896437 -999.0 -999.0 0.20405892 1.0
-843.0202740231778 219.2963638503774 0.151527 0.142306 0.33745828 1.0
-834.4770899766686 208.28192591144608 -0.154718 0.044067 0.3195403 1.0
-552.3392605521071 142.7276176152118 -0.263643 -0.080972 0.18520994 1.0
-549.2138865283129 142.4320958268671 -0.352084 0.161293 0.18483034 1.0
-560.7336694113047 140.95485407319916 -0.081513 -0.510088 0.18387271 1.0
-523.2788148316599 131.911729839568 -0.069157 -0.12122 0.16920336 1.0
-828.2188735123327 213.99965871448288 -0.137912 0.109553 0.33695745 1.0
-847.5268207032963 222.76979368507835 0.063302 -0.03316 0.35153964 1.0
-801.6993209490724 209.96496542102233 -0.240449 0.069397 0.330259 1.0
-511.25400172523274 133.6819372951414 0.170516 0.391561 0.1758423 1.0
-549.024908154848 144.6701739830765 0.257797 0.154079 0.18516503 1.0
-549.5618166151241 145.1509325084603 -0.27236 0.022735 0.18552661 1.0
-532.6668298935031 135.734526130551 -0.259515 0.008258 0.18608107 1.0
-536.5272915341114 137.0710284410824 -0.000701 0.469803 0.1864201 1.0
-584.8056296967085 151.62769790193585 -0.000596 0.268029 0.21050905 1.0
-539.4901793415996 131.34609098705926 0.138651 -0.105519 0.18288326 1.0
-533.3369649387598 130.51715452947326 0.288887 0.181032 0.1803361 1.0
-537.3974731531068 131.41945411231112 -0.08442 0.136444 0.18213052 1.0
-540.8806550597959 132.700856148893 0.214527 -0.133892 0.18364455 1.0
-677.7757114917358 170.26518994373976 -0.349619 -0.11547 0.24694428 1.0
-514.2464625165233 135.53358660475996 -0.272543 0.36572 0.17640232 1.0
-503.21347450788 125.12219278437568 0.039271 0.021805 0.16498703 1.0
-579.0616279442256 145.90620282350378 0.004626 0.046921 0.19664913 1.0
-537.1640240670168 136.77781270874317 -999.0 -999.0 0.18063782 1.0
-606.8851203809508 152.53667337515768 -0.332127 -0.06752 0.20580031 1.0
-664.0535728559747 167.0429568245469 -0.158498 -0.111363 0.23166035 1.0
-517.740923033613 131.03704911215004 0.288287 0.397974 0.16887677 1.0
-549.3368537930078 143.02983707315414 0.065391 -0.166427 0.18320474 1.0
-681.9176588088372 177.7940084347141 0.455588 -0.599126 0.2419943 1.0
-512.4088875364433 135.7868127254986 0.04444 0.009155 0.16875438 1.0
-564.5244298763246 149.7076298343801 -0.256513 0.464488 0.19002874 1.0
-529.2615377685672 135.05931120162958 0.59279 0.103783 0.17136426 1.0
-537.5274515941533 137.5593700254414 0.233556 -0.006892 0.17359576 1.0
-538.0601284186534 142.02630137787304 0.202152 0.684921 0.17670706 1.0
-535.4495109362593 137.78353036817126 0.282717 -0.106389 0.17112195 1.0
-647.7900716421956 171.53693936202106 -0.089828 -0.120049 0.21813835 1.0
