X Y e1 e2 Z WEIGHT_SEEING
-785.9546698773052 42.97159940607231 0.035664 -0.229312 0.22053692 1.0
-865.6869023487512 51.63775822737329 0.305669 -0.363035 0.25343955 1.0
-906.3505718724203 55.75442981523643 -0.094953 0.098437 0.27006716 1.0
-1039.4333397100827 65.12185270015902 -0.494571 0.005011 0.32843283 1.0
-1098.8346363761875 71.63271279995138 -999.0 -999.0 0.35675088 1.0
-974.1239162865488 69.76973199386384 -0.09537 -0.011748 0.2981767 1.0
-975.7967441861462 70.11636779809459 0.113684 -0.082589 0.29905346 1.0
-758.1559502682571 55.63564474117108 0.050124 -0.03282 0.212578 1.0
-1063.3404706339052 44.658818414912005 -0.624834 0.190479 0.33798432 1.0
-750.5816417174639 31.893245407148925 -0.060399 -0.200595 0.20916717 1.0
-1091.4000171437165 47.50697470543847 0.153433 -0.240386 0.35215104 1.0
-975.6973119735404 48.07603155618462 0.22738 -0.136327 0.2976064 1.0
-1075.384084269861 53.24065811456265 0.005636 -0.063592 0.34257227 1.0
-949.6859749937253 47.01964127805947 -0.876188 0.045025 0.28619367 1.0
-988.0464795070059 55.404616350078825 -999.0 -999.0 0.30274698 1.0
-1037.195075008306 59.786250741403414 0.464429 -0.040564 0.32432568 1.0
-1035.2219261718483 61.60173537166571 0.388664 -0.276511 0.3236262 1.0
-1036.686372565671 68.49858984554503 0.133366 -0.237256 0.32308462 1.0
-1082.8114537181048 73.86306158988619 -999.0 -999.0 0.34514984 1.0
-962.3035508353008 65.46952668336343 -0.267602 0.100711 0.28999412 1.0
-1037.6222618418267 72.12221805331761 0.013096 -0.175615 0.32289997 1.0
-783.1918591282079 55.39081573080403 0.435689 0.110392 0.2190184 1.0
-871.1196356485251 61.922223533325194 -0.134641 0.004239 0.25275433 1.0
-1068.5785801074944 75.85922314368355 -999.0 -999.0 0.3388274 1.0
-720.7277657186988 53.24372119532191 -999.0 -999.0 0.19679782 1.0
-1072.1522305448968 78.87059544475976 0.248958 -0.521968 0.33927786 1.0
-1082.0686504697173 79.97463711628899 -999.0 -999.0 0.34514958 1.0
-669.1167425526683 51.94295513671354 0.168751 0.343044 0.17975427 1.0
-748.0252148141418 57.80520064628964 0.031288 0.342195 0.2068965 1.0
-753.4654701728961 58.27318918418531 -0.071044 -0.040158 0.20851524 1.0
-774.8924901973273 60.45186744058862 0.237518 0.059249 0.21579954 1.0
-765.2188434665571 60.08472634444869 -0.062612 0.194614 0.21297814 1.0
-762.6941682814546 60.50726140843445 0.104642 0.170178 0.21167533 1.0
-1049.553916532541 71.66585230024421 0.432063 -0.181807 0.32454568 1.0
-1048.0464127659445 72.19448162079735 0.181339 -0.221777 0.32436487 1.0
-1047.7573891110803 72.54838537470516 0.279368 0.403792 0.32389027 1.0
-1047.0735404097122 72.17106065201115 0.060691 0.774954 0.324658 1.0
-808.9900071920289 57.391520500711195 0.061545 0.018438 0.22680303 1.0
-926.3398812092116 65.61526754770945 -0.281315 0.108736 0.2725353 1.0
-878.1065111259361 63.2508635470125 0.06562 -0.124259 0.25249487 1.0
-847.1792259046853 61.211145321270095 -0.333219 0.012367 0.241198 1.0
-771.0419184191965 56.76529057713521 0.062869 0.045766 0.21225742 1.0
-760.3475626309726 55.767969824089604 0.237636 0.040505 0.20899385 1.0
-766.7984137939711 57.12433978472848 -0.187371 -0.043253 0.2107629 1.0
-975.0037223687099 73.37550308774559 -0.314358 0.031018 0.29114172 1.0
-1079.9285823981777 83.73548222055871 -0.17094 -0.555749 0.33884358 1.0
-986.9884183354078 78.11423073893761 -0.185064 0.433863 0.29627928 1.0
-852.9798071502057 62.54192310665238 0.049359 0.112281 0.24044944 1.0
-987.0146317661276 75.62299414898868 -0.171521 -0.365336 0.29379186 1.0
-868.0198267739456 66.76495256142906 -0.017984 -0.050408 0.24512541 1.0
-1125.9005369841532 87.48474569377399 -0.186757 -0.016113 0.35616806 1.0
-1012.6160881656787 80.21548612890696 -0.12805 0.172521 0.303926 1.0
-1089.9954619974424 84.85457325544633 -999.0 -999.0 0.33991432 1.0
-928.5197134855681 64.93064020967299 0.246612 0.24604 0.28095868 1.0
-604.0279839824988 35.03219113537857 -999.0 -999.0 0.16001584 1.0
-714.2998540296863 43.6518643445696 0.580148 -0.02373 0.19637348 1.0
-708.4933014944999 42.923342597013736 0.037762 0.11258 0.19444896 1.0
-1064.6026317323624 68.0792389930087 -0.56981 -0.13043 0.33812186 1.0
-1042.3327696811298 66.44860909594388 -0.035542 -0.12375 0.3292007 1.0
-986.5006524226211 65.84657832349589 0.31906 -0.032852 0.30256748 1.0
-953.3311427153425 63.25058994219922 -0.190545 -0.402261 0.28803647 1.0
-921.7551553654813 63.22501538586338 0.058988 0.050995 0.27440006 1.0
-855.3743152157776 58.952539227431714 0.070168 -0.218219 0.24791025 1.0
-786.34859725087 55.17487629264453 0.285035 0.308649 0.22143492 1.0
-1028.5231777410925 71.90362446095085 -0.077681 -0.359872 0.32129678 1.0
-833.569549462932 58.73761828338252 -0.275441 -0.0236 0.23952359 1.0
-753.8906855949106 53.773354509337125 -999.0 -999.0 0.20954327 1.0
-838.1336951085913 59.6500300707499 -0.024119 -0.463139 0.24104646 1.0
-786.9879211231837 56.240250935363 0.088703 0.261369 0.22172734 1.0
-853.6118971343 61.58530913267782 -0.386058 -0.028393 0.24765521 1.0
-783.7451534605007 57.39138278752934 -0.455801 0.060072 0.22020662 1.0
-876.4916906854319 63.31973007604204 0.22594 0.036441 0.2562568 1.0
-783.7934831573425 57.16416838342895 -0.150053 -0.043291 0.2202533 1.0
-780.4251197405738 56.859406714884074 -0.040225 0.368251 0.21934073 1.0
-1066.294911884278 78.717066527046 0.129171 -0.086778 0.33962622 1.0
-1042.0554437151532 76.54786579673642 0.197463 -0.248078 0.328048 1.0
-752.0981738583313 57.09584196447572 -0.003644 -0.146784 0.20884919 1.0
-756.7997536241866 57.892917023071135 0.289476 0.081928 0.21039484 1.0
-758.5754063705945 60.496455619640976 -0.194994 -0.520654 0.21067971 1.0
-708.9559152081658 40.84033681033382 -0.434 -0.117072 0.19282082 1.0
-671.0112714003536 42.9803058917595 0.012823 -0.296354 0.17933922 1.0
-1037.8415465854528 65.59950898412649 -0.050108 -0.203502 0.3228871 1.0
-916.184693132404 59.250289346309316 0.052693 -0.27695 0.27012315 1.0
-917.9876801678759 60.21789675071168 0.087191 -0.040175 0.27021238 1.0
-797.0856904777052 51.98303756792709 -0.058598 0.196158 0.2240257 1.0
-1046.827005316584 71.9467901878305 -0.588181 -0.365011 0.32537186 1.0
-801.4939863431522 54.97599655335532 -0.070974 0.142782 0.22523804 1.0
-713.2541572635082 51.54825752020464 -0.511132 0.313614 0.19305436 1.0
-764.9564914662831 54.40247170512889 0.133856 -0.114999 0.21162583 1.0
-639.9031541313359 45.30334949571763 0.271535 0.133645 0.1694896 1.0
-924.2830396438547 66.6520810931687 -0.077121 -0.056182 0.27220076 1.0
-625.3752054619546 45.920461006741675 0.652519 0.134157 0.1646902 1.0
-757.7370299704062 56.002135123131595 -0.032165 -0.464957 0.20931293 1.0
-816.0286555012508 61.34328968767468 0.230604 0.133573 0.22997096 1.0
-763.9295296137486 58.27397853179189 -0.075342 0.054677 0.21124366 1.0
-821.8073648886634 63.63222862034 0.075537 -0.190445 0.23203453 1.0
-928.8357965987107 64.65336112112368 -0.063772 0.055496 0.2718441 1.0
-1049.8943055647144 74.97406322147343 -0.197574 -0.086732 0.32393208 1.0
-776.1074661836902 55.773897193666095 -0.058085 -0.392953 0.21287039 1.0
-1024.8604594812648 73.27483973127478 0.401293 -0.118859 0.31228688 1.0
-717.8720672745999 52.67245246352456 -0.518323 -0.38732 0.19267207 1.0
-1052.5101663144983 76.97757082060394 -0.084784 -0.336411 0.3246153 1.0
-772.6900520035482 57.19699704384252 -0.032019 -0.268896 0.2120197 1.0
-981.3185422550357 74.16000424543795 0.349903 0.190251 0.29232606 1.0
-1057.8211507414564 81.16043279407072 -0.042027 0.166319 0.32664812 1.0
-757.3230581202216 59.46219934576356 -0.333998 -0.017449 0.20662574 1.0
-1084.7910947451169 85.02943742383437 -0.165045 0.112166 0.33945107 1.0
-786.5682445600729 41.91454127195565 -0.133772 0.117285 0.22021791 1.0
-1060.2583415933627 58.81959522367124 -999.0 -999.0 0.33274874 1.0
-818.6492812068687 26.291490066556005 0.111822 0.367273 0.24780738 1.0
-915.4502125245544 35.71464494388901 0.10328 -0.095916 0.28931913 1.0
-913.6208267443092 35.55609090749337 -0.122536 0.182331 0.28864428 1.0
-593.8473466622717 17.305626000879503 0.309626 -0.150963 0.1630728 1.0
-958.807610672566 28.374295980654043 -0.119741 0.171306 0.30708718 1.0
-961.5831463911794 28.305011072496658 0.072656 0.149727 0.307525 1.0
-952.022456189455 34.116138291680016 -0.254522 0.059542 0.30371997 1.0
-610.5010544361754 22.017003686016697 -0.508415 0.688427 0.16916032 1.0
-953.5192372944733 33.981590288400355 0.045905 0.171607 0.30402488 1.0
-930.3932399701746 35.367371199453 0.298904 0.332783 0.2941826 1.0
-968.3324679111837 60.582253549376965 0.472677 0.193016 0.30972713 1.0
-965.6745990828356 31.987909951751803 0.112288 -0.075317 0.30567235 1.0
-697.3278549131176 23.26218833620641 -0.457814 0.573466 0.19751672 1.0
-1032.1875868151283 47.6427350533797 -0.239787 0.012316 0.3370916 1.0
-925.6102314580994 44.694119782376575 -0.346886 0.113073 0.28752065 1.0
-841.6840109352062 43.58472621519589 -0.540918 0.545295 0.25171158 1.0
-882.6030069056603 47.645998723802435 -0.182315 -0.236473 0.26904124 1.0
-831.1352962993338 55.33110339409875 -0.441769 0.14156 0.24765828 1.0
-1014.363787950209 69.3906019119136 0.249672 -0.274596 0.3276491 1.0
-828.3292242239859 57.85099938808945 -0.083456 -0.218848 0.24611709 1.0
-637.5014261878209 21.20655539249537 -0.343995 0.595839 0.17418334 1.0
-630.2055628629565 21.656155385738224 -0.208903 0.034406 0.17167374 1.0
-631.6402252524484 21.456387475577266 0.278229 -0.297653 0.17254528 1.0
-765.747817665307 26.863655643178085 0.166886 -0.066202 0.22025383 1.0
-618.8529834381623 22.017189962974122 -0.208459 0.450673 0.16854809 1.0
-625.1653215328362 22.928694633708453 0.260808 -0.379635 0.1702526 1.0
-691.4478679710305 24.985208040452697 -0.160946 0.005928 0.19358413 1.0
-972.5232016492615 35.89564111436521 -0.169423 -0.074291 0.30598015 1.0
-1030.0031668729303 44.60711827503034 -0.123627 -0.20334 0.3325565 1.0
-933.3155564127447 41.274228890693124 -0.31954 0.685597 0.28710175 1.0
-854.8996110418948 54.22877525945688 -0.241468 -0.187165 0.25503805 1.0
-864.9193783113215 56.064587533453434 0.110927 -0.015422 0.258361 1.0
-1030.040185302567 67.72061480793211 0.00968 -0.015776 0.33156586 1.0
-1030.4149099460762 67.61045753902033 0.049154 -0.289951 0.33188057 1.0
-871.2438283662942 59.760761563530664 -0.069317 -0.10394 0.2605404 1.0
-1021.1078139972573 70.9631459308478 0.014343 -0.51483 0.328068 1.0
-834.1528136829273 61.16967504552212 -0.00573 -0.234651 0.24539907 1.0
-854.2415508050088 62.25584627224313 -0.139378 -0.010784 0.25472137 1.0
-973.10885721782 71.4209473635056 -0.520717 -0.191377 0.30494153 1.0
-1001.6549956538466 74.70208949983466 -0.052399 -0.418085 0.3179762 1.0
-976.3125651689331 73.2874844133329 -0.045065 0.094029 0.30575657 1.0
-835.0859201527277 62.80210122429165 0.292372 -0.818441 0.24618259 1.0
-833.827327280359 63.911071853428105 0.01692 -0.215719 0.24538395 1.0
-737.679319079075 57.8001713944318 -0.812185 0.257127 0.20911817 1.0
-709.4580526091719 26.08759234146464 -0.260905 0.131654 0.19795649 1.0
-1059.4469990376344 42.71957168808043 -0.297976 -0.304545 0.3416971 1.0
-749.0657316253538 31.952159961013066 0.393199 -0.067949 0.2114603 1.0
-1078.0752980280222 46.49129112043423 0.04829 -0.016233 0.35225523 1.0
-649.2678856946458 30.273401590762262 0.012679 -0.128042 0.17629139 1.0
-645.8710705316274 30.673309721070176 0.059737 0.044941 0.17570795 1.0
-935.5368062970496 45.055295402696395 0.086226 -0.606911 0.28499213 1.0
-935.7240458985053 45.16698090346413 0.031508 0.015285 0.28528887 1.0
-941.8002213293739 45.63121024127057 0.270671 -0.073896 0.28768235 1.0
-939.3244521464661 45.79742976508496 0.248679 0.051417 0.28651783 1.0
-1002.8253211804291 54.09213606350031 -0.184735 -0.119493 0.31428748 1.0
-939.5113056291057 50.65083490392048 -0.177311 -0.007085 0.28725398 1.0
-836.0897594061763 50.651247053022345 -0.004653 -0.414375 0.24364983 1.0
-873.8302690354558 56.54178575529722 -0.2437 0.322171 0.2595399 1.0
-866.2475883412008 57.41233221042503 0.070595 -0.172845 0.25602287 1.0
-839.0199823766591 59.38199826895658 -0.08262 -0.021021 0.24440373 1.0
-1032.255242293409 73.85074379474325 0.021679 0.263721 0.32880554 1.0
-858.3303670538913 62.04095648064738 0.006263 -0.060041 0.25334463 1.0
-815.6355097904135 58.353687712632954 -0.14655 -0.095813 0.2361615 1.0
-814.149944556375 58.711999857760446 -0.052214 0.03362 0.2350631 1.0
-860.5531686964225 62.96846775446927 0.169446 0.106895 0.2528385 1.0
-1002.1221525401386 73.89207720327528 -0.152112 -0.282871 0.31517223 1.0
-1074.6993267375597 80.37775896961793 0.266635 -0.223776 0.34773347 1.0
-809.2852890220237 60.693998495695 0.621866 -0.28171 0.23396608 1.0
-648.8011388102257 50.22483826882892 0.104373 -0.610731 0.17651312 1.0
-767.4931171198582 62.72419026179762 -0.028828 -0.225901 0.2173276 1.0
-1025.9183035662752 27.355723350622494 0.194404 0.832502 0.34499893 1.0
-1003.1756845383185 29.823388611573705 0.164763 0.382892 0.33406538 1.0
-996.0720386952597 31.34129910924448 -0.128683 -0.177916 0.3305574 1.0
-815.5079324685253 26.30118843862184 0.300035 -0.082705 0.24857782 1.0
-1000.8597813046193 31.546356164499656 -0.245115 0.116946 0.33201355 1.0
-1024.339698072577 34.17788238353969 0.129294 -0.162834 0.34340993 1.0
-673.4978025124574 23.12917443515578 0.070261 -0.015174 0.19381112 1.0
-1054.0873240369465 37.77661560334727 -0.527157 0.119652 0.35981673 1.0
-1036.6443873006779 29.14883080679112 -0.522232 0.145014 0.34566313 1.0
-964.3952392621237 28.731178285655236 0.087348 -0.463325 0.31088683 1.0
-929.174773893738 35.42762545680782 0.09883 -0.29811 0.2937592 1.0
-966.9473766832265 36.743026498481996 -0.04102 -0.20363 0.31235456 1.0
-677.9149765766632 26.135297105323552 0.126352 0.294785 0.19344917 1.0
-990.2198787386753 41.249536963452236 0.389276 0.003684 0.3222476 1.0
-985.5511837452796 42.233880830062965 -0.190165 -0.455044 0.32005513 1.0
-991.290603212753 42.35671136550767 0.081659 -0.592575 0.32281893 1.0
-990.8237907769404 43.58427582784522 -0.057009 -0.003716 0.32345623 1.0
-1047.9419638045424 30.758639170085775 -0.107218 0.138607 0.3473078 1.0
-957.1911354296802 28.063148736394172 -0.061632 -0.448936 0.3045054 1.0
-953.2577874261074 35.87694178899594 -0.208787 0.175794 0.3028024 1.0
-1068.0973351333455 45.35641167167244 -0.166771 0.124407 0.35830233 1.0
-1069.614656917773 46.280323996774364 0.501811 0.440495 0.35899568 1.0
-924.6811319850518 44.23199335408687 0.516823 0.520753 0.28829703 1.0
-798.0770419010784 53.362553120057655 0.144909 0.104128 0.23552471 1.0
-956.6835778691841 29.750200798939616 0.020302 -0.073351 0.29991108 1.0
-1057.3358631232957 33.4767339340268 0.494671 0.389686 0.34844765 1.0
-767.7735483651471 24.72154546385994 0.011668 0.491307 0.22211117 1.0
-967.5711555422536 30.922397374592467 -0.050437 -0.229596 0.30546367 1.0
-1014.1258073469937 31.567448941974174 -0.082743 0.007937 0.3269876 1.0
-1016.8651119387786 31.845363661152973 0.011711 -0.076919 0.32826245 1.0
-619.7767450656233 20.555305342686776 0.072339 0.103716 0.16972965 1.0
-618.9313401276122 20.790978619840697 0.196146 -0.029841 0.16922443 1.0
-696.519156422526 24.489194021373077 0.139723 0.046836 0.1960456 1.0
-622.274407357847 21.486609111667327 0.034325 0.031326 0.17024602 1.0
-623.3847913539558 21.66753009514489 -0.188625 -0.158697 0.17053324 1.0
-624.2566834682916 21.809773801592147 -0.295665 0.464446 0.17107537 1.0
-697.2008653747791 24.628524262961623 0.024254 -0.229405 0.19633573 1.0
-694.3302596572671 25.15903724028814 -0.019888 0.135273 0.19489215 1.0
-668.131221283223 30.970484039178302 -999.0 -999.0 0.18628177 1.0
-1026.186713160533 66.20369772538389 0.103692 -0.091613 0.3325866 1.0
-813.5796614201286 56.194253414940746 -0.738621 -0.616244 0.23981352 1.0
-839.5683589821735 59.4910500128757 -0.270507 -0.482498 0.24942502 1.0
-832.6583113671919 61.40300789556046 0.319299 0.168278 0.24682699 1.0
-1046.0831108238367 34.59957415659319 -0.0393 0.07706 0.33882132 1.0
-622.283727302144 21.13483695263929 0.234735 -0.2072 0.16841066 1.0
-692.5100156956988 24.61462665827006 0.134537 -0.002227 0.19238704 1.0
-747.7673974764206 27.505614565319135 -0.155332 -0.017738 0.2120044 1.0
-850.7130785943524 30.76832802434356 -0.280018 0.434964 0.25192007 1.0
-641.0861625976929 23.753397099225822 -0.10233 0.101562 0.17523436 1.0
-1058.3713533281377 46.11346988063166 -0.420471 -0.223411 0.34346655 1.0
-916.5068326588123 52.20213338150317 -0.134366 -0.112076 0.2792911 1.0
-877.2627832992471 54.30577663357943 -0.128735 -0.047685 0.26232776 1.0
-856.6711086761528 56.46442353980905 0.052219 0.127112 0.25331435 1.0
-867.875073150558 58.545408610234524 -0.242857 0.412252 0.2574885 1.0
-746.4940002252406 50.765596136790116 0.198222 0.136689 0.21138234 1.0
-814.5772591414897 57.58625427798155 -0.195902 -0.111113 0.23659103 1.0
-1030.6799070875056 73.24795977307463 -0.43812 -0.093004 0.3287927 1.0
-851.9250771198923 60.89833465600108 0.431594 -0.146239 0.25200894 1.0
-839.8160655584155 60.01987524220325 0.180451 0.006719 0.2473766 1.0
-848.6948577130647 61.04595328275706 -0.080333 0.091609 0.25086835 1.0
-1055.5934233284636 76.80442005684847 0.069065 0.349522 0.34072968 1.0
-839.6629689022009 60.3598626194188 -0.182974 -0.443366 0.24744007 1.0
-1011.1288296987186 73.93049873835722 0.132319 -0.065891 0.31985182 1.0
-837.1493558477588 61.99015889644182 -0.132344 0.353243 0.24593903 1.0
-1006.4850201708963 75.59378657557346 0.042486 -0.388142 0.31803837 1.0
-993.8124651946296 78.13146476442152 0.176668 0.432468 0.31147686 1.0
-1048.1261623494315 38.36383368053514 -0.006547 -0.019935 0.33469146 1.0
-1079.4063619915485 39.846233883150155 0.367459 0.00414 0.34915388 1.0
-987.9445480568257 36.951413769518396 0.73443 -0.205388 0.30614457 1.0
-727.6395589743099 27.57666262654465 0.084946 -0.615085 0.20256515 1.0
-988.3515517657511 39.34014782673715 0.197049 0.381861 0.30662513 1.0
-752.2793684178272 30.040237906301428 0.03441 0.004121 0.21161547 1.0
-986.3410187264253 40.462544168327476 0.564056 -0.621955 0.30615366 1.0
-987.3177922762168 40.384483956920654 0.56119 0.315647 0.30709198 1.0
-772.983435476325 31.580561893682603 -0.01846 -0.206107 0.21975131 1.0
-990.017018924987 44.406948004994874 0.246665 0.413873 0.30709198 1.0
-999.4102962854862 45.34529127825269 -0.102615 -0.002319 0.3118101 1.0
-753.2635956623869 35.496621882914354 0.367382 -0.513459 0.21181579 1.0
-1023.9357679610981 49.21129454495297 0.278198 0.078926 0.3232836 1.0
-985.8135105820368 50.18207302698282 0.477577 0.215973 0.3047636 1.0
-660.9053943090785 39.87482867216786 0.196267 -0.016611 0.17946757 1.0
-982.7735081483539 60.4583997933288 -0.039943 0.200283 0.3030732 1.0
-950.6404965218613 59.10900869650738 0.09029 0.297368 0.28938323 1.0
-700.3374596720457 45.12533417077722 -0.091132 -0.2386 0.19294463 1.0
-1022.8760546220593 69.88926527619962 -0.174436 -0.008342 0.32115245 1.0
-1070.0019224849502 75.11609395844617 -0.005474 0.35283 0.3446923 1.0
-1020.747842602595 71.3324424732764 -0.248509 -0.012553 0.3209558 1.0
-975.7871787668181 68.95457276876238 -0.097006 0.270182 0.30014658 1.0
-975.8813007351619 69.06245891351958 0.185368 -0.012296 0.3011371 1.0
-747.195195366302 54.948333021684974 0.037799 -0.184036 0.20959069 1.0
-866.0579905158917 65.64144148747631 0.10139 -0.204797 0.2538502 1.0
-744.0846461851113 -2.864134403547265 -0.107176 0.092485 0.22372274 1.0
-982.9298960703337 -3.8159588393980832 -0.14784 -0.115567 0.32886907 1.0
-1021.89342190344 8.404815600935075 0.236932 0.035393 0.3506568 1.0
-576.5865211020842 10.53936534075447 -0.615008 0.12137 0.16272151 1.0
-991.113122317629 17.88757591588624 0.262724 0.058898 0.33547163 1.0
-899.9871643517803 17.02731547887403 -0.54655 -0.518046 0.29178834 1.0
-993.1345151780723 19.29564720661974 0.308467 0.84856 0.3361675 1.0
-933.4330370430232 19.451289216881644 -999.0 -999.0 0.3062399 1.0
-997.169657531864 22.304783777591023 -0.211825 0.068957 0.33778435 1.0
-995.3855969111504 21.924786474641653 0.171641 -0.351794 0.33690655 1.0
-747.2603397656574 18.4748423889994 0.082568 -0.1259 0.2260037 1.0
-1021.4409877185099 28.450303496434707 0.414923 0.248617 0.35051554 1.0
-893.2190132548343 25.484229624079134 -0.026992 0.222767 0.28819212 1.0
-894.666115847229 -5.790594332353889 -0.013783 0.020964 0.28477585 1.0
-1045.8034535169002 -4.6756973336674665 0.627845 -0.437628 0.35873273 1.0
-1045.9125357074408 -3.722160300458469 -0.294799 0.206323 0.3581509 1.0
-998.1354911807168 -3.3203632029722643 -999.0 -999.0 0.333557 1.0
-767.9585091943106 1.0259894729741759 -999.0 -999.0 0.2312255 1.0
-817.5504944167379 15.774823837210652 0.262492 0.170974 0.2526561 1.0
-708.7307121252943 14.717202235513222 -0.151725 0.031754 0.2091632 1.0
-817.2926243877464 17.83430860640187 0.105263 0.063045 0.2523377 1.0
-948.3025969605161 21.845515350552223 -0.16933 -0.147517 0.3104906 1.0
-1004.6056069661079 23.01368414771591 -999.0 -999.0 0.33778924 1.0
-1009.7340414630506 23.562562821270884 -0.048799 -0.25222 0.34052956 1.0
-726.8859823751477 17.855351129992144 0.547296 -0.561571 0.2156035 1.0
-927.7611618708536 24.936704862660484 0.092363 -0.235915 0.300881 1.0
-926.4382489796051 25.71346986892604 0.037366 0.116452 0.3003627 1.0
-955.3635177683315 29.02146498425634 0.243105 0.060305 0.3150073 1.0
-663.6734916417383 21.31142290019746 -0.091195 0.26617 0.19235338 1.0
-739.3715027676197 23.75873466249426 -0.047148 -0.107499 0.22109719 1.0
-795.1814331796348 25.76138525419291 -0.239133 -0.136755 0.24343966 1.0
-795.9465570983328 26.299587710427186 0.001074 0.074458 0.24374208 1.0
-1001.0435057906238 33.69567763620113 0.339845 -0.205897 0.336789 1.0
-908.4333323311808 31.154688505017244 -999.0 -999.0 0.29276878 1.0
-979.741833896581 34.21703081644032 -0.071794 -0.000644 0.3259298 1.0
-985.915330302101 33.47800424396933 -0.326635 -0.132593 0.32971358 1.0
-1007.4555040827635 35.43105327969452 -999.0 -999.0 0.33983037 1.0
-981.3962711811868 34.925837931578336 -0.241065 0.105382 0.32727462 1.0
-902.0946054554943 -1.062615610731348 -0.082833 -0.132652 0.2899816 1.0
-998.2099388685838 2.7178633027518617 0.059727 0.738764 0.3364634 1.0
-811.417737343482 4.050155052609423 -0.427717 -0.229098 0.25089663 1.0
-936.5875511661179 19.56963218266252 0.091787 -0.454335 0.30748805 1.0
-1001.5959001690285 21.759034131857028 -0.074887 0.359563 0.3385156 1.0
-998.0120119078641 21.582338320761778 -0.262729 0.094304 0.3361689 1.0
-754.062492013045 16.402472591168312 -0.739161 0.349544 0.22735776 1.0
-924.1168275304384 21.42103207154121 0.263863 -0.063551 0.3007728 1.0
-1003.7623754077597 26.75416545691962 0.004297 0.451316 0.33974627 1.0
-903.8346005142306 26.182815510026053 -0.118721 0.140361 0.2916575 1.0
-903.5600046294428 27.712428215675303 0.263766 -0.614124 0.2919578 1.0
-992.3915046777765 31.50626453538949 -0.077055 -0.026216 0.33508766 1.0
-1001.9221788621264 34.150681718556335 -0.326358 -0.041878 0.33921093 1.0
-1004.1718306663239 35.06779002255631 0.216379 -0.15502 0.33978257 1.0
-806.6850004730555 28.509109895145887 0.333687 0.819525 0.24932374 1.0
-902.5207005441283 31.88605825940318 0.065308 -0.102952 0.2921179 1.0
-815.412977630735 30.639243966118418 -0.019518 0.558826 0.25391623 1.0
-1012.2831982164363 24.3302724089404 -0.092202 -0.225496 0.3391408 1.0
-1018.7850282613022 25.560618996151966 -0.33496 -0.074214 0.3442664 1.0
-735.5356067712995 20.790164375038984 -0.110298 -0.149993 0.21775514 1.0
-989.3445163659079 35.39950011728288 0.414561 -0.278926 0.3292333 1.0
-887.8662458456764 26.688316839034016 0.570234 -0.333014 0.27757475 1.0
-713.2519733478358 22.070114304775874 0.169158 -0.106682 0.20731924 1.0
-969.7644357549905 36.431655830957 -0.053934 0.032657 0.31464213 1.0
-927.912754726605 35.76599827351371 -0.410778 -0.158708 0.2953592 1.0
-1009.9479252655673 39.92505325934341 -0.131918 0.074485 0.33443967 1.0
-1030.6758529584124 40.371082563467034 0.250323 0.02967 0.34614754 1.0
-963.0119266550741 3.753568081006999 -0.252618 -0.128873 0.3464957 1.0
-898.7188419237557 4.423110441859818 -0.148452 -0.154814 0.31267935 1.0
-873.8914349288442 5.179439676239784 0.256992 0.323831 0.3000473 1.0
-657.5939493825257 -0.17650038418261085 -999.0 -999.0 0.20174813 1.0
-654.71080109766 -0.3213098602546454 -0.170026 -0.21127 0.2007525 1.0
-951.6617634276108 1.7256804524836884 -0.252135 0.065167 0.33497155 1.0
-796.8576090481148 3.1863463180244596 -0.150457 0.095044 0.25977743 1.0
-796.1147575121208 3.2346683412859787 0.71355 0.143713 0.25992745 1.0
-958.3409227093132 5.333942731362982 0.066173 0.037738 0.33859387 1.0
-956.6810595893522 6.420337324561941 0.234605 0.043238 0.33769482 1.0
-940.3291873349395 7.913739316755837 -0.104697 -0.230893 0.32877463 1.0
-967.5949022827386 7.905718792540021 0.080331 -0.689982 0.3436143 1.0
-963.2104867325078 8.29587961372379 0.273108 -0.011375 0.34086692 1.0
-797.4968223782063 -5.011505806233929 -0.21531 0.900465 0.2557305 1.0
-935.1293212588666 -3.693040811340245 -0.028126 -0.31707 0.31958684 1.0
-741.5996794733328 -2.9442206525199146 0.109937 0.184913 0.2315652 1.0
-807.0081034848213 5.545184780115729 0.126261 0.301202 0.26129413 1.0
-749.5382206152079 6.187915516613913 -0.006279 -0.147715 0.23721077 1.0
-970.7707684466463 15.888318526525653 -0.211412 0.7709 0.3418133 1.0
-795.1160162365574 2.6706702373573563 -999.0 -999.0 0.25994086 1.0
-946.2285774024717 13.8495994058862 0.171266 0.241958 0.32813072 1.0
-748.5591134263091 12.866998723336364 -0.04785 0.17102 0.23654684 1.0
-962.9804404003429 16.965740050454645 0.634487 -0.131295 0.33922118 1.0
-790.5362780548828 -7.57928872272973 -0.547277 -0.045312 0.24954024 1.0
-957.4775185563301 -1.0252254515639592 -999.0 -999.0 0.32876512 1.0
-809.7041650605407 3.7787625223920447 -0.391676 -0.549266 0.25875488 1.0
-639.7348037934412 10.874449278963235 -999.0 -999.0 0.19104564 1.0
-640.5755423438212 11.154898875948712 0.04882 -0.000636 0.19167432 1.0
-750.6794437874643 14.595396737330852 0.184902 0.013144 0.23508863 1.0
-747.7438969983162 14.858931472665935 0.101388 -0.019159 0.23465943 1.0
-1005.4231538829824 22.97733356483622 -0.13401 0.141225 0.3581532 1.0
-827.5027777315537 20.597860631925467 -0.192788 -0.099956 0.2687629 1.0
-783.4297063908537 -9.712047782431709 -0.081185 -0.268875 0.24423288 1.0
-895.9251940165478 -6.082730248999793 0.016719 -0.080236 0.29447955 1.0
-795.6110744276253 -2.2802880531415246 0.273252 0.219165 0.24907021 1.0
-993.8106982847146 -3.8135742738156275 -999.0 -999.0 0.34232005 1.0
-803.5920260330195 1.2052365540368994 -0.096237 -0.17783 0.25399655 1.0
-803.4125260702485 1.2709729471941031 -0.122495 -0.35445 0.2538928 1.0
-899.6965509079312 3.0032556702712188 -0.078369 -0.31341 0.29598176 1.0
-902.3816156231605 8.317114734774242 -0.034457 -0.023205 0.29915154 1.0
-973.566170998914 9.56935890025702 -0.096335 -0.137103 0.33364898 1.0
-845.6363069496718 13.538387024380857 0.174999 0.087082 0.2736951 1.0
-939.5155996014555 16.672045757881694 -0.170777 -0.394061 0.31804797 1.0
-946.4984932224764 18.297517000669306 -0.474527 -0.454193 0.32141742 1.0
-996.5054663511878 23.93039388748515 -0.221062 -0.091475 0.34696034 1.0
-898.4504691045578 -15.185487716017066 0.227864 -0.157625 0.2902174 1.0
-907.1049303802992 -15.177878081845465 0.107054 -0.108132 0.2943983 1.0
-966.3637865980938 -15.456341642128683 -0.05277 0.708687 0.32297632 1.0
-600.1149667296928 -7.866189074835987 -0.217298 0.308804 0.17107172 1.0
-1021.4109770679538 -13.958429784819996 0.425162 -0.055319 0.35128468 1.0
-905.7839291224406 -11.269128761119374 -0.282007 -0.136155 0.2943736 1.0
-905.1566403359628 -9.521951391839014 -0.044274 0.055526 0.29397476 1.0
-799.125257731858 -7.831090514106635 0.300101 0.095653 0.24736083 1.0
-902.1312244201076 -9.396203861346764 0.925215 0.101431 0.29394922 1.0
-1004.4435882605187 -9.397861087659566 -0.025844 0.312678 0.34265813 1.0
-903.6968952047157 -8.87880883035962 0.018048 -0.284413 0.29444313 1.0
-999.821413137409 -5.405219464363906 -999.0 -999.0 0.34140337 1.0
-666.6702917213621 -3.477870549876204 -0.307622 0.142808 0.19631694 1.0
-944.7174099352321 2.601649694865439 0.151794 6.4e-05 0.31483182 1.0
-989.1028020261182 3.3896620288557657 -0.595504 0.512571 0.33651718 1.0
-949.3321001233031 4.431986710823431 0.058009 0.081009 0.31617734 1.0
-902.3742483577415 6.412701550155128 0.398021 0.520752 0.29478973 1.0
-889.964429210015 9.962606180462465 -0.427371 -0.043751 0.28999388 1.0
-909.0332218772468 14.345744456382002 -0.128537 -0.30666 0.29862472 1.0
-797.8286998923192 18.51021218009076 -0.112906 0.342325 0.24931328 1.0
-928.1895528581061 22.471798147635745 -0.09412 -0.539235 0.30806774 1.0
-998.5910304986313 24.21405914628377 0.192517 0.079439 0.34362903 1.0
-1009.6172304160389 27.8145467973985 0.439384 0.349547 0.35081112 1.0
-835.3800755961051 25.473351671014964 0.017849 0.213989 0.26619047 1.0
-743.3126887007029 24.302371182541332 0.326283 0.059285 0.22733277 1.0
-788.5368959312187 27.052240492090245 0.462101 0.49504 0.24612363 1.0
-788.0026561290322 27.127643853715796 0.01492 0.225791 0.24597749 1.0
-732.3620695340918 25.388551638989373 0.587606 -0.531622 0.22422008 1.0
-662.997775052362 23.76447288728301 0.180159 0.087011 0.19662295 1.0
-670.8734566535929 -6.760345128959654 0.106941 0.08892 0.19473156 1.0
-675.470934816683 -6.957332688630414 -0.434045 -0.271352 0.1966054 1.0
-913.33656763404 -7.049035553729978 -0.816116 -0.085303 0.29529414 1.0
-803.0264228437792 -5.310472866379643 -0.008937 0.017679 0.24644433 1.0
-1006.0732541732566 1.5449767901748002 0.258838 -0.245189 0.34063926 1.0
-975.0410908937633 36.41800416393103 -0.073061 0.098708 0.32934186 1.0
-850.6861366654987 32.81022922146571 0.782449 -0.492841 0.27035823 1.0
-983.8342310294067 37.94535842117858 -0.021294 -0.347272 0.33463073 1.0
-891.8219928761205 35.47669264711687 -0.315851 -0.434462 0.28922 1.0
-794.0491755870083 3.6461168709441023 -0.234765 -0.092417 0.2597547 1.0
-870.6068290676978 6.279133728961567 0.017197 -0.303478 0.29592398 1.0
-800.7181071659205 3.1571246393503616 -0.12606 -0.008146 0.26048717 1.0
-722.2026670967799 5.422452382380818 0.128555 -0.429355 0.22619578 1.0
-941.9432210437128 7.987369141651647 -0.218347 -0.389911 0.32942456 1.0
-637.3742422133002 7.708662754510751 -0.341014 0.028608 0.19318639 1.0
-965.6333003412963 10.7989359489818 0.456014 -0.774055 0.34092715 1.0
-744.9933288466057 10.902396253679726 -0.326888 0.51711 0.23644255 1.0
-955.5022274604875 -6.2924139721299355 -0.070943 -0.569447 0.32891443 1.0
-796.093152301768 -4.1211682906084155 0.142458 -0.156532 0.25402066 1.0
-937.9011367062312 -3.5229162823507614 -0.184095 -0.006108 0.3208141 1.0
-837.8161891523224 -2.2375124863554507 -0.365307 -0.530869 0.27218425 1.0
-874.6967779341543 4.625801117958191 0.175939 0.281554 0.29090905 1.0
-950.2426574783868 7.089842195338507 -0.830723 -0.240162 0.3280645 1.0
-915.4205388838525 7.3470249187058805 0.173093 -0.009396 0.3114737 1.0
-948.8694611279324 7.026323805931678 0.917682 -0.06286 0.32827854 1.0
-939.6143912007332 8.454229479632863 0.166189 0.070724 0.32385886 1.0
-554.8092920295567 6.102620415011599 -999.0 -999.0 0.16068779 1.0
-974.8471744434324 10.246144521732989 0.209012 0.065394 0.34158552 1.0
-973.323604734994 9.403707266399792 -0.05786 0.260032 0.3403752 1.0
-941.9722026460042 8.512847555266152 -0.328323 0.091459 0.32510167 1.0
-947.2112024242031 12.952210880160342 -0.47774 0.109894 0.32711497 1.0
-874.1777005964016 11.931398984756722 0.888907 0.08417 0.29193863 1.0
-874.6203876836784 12.136213017921056 0.045053 0.044018 0.2919993 1.0
-912.9454078895033 13.21411779875078 0.05467 -0.056841 0.30980644 1.0
-952.8268844140056 12.868306398324501 -999.0 -999.0 0.3311148 1.0
-771.8573300571909 11.865089826462711 -0.153571 -0.595988 0.24557784 1.0
-947.4097034363219 18.358873622778262 -0.19154 0.068317 0.32843167 1.0
-611.6155650802343 12.746625088169544 0.079581 0.203903 0.18176945 1.0
-971.0496010245757 19.618439758743776 -0.44774 -0.479907 0.34010354 1.0
-759.3099040184279 -8.520046700606407 0.212392 -0.799601 0.23491059 1.0
-790.7173470033811 -7.945664313291909 0.013279 -0.431859 0.24827057 1.0
-990.1943528997941 -6.599695542591937 0.21766 -0.084246 0.3425481 1.0
-837.5821732774149 3.2879264532714223 -0.076907 -0.038655 0.26957086 1.0
-812.3546441033936 4.083091388049536 0.446185 0.372003 0.25845015 1.0
-858.223353898657 4.161876540082769 -999.0 -999.0 0.28008556 1.0
-977.633754668631 8.645898391085334 0.072718 0.100191 0.3379627 1.0
-951.5387419616097 14.143944204222931 0.347958 0.547352 0.3246859 1.0
-928.5397840520674 19.66453248386896 0.04537 0.027164 0.31564108 1.0
-558.7542031727058 12.518768077270355 -0.257188 0.268133 0.16100839 1.0
-995.807930629598 23.436363752961892 0.040829 -0.444384 0.34993097 1.0
-958.8842008745926 22.19851713188953 0.002898 -0.12266 0.3306797 1.0
-1013.2958695303234 25.743806468251666 -0.027109 -0.338513 0.35970786 1.0
-729.9891396939853 18.601066274606406 0.349546 -0.042743 0.22601599 1.0
-1004.6727130990334 -15.24209284067739 0.085084 -0.46248 0.34466863 1.0
-759.3575122565749 -8.180223518983004 -0.154411 -0.496091 0.23291422 1.0
-986.6106567307754 1.321238135742908 -0.067499 -0.565786 0.33789963 1.0
-953.0600359913358 2.9603039496062133 0.144181 0.23739 0.32004246 1.0
-932.8914541006167 3.4479893290707047 -0.160163 0.236222 0.31029138 1.0
-928.9117227818298 3.685998680836644 0.030766 -0.050797 0.3094627 1.0
-794.4285749934646 6.005235359244143 -999.0 -999.0 0.2489788 1.0
-804.5182929737895 7.107897308850187 -0.018841 -0.556551 0.25328386 1.0
-986.3856113345922 10.847897056594519 -0.196273 0.177929 0.3395676 1.0
-960.1456509706686 19.36022179224082 0.03749 0.43331 0.3265025 1.0
-991.6128529540478 21.828050851278345 -0.273651 0.031889 0.34316385 1.0
-998.5679607631059 24.427770411549222 -0.302128 0.077243 0.34686378 1.0
-995.5505293839299 24.433713140600265 0.193214 0.198329 0.34561822 1.0
-731.8433424574832 20.4180942376547 -0.112019 -0.013585 0.22395591 1.0
-980.3705459506963 29.147102797669383 -0.037368 -0.148384 0.33832875 1.0
-707.7733433946132 22.363682373852434 -0.390997 0.148166 0.21449403 1.0
-980.01832030866 29.44869811752461 -0.152635 -0.232545 0.33816543 1.0
-731.4061906629046 23.1182893286719 0.033701 0.121629 0.2244004 1.0
-905.0406274856209 -12.733015336548315 0.136463 0.118584 0.2927448 1.0
-988.9097168198381 -5.7031732263971735 -0.105983 0.01424 0.33290505 1.0
-913.186224460018 -2.447967008047317 0.12581 0.093799 0.2966938 1.0
-911.9063752123624 -2.226208569083402 -0.163958 0.06344 0.29609856 1.0
-847.744408759965 -1.398944644041894 0.025379 0.022091 0.2676403 1.0
-846.5848130527781 -0.6182311752930363 -0.008084 -0.068956 0.26742744 1.0
-863.5020971856374 1.6678565277676372 0.129763 -0.284834 0.27564272 1.0
-903.4527975047969 4.796105376159009 0.082449 -0.083652 0.29251522 1.0
-808.6065015577334 3.9629629642161084 0.218843 -0.181726 0.2511189 1.0
-811.047428673852 4.725313717551422 -0.621473 -0.012598 0.25254655 1.0
-899.9892969206986 6.075962608798982 -0.099282 0.079269 0.2913792 1.0
-916.6994987778662 15.386542412597114 0.179291 -0.30104 0.299871 1.0
-747.4038900235719 12.645675789111946 0.092342 0.450406 0.22772664 1.0
-749.7525103622634 14.202491955761463 -0.157082 0.078698 0.22829862 1.0
-1007.5821557367809 20.637520614429807 -0.308794 0.265299 0.34717202 1.0
-943.8610042549482 20.777959564473484 0.064556 0.091694 0.31432125 1.0
-995.4470387246394 24.137318987833318 -0.412326 -0.144263 0.33993697 1.0
-802.2185417813952 20.57810936908876 0.342527 -0.239765 0.2505025 1.0
-835.1178392143266 23.593853206662608 0.143036 -0.065494 0.26509705 1.0
-733.921380348864 25.46595446946392 -0.846352 0.010597 0.22332002 1.0
-973.615756441525 36.11367859408899 0.038685 0.049141 0.33072326 1.0
-841.0235298845924 31.824360568119552 0.058007 0.446473 0.26756978 1.0
-977.3904183820129 30.460657071488576 0.066315 -0.037122 0.3082852 1.0
-662.8190060953208 22.264392284039975 -0.290723 0.353854 0.18142343 1.0
-672.3007487333401 22.988726625616643 0.065333 0.470856 0.18451102 1.0
-772.3804897538399 26.041373921196087 0.172373 0.047859 0.22047853 1.0
-626.8589573966466 21.44165567070898 0.303709 -0.237731 0.16969797 1.0
-695.660458394097 24.30873891278955 0.158569 0.265108 0.19306153 1.0
-989.6807368834395 43.60730330593947 -0.357503 -0.106791 0.32385677 1.0
-744.1353252395651 29.37392116371087 -0.14626 0.378001 0.20725936 1.0
-701.9426837252896 28.15899356351847 0.210009 -0.372956 0.19315526 1.0
-784.1587761758033 34.170854893041664 -0.026922 0.03611 0.2202946 1.0
-1070.946349476062 46.85944529802429 0.078812 -0.44713 0.3402662 1.0
-1069.406636804282 48.07094932571794 -0.381287 -0.624577 0.342202 1.0
-616.4021672897459 28.251695255363327 0.01055 -0.127679 0.1637481 1.0
-774.9992487277129 34.98234353888339 0.007649 -0.003936 0.21864861 1.0
-774.6757917469553 34.696658966391105 -0.071891 0.225528 0.21893683 1.0
-1067.9538822950506 49.24037536519354 0.195225 0.024887 0.34161508 1.0
-708.6335897069455 34.61375284118646 -0.045598 0.387737 0.19322598 1.0
-970.6377234884803 47.02062922896081 0.024158 -0.457947 0.29393962 1.0
-982.0183449617946 48.152488497596195 0.218047 0.118284 0.2990487 1.0
-1062.0057505726338 53.5116920098317 -0.172506 -0.243708 0.3379041 1.0
-876.7095095313667 44.60182902630854 -0.067952 -0.198583 0.25800154 1.0
-995.3311889294278 50.89295662618167 0.085795 -0.444012 0.30855235 1.0
-955.4234853470816 34.84514419371175 0.057393 0.286826 0.31300062 1.0
-980.7959761470296 34.691168756149814 -0.002875 0.086092 0.3263092 1.0
-956.9638682056022 35.595990865795606 0.228639 0.16253 0.31392816 1.0
-1008.7458409468132 36.37565161717251 -0.094453 0.193236 0.33964083 1.0
-597.6137481545481 21.913213235940606 -0.279566 0.104337 0.16861019 1.0
-1003.1834204219315 37.29512267995992 -0.256471 0.103185 0.33738893 1.0
-1001.800437326566 36.96596827655139 0.199575 -0.319934 0.33754855 1.0
-979.8859303329051 35.484304019020435 -999.0 -999.0 0.32714006 1.0
-1016.872551097728 38.44457211528053 0.029678 0.161301 0.3451541 1.0
-900.9069758912494 33.71291263302138 -0.188478 0.068147 0.29030994 1.0
-983.0322893085174 40.80639183273678 0.294022 -0.087126 0.3231034 1.0
-907.9152610536638 38.79379103224906 -0.320138 -0.330581 0.29040113 1.0
-853.711944179873 36.043701228452875 0.551736 -0.09529 0.2669955 1.0
-666.9914695039932 29.66859538856191 -0.249454 -0.136828 0.19313383 1.0
-991.3971948126567 44.42295960611285 0.368439 0.280034 0.3245922 1.0
-994.3740721436084 44.542456409667025 -0.183636 0.1405 0.32610834 1.0
-987.1070755117074 44.94164865913938 -0.008943 -0.007931 0.3229522 1.0
-986.4597511883422 44.48473591622807 -0.008891 -0.301105 0.3235117 1.0
-1036.8593917740225 49.00526736113053 -0.252801 0.318607 0.3473723 1.0
-1035.313498037458 49.016895839590475 0.009553 -0.381366 0.34769458 1.0
-980.4099867753368 48.66042015299955 -0.089809 0.142961 0.32425648 1.0
-734.6672052083964 36.482425274803745 0.166269 0.164042 0.21786317 1.0
-814.1495546363508 40.564722764859624 -0.222932 -0.182654 0.2501607 1.0
-998.0016815995705 48.80511802233705 0.276417 0.205323 0.33455428 1.0
-837.1656396411647 43.36731817316532 0.610179 0.24294 0.2536479 1.0
-1049.4621723056578 55.61400010378022 0.171917 -0.313646 0.35337412 1.0
-982.5701592638902 52.10669577566673 -0.020854 0.028782 0.3202048 1.0
-987.8714037166303 53.52376219395677 0.168331 0.224632 0.32497942 1.0
-745.3351574443417 41.40711743060253 0.255329 -0.589593 0.2206769 1.0
-845.5520349998515 47.54268585873657 -0.107881 -0.038982 0.25510982 1.0
-843.7690319631932 47.22745656108576 0.263839 -0.039391 0.25510326 1.0
-957.7218615188362 54.532777930149564 0.100121 0.057477 0.30723575 1.0
-1056.8456091011283 59.921576153677776 0.095296 0.093338 0.35636124 1.0
-993.0350705385654 58.24730740312808 0.117584 0.191859 0.3259706 1.0
-976.3830506476728 57.3800165078756 -0.758442 -0.81345 0.31681472 1.0
-878.2649090210133 51.61639514427505 0.174158 -0.103418 0.26462162 1.0
-966.9724891158965 59.274694273796676 0.516545 0.001328 0.30673382 1.0
-768.9653089143502 23.1039408694616 0.283489 -0.172271 0.22394475 1.0
-632.902951974883 19.11755493961798 0.005693 -0.009465 0.17457016 1.0
-826.7281577521169 26.17116779619681 -0.221867 0.001992 0.2473579 1.0
-691.7752845481901 21.232963235029178 0.087695 0.151473 0.19648282 1.0
-956.5639764972196 30.80633670622861 -0.182663 -0.370743 0.3036784 1.0
-949.8619355546629 31.53300814034786 0.224624 0.019057 0.30015475 1.0
-855.8659130363509 28.940750304944938 0.107797 -0.179144 0.26078287 1.0
-741.3217380280531 24.21186013526364 0.558423 0.117871 0.21586981 1.0
-941.6456123006759 31.975923972185978 -0.12392 0.145533 0.30104402 1.0
-946.7366894566137 32.87822723080636 -0.475026 0.218944 0.3026244 1.0
-973.1512526965815 35.10661944960359 0.235988 0.251344 0.3165423 1.0
-985.0604394095618 35.09725929307748 -0.602955 -0.609196 0.322142 1.0
-986.8877867194667 35.22212506816833 -0.239504 -0.365304 0.324463 1.0
-997.0395027946464 36.5680863592367 -999.0 -999.0 0.32962173 1.0
-1001.7374773947483 38.11074142107096 0.714594 0.448073 0.33324975 1.0
-849.839353861432 33.94430779138717 -0.149343 -0.249157 0.26617062 1.0
-985.8433439112405 41.833738519967035 -999.0 -999.0 0.33343363 1.0
-1028.2862178481546 44.35792208801096 -0.007848 -0.148722 0.3463551 1.0
-857.4803016162149 38.60376584430023 0.032589 -0.105308 0.26771396 1.0
-1029.524072175277 47.63091240132278 -999.0 -999.0 0.34803718 1.0
-848.4916845102305 40.0488637977335 0.017821 0.053702 0.26558658 1.0
-733.4071927787567 35.481103369733695 -999.0 -999.0 0.21882227 1.0
-705.0706198805645 26.443193184183976 0.027436 0.266967 0.19546615 1.0
-712.6123860622633 26.246296598970847 0.163594 -0.356592 0.1987951 1.0
-670.6641519162393 25.007458627276538 0.042932 -0.176954 0.18411252 1.0
-619.344148485745 23.74641211410459 -0.369369 0.109046 0.16689989 1.0
-699.1596815993034 27.41269614010762 0.331698 0.384845 0.1945291 1.0
-765.9757077766113 30.257638921542203 -0.182993 -0.411627 0.21906658 1.0
-964.056026868921 37.60723830454415 0.201876 0.10761 0.30080122 1.0
-849.7501176414838 33.90833840595017 -0.334368 0.465037 0.2518236 1.0
-1041.8994503201927 41.98910562804502 -0.742977 -0.151232 0.3363965 1.0
-1030.3392833406065 45.377630542798975 -0.567125 0.556993 0.33639088 1.0
-751.4926558812455 32.63166317248116 -0.046757 0.188335 0.21763128 1.0
-742.2945741489253 32.203206584323745 0.081308 0.092106 0.21397974 1.0
-1028.147889325407 44.56410498537005 -0.39703 0.120102 0.33604145 1.0
-877.5557643735382 39.01239933761552 0.046742 -0.14965 0.2680516 1.0
-1009.2789485269259 47.26052013402445 0.040171 -0.039011 0.32977545 1.0
-906.8908424514013 44.78534926589878 0.141267 -0.319324 0.2840665 1.0
-986.6511151068656 47.156329087543526 0.131773 -0.499334 0.32224494 1.0
-982.8775681200337 47.62427348282745 0.243379 0.21138 0.32024896 1.0
-1045.6793612105298 52.200967372926875 0.421242 -0.19353 0.35267106 1.0
-971.0251432336672 47.957092944558205 -0.06014 -0.171485 0.31649435 1.0
-984.9364278733423 48.345562997071205 -0.075381 0.080412 0.323997 1.0
-986.2019330655841 50.97451368106939 0.028713 0.164965 0.32442474 1.0
-738.1872724559529 38.27304749060357 -0.025116 0.456862 0.21879081 1.0
-744.6974724838932 38.79467858745955 0.819134 -0.135033 0.22152887 1.0
-742.7351760440519 39.604512793712686 -0.369361 0.09774 0.22065859 1.0
-744.8792974617767 30.279238847997956 0.045573 -0.157724 0.20719257 1.0
-955.4003520666321 39.434743378565294 0.283927 0.148255 0.28951335 1.0
-747.1106330492153 30.33041182196287 0.436656 0.266409 0.20818721 1.0
-1084.9419038179767 43.8822274859179 -999.0 -999.0 0.349194 1.0
-1084.5589275674104 43.4365951854896 -0.09082 0.091529 0.3492641 1.0
-756.9636062155931 31.735348765017548 0.398315 -0.756954 0.21216874 1.0
-754.5606356366397 32.17487212308775 -0.2243 0.144908 0.21128964 1.0
-755.436586496761 31.98890319419167 0.54252 -0.015105 0.21162492 1.0
-771.2315239269184 32.74560275935692 0.039084 0.075695 0.21860209 1.0
-1072.9638788091595 47.29591300866337 0.134922 -0.034685 0.34632576 1.0
-1047.3815085771312 45.56523229124785 0.139405 -0.138187 0.3358607 1.0
-1003.3702505330866 44.41647075544001 0.085085 -0.356605 0.31528166 1.0
-984.2308090377755 43.48640056105361 -0.108656 -0.306433 0.30733037 1.0
-981.6722957433946 43.63779724212499 -0.359719 0.106245 0.30617893 1.0
-898.2770602125231 42.10720979022913 -0.127184 -0.16689 0.2704916 1.0
-1037.8034759195925 50.26553463524384 0.226136 -0.074772 0.33483365 1.0
-931.0018670571895 43.855458345991046 -0.050852 0.09642 0.28715652 1.0
-876.2624130517861 43.682840268823405 -0.026442 0.078068 0.2658686 1.0
-864.9324405056753 42.33392691879038 -0.000965 0.097974 0.26170516 1.0
-996.3556499460499 51.46234943201209 0.180196 -0.208497 0.32151482 1.0
-997.5286051692143 51.489936773776044 -0.057257 -0.307728 0.32204935 1.0
-1005.483239123811 53.880929436027266 -0.165691 -0.103132 0.3300661 1.0
-1010.4031031126859 54.89441609460469 0.052296 -0.064328 0.33230528 1.0
-1042.6485107294207 59.74716966029798 -0.295398 -0.417523 0.35064077 1.0
-1054.63707046381 60.463545195701684 -0.172374 -0.618652 0.3574524 1.0
-782.2897188625268 34.677562643419044 0.442145 0.522091 0.2196294 1.0
-708.2267774512218 32.15432001743487 -0.530681 0.468427 0.19345869 1.0
-760.947710890863 35.05789632729445 0.043644 -0.32807 0.21226785 1.0
-1075.0524493785315 50.82921536463491 0.388035 -0.10194 0.34407493 1.0
-961.7514493981245 46.42445048618088 -0.311944 0.039345 0.2921081 1.0
-967.6961781995209 46.635423323716694 -0.003337 -0.184227 0.29458347 1.0
-973.5857443894508 46.18269390499808 0.183369 -0.189538 0.29781047 1.0
-1062.2937742675665 51.68879712771525 0.223418 0.135708 0.3388377 1.0
-1061.025325982659 50.77262936850217 -0.15493 0.162202 0.3397575 1.0
-1059.5884326704088 50.83337657453809 0.251044 0.240021 0.3388581 1.0
-701.7144910596537 34.33301519202364 -999.0 -999.0 0.19292024 1.0
-1053.4580810475843 50.45341283209319 0.225803 0.1111 0.33655217 1.0
-1034.7864990910462 50.49456921333303 0.300276 -0.367455 0.32847977 1.0
-990.5066282216795 49.3120266517918 0.104032 -0.237913 0.3074942 1.0
-943.0845131432989 48.169489001352716 0.040554 0.008358 0.288056 1.0
-965.4373296298951 54.05922948667319 0.063862 0.026492 0.30190486 1.0
-1016.9563051334243 61.24984322271659 -0.123614 0.004245 0.33253008 1.0
-1014.0525495204623 61.06442663394844 0.052039 0.003801 0.33113697 1.0
-1015.8301517792988 61.37269505204745 0.248392 -0.40399 0.3322614 1.0
-837.0678305979875 51.006149923090405 0.078565 -0.037292 0.25258717 1.0
-836.7360833147898 50.69717267208247 -0.115138 0.079345 0.25289583 1.0
-914.9471560255397 56.159053653210485 -0.04351 -0.053606 0.28644377 1.0
-897.267592893924 54.70447970007009 0.122524 0.116548 0.2796845 1.0
-984.343172224697 61.0450883359357 -0.020009 -0.041799 0.31893402 1.0
-614.5253533133556 31.82685789594462 -0.033478 -0.484007 0.16114673 1.0
-785.3867694027512 39.97234553388692 0.046545 0.042564 0.21951336 1.0
-1100.1219767269085 57.956197039566696 -0.491422 0.508644 0.35311517 1.0
-1066.5932788796517 55.77735031890208 -0.139831 -0.092963 0.33740097 1.0
-1068.2166360408398 56.24271915541157 0.311905 -0.118168 0.33889887 1.0
-1054.902956584478 55.763711621064736 -0.050059 -0.572718 0.33262497 1.0
-993.9292675010098 54.28511594656766 0.361317 -0.139186 0.30504268 1.0
-990.2228772518338 52.4871809442466 0.003792 -0.209779 0.30466744 1.0
-606.7478645272238 33.496285791304445 0.02999 -0.453725 0.16010459 1.0
-947.3739090910677 51.32402546828054 0.1271 0.155038 0.28555706 1.0
-943.6236431680509 52.145448626940315 -0.103196 -0.092789 0.28633842 1.0
-659.499219921028 37.50871303031707 -0.100427 0.058633 0.17992708 1.0
-978.2169515340025 57.37522254257642 0.258223 0.169951 0.30358648 1.0
-743.2270877870618 43.284182982558285 0.314442 -0.100558 0.20948683 1.0
-1069.6518283670073 62.67207629580164 -0.108434 -0.052947 0.34836653 1.0
-1070.428401186772 61.99657582118159 -0.17268 0.226253 0.34866402 1.0
-1027.9504729544342 59.73733964301032 -0.040082 -0.030759 0.32908392 1.0
-913.7177534439851 56.36080413120156 -0.145418 0.304913 0.2791524 1.0
-920.108297117499 56.6549755928226 -0.252069 -0.220043 0.2840274 1.0
-1026.475067913276 65.7983421167165 0.075864 -0.072428 0.33270895 1.0
-1023.2066346538686 65.74476027683359 -0.14843 0.06225 0.3311687 1.0
-1022.9819801931775 66.08097515561457 -0.162212 -0.387764 0.33176714 1.0
-1011.1875395792308 65.8676954644325 -0.554442 -0.333821 0.3291449 1.0
-964.7692747146037 63.00573958307251 0.024206 0.306496 0.30743048 1.0
-684.4823743818519 26.062723694099265 -0.121982 -0.028911 0.19445507 1.0
-986.043513127538 37.24981452693369 -0.112338 -0.050612 0.319557 1.0
-994.8182173290589 43.84682775748986 0.057326 0.010828 0.32365385 1.0
-877.6288475629301 42.43936229124626 -0.0452 0.450451 0.26669332 1.0
-810.9332412250974 54.77470968714132 0.140526 0.077648 0.23987511 1.0
-694.216447477698 30.267968480163308 -0.013883 0.146966 0.19391124 1.0
-735.3984464459635 20.755260484129753 -0.002287 -0.180978 0.21734795 1.0
-603.0624319116794 22.131019485642973 -0.133008 -0.109143 0.16720873 1.0
-1031.6895568942741 39.29910468254011 -0.105899 -0.048864 0.3444907 1.0
-674.2192877761659 26.071503241822725 -0.168371 -0.104309 0.19230416 1.0
-673.2296325888681 26.016425693567705 -0.001652 0.052988 0.19204213 1.0
-678.2133375100898 26.275973231585596 0.673343 0.000577 0.1935444 1.0
-645.6192604764796 27.041707644328728 0.521281 -0.052984 0.18147635 1.0
-992.1028542642078 42.82062143805556 0.441653 -0.371366 0.32301915 1.0
-745.9712911530543 32.56710859352593 0.484387 0.465129 0.21865755 1.0
-989.206015405587 42.98651778429156 0.050344 0.206599 0.32161888 1.0
-679.9308438656326 30.68621283350966 -0.040864 -0.103297 0.19383582 1.0
-996.6269281612465 43.22576291207933 -0.079997 -0.003994 0.32234076 1.0
-593.0898034677501 27.68734507988844 0.315501 0.080604 0.16191582 1.0
-712.6439619064457 33.25352221186523 0.107216 0.439091 0.20153987 1.0
-848.7644927092765 63.13030816839862 -0.251061 -0.004792 0.25331366 1.0
-851.7054590896123 63.51611396306845 -0.045074 0.022365 0.25444794 1.0
-640.3638828975833 27.927815947373887 0.059521 -0.031196 0.1746654 1.0
-859.5161687892953 61.69553360561196 -0.097085 -0.040328 0.2552261 1.0
-746.246949516894 54.231247963219424 0.194182 0.155432 0.2116103 1.0
-842.5486858001431 60.80538513695114 0.075187 0.179919 0.24801332 1.0
-1003.3750455891674 73.33902646313888 0.048667 0.175802 0.3164268 1.0
-834.997782184553 61.841966676696785 0.17004 0.162377 0.2450744 1.0
-753.4536157653442 1.468026285553378 0.024102 0.008733 0.22721148 1.0
-753.9690112621535 1.6175281748781922 -0.128467 0.14179 0.22754903 1.0
-668.1065402026874 10.87952386660798 0.281174 0.293602 0.19548507 1.0
-575.0009060416088 11.537069269261375 0.136681 -0.56688 0.16274859 1.0
-989.7075949928147 21.863729489898738 -0.200859 -0.110459 0.33403173 1.0
-585.5890838601817 13.004885814351958 -0.279294 -0.210697 0.16618583 1.0
-898.3457078388346 21.907031998658802 0.044077 -0.402149 0.2910577 1.0
-997.7092244058658 24.65881944444848 0.562641 -0.17473 0.3389525 1.0
-992.1175055932221 24.931391603217865 0.135936 -0.052425 0.33622247 1.0
-897.2944692070884 25.04850533321029 -0.087459 0.165038 0.29011694 1.0
-839.8384700819481 24.375001649746093 0.097959 -0.370556 0.2641129 1.0
-993.7208794764044 31.69188088395734 0.220266 -0.119135 0.33660308 1.0
-901.9021076324325 32.76197420526251 0.173979 -0.064571 0.29220775 1.0
-1015.8464640466154 24.165113439202983 0.127226 0.138252 0.34479812 1.0
-805.3048690772305 23.442079296266094 0.099422 0.158093 0.24780858 1.0
-667.645850712417 20.99371669536832 -0.017746 -0.186216 0.19405562 1.0
-667.2947922980259 21.35443832346761 -0.097199 0.208472 0.1934966 1.0
-986.9061911912944 35.12592152318236 -0.043915 -0.111699 0.33004633 1.0
-800.1039311733899 22.36377797614554 0.158848 -0.1179 0.24872655 1.0
-626.6524850447366 10.970556109772296 0.3077 -0.518892 0.17946921 1.0
-750.5591175715429 18.038496463788622 0.032603 -0.310536 0.22646536 1.0
-1003.3244745439245 25.5932998177409 -0.27036 0.122817 0.33902666 1.0
-900.8041507163251 24.140495995560606 0.16844 -0.178883 0.28956813 1.0
-898.8980635554013 23.718304441300788 -0.126385 0.169432 0.2897742 1.0
-934.9289794535181 33.82597326292623 -0.136815 -0.071388 0.30761397 1.0
-761.2578148087348 18.0138522484821 -0.822364 -0.147119 0.22816856 1.0
-961.8901103874775 26.065115483693276 0.130824 -0.144678 0.31443 1.0
-821.5653728686967 22.68781598075049 0.078627 -0.147554 0.25235713 1.0
-590.3729541669733 18.795924943175855 -0.176569 -0.107444 0.1656677 1.0
-671.0136580031427 22.009630173142263 -999.0 -999.0 0.19431043 1.0
-672.2713892439803 22.95896152584338 -0.123687 0.006156 0.19441256 1.0
-987.3943982393675 34.41945474607643 -0.289368 0.031705 0.3274907 1.0
-1001.9203929791963 34.78681278615029 0.325263 -0.070382 0.33597413 1.0
-986.5753145145895 34.970745763066105 -0.071578 0.107214 0.3278539 1.0
-678.9901557228186 25.76684259559974 -0.053428 0.227826 0.19440122 1.0
-1002.2454596578689 39.588382560053 0.099041 -0.114825 0.3305995 1.0
-744.6338320299728 7.972598461185786 0.069913 -0.030534 0.23845893 1.0
-800.5243752081775 -3.0282055595976427 0.079183 0.281738 0.25654295 1.0
-725.6121615180757 6.5993619425845065 0.007956 0.048821 0.22632225 1.0
-946.2286105806276 10.12539023644623 -0.100069 -0.273799 0.3286328 1.0
-766.7255059713983 11.95675740523924 -0.712784 0.012811 0.24478605 1.0
-767.4348221761401 12.967263524191507 0.020945 0.364332 0.24532941 1.0
-838.6126793465831 -4.633796444689729 0.167151 -0.089681 0.2712496 1.0
-803.1968099406066 10.32063734870066 0.091437 0.420805 0.25711718 1.0
-1002.1440783362115 22.621577644711696 -0.047546 0.060916 0.35641614 1.0
-1010.9585266273282 25.116411845586146 -0.036556 -0.020562 0.3597091 1.0
-974.8561480083387 23.73262222996719 0.11122 -0.132613 0.3410307 1.0
-639.997070815532 -2.496127388090738 0.085356 -0.106684 0.18770306 1.0
-747.3215690666918 -1.8331592159155439 -0.245611 0.198795 0.2293504 1.0
-641.7361168392199 -0.42967717582556203 0.132936 -0.060327 0.18855895 1.0
-668.4641035185555 3.7208016070148076 0.224443 0.009793 0.19942954 1.0
-561.085710304331 14.281909340921688 -0.443825 -0.142218 0.16124874 1.0
-826.8910124938001 22.42621058698896 -0.006564 -0.228175 0.2659395 1.0
-665.8902853473301 -1.9087238680898972 -0.230287 -0.021541 0.19625305 1.0
-564.4901755340078 3.27776030261729 -0.381959 0.247268 0.16021843 1.0
-673.3346510008513 7.954142267948787 0.045031 0.232094 0.19984171 1.0
-679.4448445455897 10.204964418468187 -0.141334 -0.138374 0.20144542 1.0
-651.0844528456333 14.819123072214929 0.089844 0.209347 0.1914993 1.0
-706.5435025520754 18.8720258661716 0.115711 0.15437 0.21269551 1.0
-972.9886720170775 35.81469790088999 -0.097503 -0.097425 0.33161005 1.0
-575.0617699996873 16.856316376911874 -0.467492 0.356501 0.1632568 1.0
-801.9097483557948 23.693780656383925 0.107522 -0.065001 0.24882309 1.0
-989.514520508942 31.369606941341523 0.086767 0.2216 0.3354748 1.0
-999.9571478864876 32.815271646852494 -0.177989 0.029592 0.34075308 1.0
-1000.9520251934372 32.39553235448424 -0.125672 -0.042693 0.34201008 1.0
-998.9961370239259 32.821065057495034 -0.13946 -0.191385 0.34091386 1.0
-744.5376194984643 5.58906575245954 0.393078 0.010749 0.23944269 1.0
-548.7144629974591 5.171111148221474 0.116116 -0.64942 0.16064383 1.0
-939.2554830048455 -3.178246696311782 0.004168 -0.144515 0.32074776 1.0
-837.4122151989428 -2.246805834383954 0.17438 0.497099 0.27200496 1.0
-556.7900621219625 1.914627542959645 -0.387925 0.467086 0.16149968 1.0
-874.4006646173893 5.079735409583363 0.163091 0.042813 0.29129165 1.0
-942.0207594571185 7.010074968087747 -999.0 -999.0 0.3245601 1.0
-874.795648264782 8.991189269735912 0.164487 0.033784 0.2916032 1.0
-728.0138090471004 8.503579191940833 -0.001482 -0.052382 0.22628613 1.0
-935.637987568265 10.368536148415975 -0.117229 -0.000959 0.32136288 1.0
-726.1093852607048 15.669552329472491 -0.244184 -0.255196 0.22620554 1.0
-928.5940435065129 20.032409137892653 -0.049488 -0.137006 0.3183801 1.0
-957.2613392605626 6.665931752907207 -0.220069 0.331261 0.3275359 1.0
-949.5385795884662 12.655835327014577 -0.017951 -0.15151 0.325184 1.0
-954.4965822321223 14.175996731587986 0.138721 -0.285851 0.32697636 1.0
-631.9531668365344 12.500115128766504 -0.224635 -0.126254 0.18733196 1.0
-749.9374889275657 13.767620101438409 -0.201305 -0.079931 0.2342421 1.0
-555.4759316575386 12.394954810726919 -0.195042 -0.569449 0.16027173 1.0
-932.2421030360865 19.66452115835943 -0.168095 -0.131946 0.31740424 1.0
-556.2622551569594 13.571114099495727 0.174174 -0.293041 0.16029893 1.0
-560.5512485928357 13.841136834361919 -0.319149 -0.018254 0.16183801 1.0
-639.3730389994611 -3.5089222388592147 -0.102932 -0.225501 0.1864607 1.0
-902.4530170499276 0.365648448216589 0.103076 -0.051906 0.29590693 1.0
-950.3132722538118 2.9505237218494873 -0.337454 -0.120231 0.31869248 1.0
-680.6852562245163 9.707067291918229 0.362172 -0.25307 0.20322381 1.0
-735.4487439810011 18.9199996465715 -0.077944 0.101832 0.22526203 1.0
-707.5341988070694 21.258774969703193 0.104748 0.295929 0.21461856 1.0
-983.6321077101311 29.855365584012358 0.124654 -0.040723 0.33841148 1.0
-893.0330637675094 -0.4733108771155237 -0.048468 0.251294 0.288292 1.0
-856.8167659387738 1.5795312815684286 0.286233 0.102883 0.27268073 1.0
-853.4650924259478 1.5385627187865731 -0.116362 -0.080238 0.27121985 1.0
-669.062904273635 5.3829615673932185 0.140418 -0.002282 0.19654013 1.0
-668.2092748407938 5.686454053822465 -0.200297 0.470007 0.19620086 1.0
-752.3294646488879 11.069819949992839 0.061796 0.100942 0.22883631 1.0
-709.4516937700764 13.222792116134988 -0.079872 -0.195563 0.21218239 1.0
-891.0841701311303 16.810232090816996 -0.499695 0.39986 0.2894035 1.0
-894.4135359004114 20.778875901751185 -0.104821 -0.239146 0.28999567 1.0
-996.2811576479581 26.73904315259302 0.042469 0.261245 0.34021512 1.0
-654.9925852363723 19.31893902313734 -0.077223 0.196351 0.19278623 1.0
-996.5746450926607 30.75703821155496 0.174665 0.132748 0.34054652 1.0
-945.3918820890536 34.31968071186074 0.357699 0.196593 0.31605414 1.0
-992.6835185523639 36.28626612916014 0.116503 -0.240346 0.3309022 1.0
-1004.393052348446 36.146446401525196 0.215668 -0.24825 0.33869424 1.0
-904.252886521884 34.04876124401861 0.047885 -0.067387 0.29119745 1.0
-980.9880908571863 36.87933377604925 0.141152 0.428717 0.3290222 1.0
-659.9742454107561 25.82496565354864 -0.018353 0.253814 0.19157346 1.0
-664.2445617194809 25.50029484979182 -0.09239 -0.033586 0.19409627 1.0
-669.5096183933929 25.48754106486559 -999.0 -999.0 0.19631447 1.0
-660.4893072747757 25.087712217315882 0.204539 -0.270808 0.19268347 1.0
-660.115907155503 25.16014425580268 -0.028244 -0.009825 0.19267853 1.0
-637.3591241800921 26.577098132434536 0.077719 -0.08756 0.18181075 1.0
-856.2720491944749 37.51518714877356 -0.332718 -0.567919 0.26754755 1.0
-665.2708002469292 29.856792881566747 0.13793 -0.409686 0.19267233 1.0
-665.421749049613 30.105007191850657 -0.332392 -0.087574 0.19333293 1.0
-711.3804396036882 33.21919917231406 0.358135 0.139922 0.21184199 1.0
-985.7326854024991 44.34800346367186 -0.209741 0.291712 0.32233983 1.0
-991.0410763979498 45.08553579872218 0.312147 0.028929 0.3252428 1.0
-1031.9282787133538 48.72808927819995 0.102618 -0.188399 0.34742743 1.0
-737.2996141031705 36.76922635237113 -0.24852 0.111042 0.21889986 1.0
-672.3958305893253 35.411003344089394 0.262357 0.504154 0.19184193 1.0
-743.1590453174325 40.39484384940397 0.149264 -0.144098 0.22028488 1.0
-742.6160749512968 41.208286756900755 -0.022698 -0.067529 0.21967424 1.0
-843.665900993842 47.42575034605366 -0.049795 0.047933 0.25435773 1.0
-1001.0107657742083 57.23866914570831 -0.457437 0.747524 0.32910147 1.0
-689.7329256877991 40.50631920674388 0.009841 -0.376865 0.19289492 1.0
-873.9002898699465 51.62188238081856 -0.115863 -0.129827 0.26346627 1.0
-738.6614630607583 24.083357445881337 0.103819 -0.236286 0.21492843 1.0
-605.3166270705426 21.32736507181153 0.142631 -0.20883 0.16741715 1.0
-606.9823775587531 21.228214489453716 0.77331 0.069161 0.1680313 1.0
-606.376511297859 21.536368795255893 0.173823 0.218432 0.16799745 1.0
-950.9991823277965 33.62525159346651 0.169147 -0.070925 0.30414632 1.0
-594.8314978848636 21.206120630390863 -0.036294 0.27326 0.16486658 1.0
-596.6731676387668 21.32035312945324 0.170341 0.085622 0.1664846 1.0
-594.0773173035828 21.372524252701933 -0.324492 -0.048416 0.16559175 1.0
-680.9507708190948 24.876858289785922 0.292468 -0.392214 0.19602281 1.0
-995.4251336350237 37.23553053702461 -0.558832 0.084231 0.32932666 1.0
-914.8080187129397 34.463405407990926 -0.144946 0.034632 0.29200113 1.0
-1014.4889638019185 37.89176975639681 0.143993 -0.145041 0.34028143 1.0
-671.2438976719329 25.421607907970955 0.163318 -0.133639 0.19358027 1.0
-914.0351500087055 35.10632891328907 0.025536 -0.363037 0.292216 1.0
-671.0609556051393 25.537832243879038 -0.102648 -0.428194 0.19402668 1.0
-808.2908766137393 31.913914470963896 -0.09685 0.056675 0.24853969 1.0
-732.9778927190919 30.169810954608515 0.157823 0.164074 0.21872804 1.0
-686.9689168182767 28.414759773899124 0.181772 0.311699 0.1954258 1.0
-670.8852961343523 27.810853046495453 -0.366222 -0.154054 0.18972151 1.0
-616.4851206319976 26.573567024343394 -0.038444 -0.382149 0.17176965 1.0
-812.3347176435753 34.89032041355497 0.489534 0.248205 0.24499235 1.0
-750.5304671984595 32.97430436597256 -0.084156 0.134932 0.22149263 1.0
-815.147069331081 35.41210419423038 -0.084233 0.161632 0.24879694 1.0
-667.0317046953659 31.101256199115078 0.109861 0.034432 0.19331276 1.0
-734.2597492190619 35.54892344963695 0.074455 0.07052 0.21916448 1.0
-1034.4166627660618 45.72363173031991 0.11292 -0.056149 0.33725455 1.0
-623.3056848810438 27.541197856654673 0.12383 -0.154555 0.17186119 1.0
-880.1665223950791 38.945347156705715 0.225947 -0.138148 0.26813754 1.0
-1027.3011308586922 44.456521099673616 -0.087012 0.149705 0.33567297 1.0
-680.5267363623557 31.720775958439443 0.122147 0.304735 0.19403866 1.0
-987.2645406058765 47.35285013193455 -0.012036 0.332905 0.3235467 1.0
-1036.4845715294243 50.230540771771295 -999.0 -999.0 0.34792972 1.0
-742.6704811650325 36.313338935757955 -0.129227 0.019452 0.21858162 1.0
-972.0916487263013 47.95687617109901 0.209775 -0.088256 0.3169156 1.0
-616.4874378319921 31.61951573259961 0.284775 -0.267646 0.17319177 1.0
-666.5706750461441 35.184727996875345 0.154142 0.04463 0.19214496 1.0
-666.0457589467359 35.16151392361878 -0.128482 -0.146344 0.19187735 1.0
-897.6914975505669 47.64000836364568 0.153772 0.279776 0.2777865 1.0
-1010.3084901911791 54.78044902924902 -0.119216 -0.012878 0.33235043 1.0
-923.7033608843907 47.316756751225086 -0.252492 0.252097 0.28186333 1.0
-633.7178766999967 33.753325749541986 0.038344 0.016445 0.17297103 1.0
-756.6736340367921 44.45209952720925 0.006272 -0.556951 0.2205136 1.0
-965.8288398953597 62.844751135479065 0.051805 0.201626 0.3081385 1.0
