X Y e1 e2 Z WEIGHT_SEEING
-300.3786765774196 -132.81506503556565 0.071556 -0.381007 0.3338181 1.0
-321.5037111599969 -135.01742504316667 -0.146904 0.6367 0.33748537 1.0
-320.3700399109532 -134.52821957451224 -0.103356 0.232248 0.33922932 1.0
-204.30291734158195 -89.07100438855868 0.135771 0.038908 0.19275592 1.0
-314.5499572174738 -136.67562022888146 -0.138772 -0.048683 0.3533177 1.0
-313.1664077605613 -135.67202158980336 0.230884 -0.031088 0.3526847 1.0
-240.09921527247744 -106.96942747705332 -0.138712 -0.528465 0.24983324 1.0
-296.1246088153286 -130.95276632917546 -0.145789 -0.119628 0.3347026 1.0
-214.7180179368325 -90.13828021336606 -0.005872 0.041231 0.19294728 1.0
-298.2226491862274 -124.43688604235176 0.083844 -0.125108 0.29966444 1.0
-316.06960972311674 -132.65594530392116 0.246501 0.164288 0.32679033 1.0
-306.59343347878183 -122.62876835629781 0.393635 0.120755 0.3055804 1.0
-238.09807376958625 -105.61577517519703 -0.038057 0.192819 0.250289 1.0
-281.46440239571695 -127.80133088296894 -0.031072 -0.131317 0.3258058 1.0
-330.79961931137416 -132.67592843209758 0.039815 0.25795 0.34036174 1.0
-230.1547652237931 -93.47496934567138 0.558566 -0.654492 0.20812403 1.0
-296.3710153957017 -121.12276755801493 0.045857 -0.148475 0.29437643 1.0
-310.849034866269 -134.59770045257926 -0.242707 0.137076 0.35146976 1.0
-311.92759780965207 -131.0394732747372 -0.139738 0.103127 0.32226372 1.0
-320.6451897475416 -134.10589757545904 -0.076199 0.247715 0.3377663 1.0
-293.18504247044336 -127.76483328663547 0.19606 0.113854 0.31968203 1.0
-189.86650620950195 -82.46839931213064 0.18439 0.212011 0.17982058 1.0
-245.26258087174335 -108.85390917162847 0.132467 0.042225 0.25614515 1.0
-216.37098799048155 -96.70133544222323 -0.406269 0.674295 0.22303714 1.0
-273.60363462949755 -113.39152831037619 -0.052089 0.038877 0.26073048 1.0
-187.02611876106945 -79.34505734080217 -0.07906 0.079208 0.16331705 1.0
-333.5119141596202 -136.08591874320297 0.175775 -0.095712 0.3483364 1.0
-330.21988555574023 -132.68768799268685 -0.034952 0.012597 0.33997634 1.0
-229.41581919789465 -94.24580939534899 -0.445803 0.288071 0.20861946 1.0
-327.5884171179757 -134.39074601871312 0.576472 -0.210637 0.34381106 1.0
-309.6181075412594 -133.82184999642288 -0.142018 0.022288 0.35182646 1.0
-319.9478410902115 -135.52763023269569 0.052175 0.487344 0.3369023 1.0
-327.3173903017319 -138.53347599198418 0.210771 -0.546075 0.34832278 1.0
-322.27682593798716 -137.2263335377629 0.001783 -0.099082 0.34354535 1.0
-312.79705996471716 -135.60533917749473 -0.228711 0.135871 0.35190973 1.0
-301.4556674701219 -131.80392422517875 -0.156084 -0.505765 0.3345127 1.0
-187.9311521087771 -81.83729513465927 0.048725 0.227687 0.17821243 1.0
-300.61674994553266 -130.60574582668227 -0.289337 0.071604 0.3343844 1.0
-294.1179532964359 -130.54729631961976 -0.151291 -0.157271 0.33199808 1.0
-235.39818223255313 -104.20710123080131 -0.097724 0.269613 0.24396978 1.0
-208.1493634955934 -92.91554815166441 0.21908 -0.12948 0.2119992 1.0
-170.17732291212747 -77.59574539047645 0.182093 0.045804 0.16706954 1.0
-322.95339737892505 -135.46837956312646 0.585827 -0.073817 0.33683136 1.0
-340.8068334565165 -83.23988752979221 0.745804 -0.119694 0.31431276 1.0
-356.0170887046319 -87.37138070253827 0.026796 -0.018913 0.3438416 1.0
-208.83286175632804 -52.26795255432907 0.237288 -0.101643 0.17027262 1.0
-262.5418282528723 -63.17849999101182 0.30075 0.182565 0.2305799 1.0
-342.6199143359934 -113.04212979994503 0.121329 -0.012976 0.33972213 1.0
-345.40185346135587 -111.38038113354116 -0.406251 -0.248959 0.34169513 1.0
-345.4663108961375 -111.33538942806089 -0.102077 0.010962 0.34221843 1.0
-334.2670598346856 -108.87486897877636 0.61553 0.082048 0.3350718 1.0
-282.9664738611988 -92.51814679936929 -0.168092 0.277704 0.26500848 1.0
-277.8927269224673 -93.11479183705616 -0.161702 -0.075389 0.26531646 1.0
-337.09834776882155 -111.64007661300158 -0.050053 -0.097083 0.34936097 1.0
-273.8057755392107 -91.78101997854414 -0.115715 -0.029053 0.26881146 1.0
-252.2031290777032 -84.64850273204104 -0.009205 0.096315 0.24183854 1.0
-247.13594718274575 -87.10772361402445 -0.018793 0.09014 0.25252196 1.0
-275.1667910762097 -96.45978771116887 -0.342693 -0.094463 0.2953192 1.0
-283.10871572065207 -102.31810996490331 -0.536294 0.13876 0.32927084 1.0
-177.35667586273576 -66.22145675634859 0.162177 -0.112007 0.18803483 1.0
-221.5729057636025 -84.71773848962494 -0.028054 0.176423 0.2590012 1.0
-277.52851218036443 -104.03720479701255 0.737871 0.066055 0.35658476 1.0
-243.35346847066023 -94.3592416315629 0.014596 0.043049 0.30104044 1.0
-253.33978299506757 -97.7770548064976 -0.011842 -0.011883 0.32794583 1.0
-197.76415058192617 -80.72709812075345 -0.071244 -0.055658 0.25170425 1.0
-222.42595021580172 -89.7036978607529 0.232625 0.15428 0.29838526 1.0
-197.8638813738943 -61.45064042959269 -0.028593 0.416858 0.16130011 1.0
-333.08697982015724 -103.3656778571013 0.078275 0.064113 0.3310827 1.0
-327.483423576657 -103.42826337185538 0.07239 0.04715 0.32960242 1.0
-322.06303496389387 -100.68743786847911 0.039719 -0.084344 0.32026702 1.0
-314.27036102445976 -100.30644193048815 0.17553 -0.141374 0.31138802 1.0
-275.6012600351179 -87.19818288068227 0.356182 0.014095 0.26052466 1.0
-337.8331219945312 -108.8098693292218 0.166005 0.092243 0.35838586 1.0
-323.5737106628085 -103.90366619728749 -0.269885 -0.271108 0.34490654 1.0
-264.32355085757814 -86.6085630289285 0.364368 0.038657 0.26645407 1.0
-308.90694585213896 -100.82582854386715 0.390797 -0.164327 0.34039083 1.0
-302.2455588483537 -100.09122387463206 -0.180827 0.085432 0.33866596 1.0
-239.79552311098308 -81.2281839458053 0.636878 -5.6e-05 0.24870066 1.0
-285.9081265093196 -97.22466911008122 -0.293902 0.218388 0.32713842 1.0
-267.1414458246991 -89.85968743571121 -0.05315 0.272731 0.2973338 1.0
-225.9069044101734 -80.3384657158641 0.10541 0.286665 0.253679 1.0
-257.30676480371073 -90.72720683027958 0.043284 0.034219 0.30505586 1.0
-273.65791477531735 -98.50360336661262 -0.256895 0.123831 0.34737423 1.0
-265.4291690023636 -77.75565299749188 0.029846 0.115708 0.22924784 1.0
-277.0498310439729 -83.13289075136514 -0.129168 0.021938 0.2608672 1.0
-301.2098231534119 -91.27807874703365 0.075773 0.685916 0.29815567 1.0
-263.59596236427 -80.13961156422044 -0.170307 -0.365928 0.25191852 1.0
-317.71383840879895 -97.8406357887287 -0.022888 0.6848 0.33410448 1.0
-319.11567395842604 -98.72323536985667 -0.239095 0.543287 0.3528762 1.0
-278.50718102938 -92.91084178561309 0.195853 -0.086292 0.34622866 1.0
-267.2838120585401 -90.49262890831427 0.168433 -0.442734 0.32949644 1.0
-200.7505857103761 -55.399178390547064 -0.566192 -0.036651 0.16096306 1.0
-272.3435790735194 -75.59485583964087 -0.074584 -0.268956 0.24052134 1.0
-230.38804375739485 -64.6721453057391 -0.027339 -0.019962 0.2014489 1.0
-341.69741901984213 -96.4929194474687 -0.406258 0.280697 0.35137892 1.0
-226.39482024699504 -64.86612823635967 -0.10209 0.339767 0.20126535 1.0
-260.39901104103586 -73.18651517232689 0.316659 0.427308 0.24315947 1.0
-256.5652188686106 -74.22656612916188 0.226436 0.006078 0.245554 1.0
-278.2494791514598 -80.9167239004021 -0.650904 -0.003045 0.28326175 1.0
-274.8373079648426 -79.32894918846148 0.113748 -0.223166 0.2815209 1.0
-358.7691955392216 -92.24110558546116 0.51792 0.296129 0.33853647 1.0
-352.05168045891867 -93.70161650944517 -0.035914 0.055625 0.3474146 1.0
-217.08052085156285 -73.2805500672837 0.2668 0.064567 0.18225163 1.0
-284.3939803554386 -96.41660523446208 0.286831 0.08922 0.26145494 1.0
-337.2383434882589 -113.45796392438724 -0.060058 -0.227049 0.3369094 1.0
-336.1281775936638 -113.59185816752031 0.510486 -0.25151 0.3371013 1.0
-268.2294650771038 -92.15659123055416 0.338573 -0.019952 0.25097245 1.0
-260.93681939101094 -88.17692401209497 0.006154 0.189816 0.24152327 1.0
-258.29862196783193 -87.44568637281425 -0.100072 0.043649 0.24112935 1.0
-312.0537252687577 -108.5508865958058 -0.397032 0.254596 0.33708355 1.0
-306.12082584113716 -106.74132319615411 -0.224118 0.037505 0.32849574 1.0
-198.55411855504553 -73.04054265173774 0.169854 0.067121 0.19848223 1.0
-258.74510972580447 -95.83210356803858 0.001814 0.24679 0.28820497 1.0
-256.41313188098485 -94.42818621477981 0.666538 0.301339 0.28495026 1.0
-199.87583907824205 -74.38297479667614 -0.390567 -0.277654 0.21021263 1.0
-230.27409466211523 -86.27690004335909 0.525527 0.194127 0.2582298 1.0
-227.778395467986 -87.24602605754416 0.116759 -0.225086 0.25764677 1.0
-182.82521066317813 -72.24812575331438 0.272596 0.212865 0.21043007 1.0
-208.51412160407054 -82.92828365138371 0.188044 0.379265 0.25092965 1.0
-181.9840230733178 -72.35793909425978 0.659725 0.20685 0.20998071 1.0
-234.19271325244304 -94.15815402001208 0.194176 -0.328105 0.30471385 1.0
-344.52065549915864 -110.8147766372842 0.156856 0.197266 0.34055725 1.0
-346.68346368573333 -110.00209305724812 0.008183 0.231167 0.3431361 1.0
-343.33702364949005 -110.75823428064123 0.692737 0.139713 0.3405108 1.0
-348.2363367882253 -111.66790353279899 -0.584737 0.050037 0.3583934 1.0
-344.92177632717926 -109.76171389678508 0.105152 -0.157428 0.35331792 1.0
-346.277455238066 -112.08917196507501 -0.027221 -0.33212 0.3565383 1.0
-301.01375225161445 -97.51143811802118 0.023432 0.215171 0.29957053 1.0
-301.9603801170558 -97.35294378887485 0.741652 0.290691 0.30083922 1.0
-298.1046944256845 -97.41652841231527 0.293964 0.334216 0.30165017 1.0
-173.522740955328 -60.76441090314188 -0.138693 -0.065132 0.16862744 1.0
-256.52385919895704 -91.0751467179665 -0.215342 0.265986 0.2871516 1.0
-173.5137024068822 -61.963224314473145 0.47376 -0.332418 0.17278121 1.0
-208.6281748445525 -74.47647871460515 0.297797 -0.781912 0.21784748 1.0
-277.23829524991237 -100.02767338625549 -0.066885 0.124644 0.3309619 1.0
-228.99784015198782 -82.08600976122077 0.561594 0.023606 0.25313956 1.0
-280.53131738439976 -100.30782989158826 0.012899 0.121733 0.34749737 1.0
-263.6097208215571 -78.24922270886528 0.042328 -0.43685 0.22850823 1.0
-317.4053896152071 -96.65203628006151 -0.203544 0.513552 0.29861146 1.0
-329.1482909984065 -101.76381215238085 0.064081 0.31793 0.32715106 1.0
-323.1872750486538 -98.11586583556404 0.089258 -0.055355 0.32055667 1.0
-278.4736354267656 -85.76930957965843 -0.098154 -0.043295 0.262128 1.0
-323.867742013088 -102.29064840973041 -0.26474 -0.536436 0.3450851 1.0
-314.7897163737393 -100.59217132741547 -0.286001 0.072485 0.34286192 1.0
-245.87711408902527 -80.65387302394308 -0.029499 0.068704 0.25939167 1.0
-192.05076911900852 -64.62552989177173 -0.440842 0.316794 0.19324474 1.0
-278.4502092838653 -94.99874565578767 -0.413882 0.434386 0.32905897 1.0
-278.63488636406805 -94.90443617090189 0.185613 0.646455 0.32981753 1.0
-272.8723104626855 -94.04745308724856 0.013155 0.03582 0.32613403 1.0
-274.49038699233995 -94.5586928321672 -0.48045 0.143125 0.32949215 1.0
-311.1465801875543 -89.15767030532494 0.008536 -0.247847 0.28839922 1.0
-306.3999459934599 -87.37861633723492 0.239947 -0.059084 0.28490695 1.0
-257.73880018529974 -73.58251313754748 0.294033 -0.14957 0.22691381 1.0
-326.72982262716755 -94.7981551001298 0.539202 0.115077 0.32028174 1.0
-334.68845707927545 -98.1311510619035 0.289678 -0.529285 0.3343396 1.0
-328.86323379199837 -95.92336556050876 0.026986 0.061463 0.32919776 1.0
-331.73548840572755 -89.73145017956443 0.465769 -0.149855 0.31048328 1.0
-325.8131255528873 -86.97936236731485 0.040794 -0.408692 0.30805326 1.0
-347.7588369242387 -95.08541401162842 0.080658 -0.034723 0.3458142 1.0
-227.84623135085033 -62.4038564240836 -0.142047 0.305387 0.19932315 1.0
-340.8093304006389 -86.10015966033843 -0.025168 0.239809 0.31365308 1.0
-339.69544134419175 -85.37889498044471 -0.137097 0.838792 0.31251156 1.0
-248.4255753890343 -63.07618037785662 0.292982 0.543366 0.20921652 1.0
-355.28910431703565 -89.81049774469174 0.095456 0.089688 0.34642276 1.0
-358.97147676546444 -90.50331950746231 0.067528 -0.012668 0.35361913 1.0
-358.97120353915005 -92.08572957314304 0.262301 -0.118467 0.35538936 1.0
-357.75147878253034 -90.77296738727044 -0.172135 0.15244 0.35146737 1.0
-292.59696697472475 -122.44884711632692 -0.207789 0.037946 0.30180654 1.0
-293.1777551748294 -123.4981997843554 0.160036 -0.037309 0.3095638 1.0
-303.65472966623224 -128.36931736341253 0.083697 -0.118908 0.33502895 1.0
-304.44598514416276 -129.39030936171574 -0.183914 0.921497 0.33727297 1.0
-233.021182746222 -101.30111333785057 0.121108 -0.073629 0.2436452 1.0
-213.34057197512536 -93.03196130954412 -0.156327 0.08914 0.21814813 1.0
-256.64466432437854 -112.78190043660727 0.22076 -0.030132 0.2818742 1.0
-268.9766564452856 -122.88787882818957 -0.164675 -0.231097 0.31636664 1.0
-261.23760154841386 -123.46656894668034 0.13847 0.06157 0.32852158 1.0
-162.21052633131 -79.2344858233217 0.029268 0.642614 0.18043962 1.0
-323.471025946894 -127.49920908408934 0.031277 0.591924 0.33270574 1.0
-299.4921351865653 -118.03815146297146 0.280402 -0.225944 0.3023226 1.0
-296.84505405430957 -117.49275667969574 0.624923 0.328657 0.3027728 1.0
-289.6452155786797 -117.12132119084013 -0.293771 0.232028 0.2999713 1.0
-301.5705240159244 -120.83777617962262 0.142693 -0.021095 0.318634 1.0
-202.13443968102752 -81.67400565323528 0.012389 -0.187605 0.18699428 1.0
-310.73281725598787 -125.05229933928527 0.160681 -0.222412 0.3368955 1.0
-298.34504637152094 -121.46305861953134 -0.01231 -0.315807 0.32035053 1.0
-267.9943510089754 -107.55354966729304 -0.394853 -0.845206 0.27455497 1.0
-305.6917510128894 -123.53264093343026 0.188516 -0.287636 0.33669996 1.0
-257.7759630123699 -105.51722866049546 -0.580561 0.28723 0.2671485 1.0
-260.9324514534342 -107.3208190657453 -0.322565 -0.120214 0.2736636 1.0
-231.30550587935122 -98.38809864147503 0.104352 -0.124616 0.24381234 1.0
-228.188494300423 -96.87024692576695 0.163699 0.435669 0.24341416 1.0
-279.75301823877646 -118.47097125564004 0.351384 -0.055805 0.32486865 1.0
-197.44293368968692 -86.21936202342938 0.763734 0.132854 0.20599382 1.0
-208.2454732313198 -92.20208132969115 0.651858 -0.3049 0.23377287 1.0
-262.350407731623 -119.27344347648801 0.097965 -0.009214 0.32957017 1.0
-240.97612512256748 -108.93481573805997 0.170082 0.164981 0.2966574 1.0
-253.4482453720926 -119.4338373886562 0.160319 0.804495 0.33316168 1.0
-322.305274894803 -118.24663096576857 -0.29443 0.480713 0.32011178 1.0
-318.7214804639181 -120.78047070571932 0.239541 -0.242808 0.3270871 1.0
-300.0317021438835 -113.5357410426548 -0.563737 0.046195 0.3026369 1.0
-297.0138106160098 -113.2069767880689 0.035345 0.150167 0.30253735 1.0
-297.05574425645744 -113.25167101128775 0.093101 -0.062891 0.30301005 1.0
-285.1010254139029 -111.24401297765212 0.034459 0.24479 0.3036022 1.0
-214.4011092437546 -84.09732440659232 -0.054074 0.275235 0.21060517 1.0
-223.94342330004616 -93.18789920023423 -0.056752 0.174112 0.24340138 1.0
-255.60087981093426 -107.02677342674859 0.077147 -0.120754 0.29326412 1.0
-221.4521073671987 -92.30225053164706 0.134783 0.164281 0.24323937 1.0
-222.82622567405443 -95.03518960094073 -0.59748 -0.145652 0.2563261 1.0
-203.73675767547599 -87.66319136243442 0.122292 -0.207153 0.23371565 1.0
-180.4015788438791 -80.96903617416591 0.038349 0.022325 0.21345915 1.0
-335.710653813385 -118.223342264765 -0.072711 0.858931 0.33224162 1.0
-336.19905884601536 -119.27880717469003 -0.200238 0.094864 0.33559588 1.0
-333.1131118089803 -117.87583402140748 0.330917 -0.344629 0.33557808 1.0
-333.9687877808839 -118.00216525697576 0.023486 0.384091 0.33681068 1.0
-336.29682933751144 -119.30943462295144 0.478155 -0.116591 0.35139662 1.0
-281.0740042724959 -100.77861105265737 -0.593892 -0.123172 0.27527103 1.0
-330.8983385944456 -118.61326136255039 -0.201329 0.363338 0.35310408 1.0
-306.7201897543434 -112.63687757715915 0.02615 -0.271428 0.31793597 1.0
-272.30807359293146 -98.74164310131782 0.369412 -0.289194 0.27346465 1.0
-281.87139900742335 -105.68404070731077 0.160914 0.18311 0.29961342 1.0
-287.66541724023386 -109.57458970320938 0.218974 0.250222 0.3246378 1.0
-286.8727875627352 -110.41779374406869 -0.42915 0.488825 0.33040842 1.0
-195.77879289997912 -75.7659455153668 -0.164534 0.205485 0.1984273 1.0
-286.28405096725095 -111.4003535430612 -0.242413 0.126381 0.33168736 1.0
-285.81396303781247 -110.88427429610374 -0.278688 0.27879 0.3314578 1.0
-282.0480729024898 -110.1831466409454 0.054527 0.31541 0.3314636 1.0
-206.6011168310232 -81.89973879516661 0.335417 0.016902 0.22139019 1.0
-221.59055673055323 -88.02443533031014 -0.215731 0.048802 0.2437654 1.0
-202.09863784366016 -82.94404881473451 -0.003238 -0.144395 0.22503217 1.0
-183.1487410433609 -75.21700852832488 -0.248183 -0.099751 0.19863807 1.0
-251.4052981610957 -102.67005823323345 0.235366 -0.250467 0.30409974 1.0
-181.77694433385616 -74.83732202864 0.006134 0.072841 0.19762625 1.0
-275.1656492578329 -113.61809335223285 -0.312483 0.196588 0.3493981 1.0
-243.44110084798075 -100.503638820989 -0.279625 -0.081093 0.29883623 1.0
-200.19863979095328 -84.19910084429065 0.054985 -0.024083 0.23073246 1.0
-198.1439178547194 -85.479725814596 0.052012 -0.048345 0.24370712 1.0
-291.66888747692764 -110.8815023300539 0.16449 -0.383219 0.35534027 1.0
-236.90566012056874 -93.50564269889003 0.153739 -0.197447 0.29015696 1.0
-290.795363235136 -123.27682224516595 -0.012772 -0.061616 0.29937416 1.0
-303.0644203112421 -129.28723306361343 -0.086311 0.251971 0.31890288 1.0
-287.0670387239386 -121.71641469102777 0.15433 0.189194 0.29587725 1.0
-320.73697952436675 -137.8765059840559 0.032925 -0.355186 0.34907234 1.0
-263.29791372990707 -112.98855145152672 0.540153 0.143764 0.264429 1.0
-313.73542567852917 -134.86554010703347 -0.309928 -0.03629 0.35061675 1.0
-270.0483788233108 -124.44747684719947 0.376068 -0.090377 0.3210188 1.0
-229.79348841632435 -107.39209828294237 -0.137593 0.084593 0.26122364 1.0
-230.27822346579214 -107.59032457487841 0.200117 -0.326961 0.26247784 1.0
-330.48708743991176 -131.83541135811382 0.040518 0.367593 0.34931844 1.0
-326.80294878155826 -132.65047575657366 -0.128355 0.28 0.34593484 1.0
-293.50968942343076 -119.95452878208192 -0.368457 -0.268751 0.29930514 1.0
-317.37729018515273 -129.24931850647252 -0.125608 0.439376 0.33516026 1.0
-305.61941046094694 -123.09430162443664 -0.063601 0.394182 0.31912482 1.0
-291.31718996362486 -119.74824749814567 0.217353 0.043801 0.30180523 1.0
-290.0767791100343 -119.53750505208006 -0.142171 0.214084 0.3028499 1.0
-201.072817367159 -84.65887187167039 -0.185501 -0.255103 0.19132222 1.0
-296.34157280559003 -123.87252879840487 -0.002868 0.043277 0.33024696 1.0
-200.40301084903098 -86.5807992629488 -0.529603 0.21936 0.20366716 1.0
-301.54210605080186 -131.6340980699395 0.049951 0.243324 0.3591472 1.0
-220.8776371462819 -97.64214927918044 0.103022 -0.173134 0.2400553 1.0
-242.10092126321643 -112.88094533303757 0.0895 -0.028063 0.2972688 1.0
-311.1073144017589 -120.60954517151927 0.525034 0.687864 0.32184982 1.0
-302.1117042221027 -119.76220091960012 -0.660042 0.257908 0.31801933 1.0
-320.57502184376136 -125.9500187442079 0.280638 -0.13859 0.35165143 1.0
-268.4246469636421 -105.92599779994978 0.162383 -0.010913 0.27435955 1.0
-288.85190637779573 -114.34817321538557 0.031264 0.060998 0.30557194 1.0
-226.00653789034757 -91.24045479718076 -0.054015 -0.077007 0.2276117 1.0
-194.36675872454379 -79.73356009400878 0.13105 0.024302 0.19292517 1.0
-301.21670362938823 -124.80217598981488 -0.10284 -0.554924 0.35221103 1.0
-287.34401839266076 -118.30520846076082 0.316037 -0.910345 0.32952398 1.0
-280.6271435715136 -118.14171410191994 -0.19381 0.018548 0.3261273 1.0
-192.1877884294977 -81.9329074644521 -0.738 0.328103 0.19818842 1.0
-287.19461569955604 -122.69730353555217 0.387517 -0.212811 0.34847382 1.0
-251.5639421330521 -113.12871574723074 -0.054281 0.031927 0.31636605 1.0
-242.6519331479378 -107.83830087730821 0.044021 0.208907 0.30096406 1.0
-185.93459394266884 -83.20567891716958 -0.041743 0.126733 0.21120854 1.0
-206.0958818444231 -93.24865054232184 0.310484 -0.087482 0.24236412 1.0
-181.40117768455113 -80.77088951780105 0.071399 0.219798 0.20527731 1.0
-199.81018764172566 -91.04145825743062 0.404606 -0.164957 0.23714861 1.0
-232.94189799398785 -106.47662726113177 0.168827 0.127497 0.29998705 1.0
-198.2728725783552 -90.92150933109818 0.043237 -0.051202 0.24254113 1.0
-305.12276746005296 -113.39925475428097 0.072147 0.676386 0.3156358 1.0
-304.4113319830785 -112.41725706346999 -0.075278 -0.131041 0.31442657 1.0
-301.94197467110615 -114.39633189750911 0.239418 -0.535067 0.31864572 1.0
-288.88295538703517 -110.05989355308022 0.289109 0.149972 0.30394676 1.0
-230.12212417132693 -87.38732727348376 -0.333567 -0.256237 0.2244781 1.0
-282.50511331445205 -107.72589124570797 -0.277339 -0.047877 0.30493858 1.0
-198.0461962033805 -77.13239951507688 -0.442619 0.118435 0.19355589 1.0
-286.8271823428592 -113.20825343704135 -0.281079 0.172877 0.32926553 1.0
-288.9575387033066 -113.13516601106161 0.769761 0.268655 0.332521 1.0
-285.13836455414724 -112.69909229874713 0.176707 -0.437457 0.32720882 1.0
-282.4977428996705 -113.41431010965003 0.029047 -0.316797 0.3270456 1.0
-195.50327741767157 -78.64403267977505 0.041856 -0.102888 0.19926867 1.0
-194.11403326851297 -77.6904085289047 0.043937 0.040449 0.19784503 1.0
-223.61340928940785 -89.91657595134392 0.112557 0.084237 0.24193983 1.0
-288.5880532563036 -115.84303462029354 -0.097812 -0.426726 0.3501484 1.0
-254.58593442665378 -103.97193903088161 0.291392 -0.09268 0.2972745 1.0
-254.033465355613 -105.11829444568596 -0.080051 -0.71626 0.29768935 1.0
-217.0948224716598 -91.80736205024566 -0.290252 0.422363 0.25586212 1.0
-188.22932316461257 -80.3654118678804 0.129724 -0.022855 0.21328484 1.0
-198.89648859603383 -84.98334945036737 -0.007255 -0.11299 0.23125902 1.0
-198.22037067663825 -87.08535813946575 0.153022 0.164767 0.2440397 1.0
-333.2989442189788 -118.31015952223046 -0.041678 0.06556 0.3506313 1.0
-331.19245188582505 -117.43929834110025 0.025184 -0.506225 0.35400438 1.0
-330.6210544429418 -118.41822022518735 0.144359 -0.072128 0.3539963 1.0
-332.464879702522 -117.87923504751768 -0.364349 -0.050036 0.3577152 1.0
-288.5006078266951 -103.410645313009 0.07466 0.667875 0.30348676 1.0
-303.3147874366163 -110.74089439505015 0.210957 0.241871 0.33609128 1.0
-298.6947397079607 -111.16191763636951 0.273767 -0.050184 0.33584902 1.0
-175.43678978985804 -65.96517704880957 -0.304273 -0.202658 0.17142548 1.0
-284.80821874479847 -107.33026999501665 0.144364 -0.587529 0.33050707 1.0
-258.78139987785283 -99.08697269801905 0.092015 0.187885 0.28886545 1.0
-260.7473946481075 -99.76090387909491 0.637531 -0.045259 0.29681757 1.0
-274.23528747310644 -107.31908576422377 -0.526194 0.072855 0.32997456 1.0
-200.50730302676746 -79.32031211748182 0.054167 0.387716 0.22307965 1.0
-191.1449809290363 -75.29541582894178 0.595118 -0.326954 0.16346714 1.0
-320.5164515338433 -120.03562221772077 0.08989 0.171148 0.31846547 1.0
-305.15415006831 -115.7912284426519 -0.139441 0.036963 0.30535373 1.0
-337.6347368254975 -119.64661342967666 -0.046623 -0.052309 0.33521166 1.0
-341.0111817138079 -122.16151119437696 0.00661 0.212174 0.34584925 1.0
-252.63617023360578 -92.48841457319443 0.013531 0.048629 0.22957726 1.0
-311.1494884675612 -112.46725884007712 0.134208 -0.384169 0.30455503 1.0
-253.91844796394702 -93.04153013480233 0.013593 0.025389 0.23146328 1.0
-310.65529790551096 -113.68416268837683 0.211244 -0.141519 0.30630156 1.0
-323.3058520783514 -110.52382112634656 0.016548 -0.310141 0.31274503 1.0
-213.05476046684018 -51.67514084592252 -0.015315 0.016524 0.1683558 1.0
-352.59592953218174 -113.31960791268068 0.079012 0.245542 0.3486647 1.0
-333.3114970787655 -109.47566421788348 -0.07395 -0.019255 0.33363652 1.0
-177.18143164028052 -62.157315163362036 -0.219437 0.242814 0.17026348 1.0
-201.060697707065 -72.0649906820643 -0.033 -0.262895 0.2009352 1.0
-226.507065303848 -81.59272145557746 -0.242647 0.121457 0.23996729 1.0
-216.5127813797443 -81.45441682887822 0.195854 0.039565 0.24451219 1.0
-203.82693711217908 -63.49601621088238 0.305078 -0.081785 0.16602136 1.0
-198.7486548960441 -61.791245579483 0.355365 -0.046258 0.16160193 1.0
-199.1334563298091 -61.90055343301333 0.605456 0.404474 0.16210245 1.0
-316.25640144544997 -97.84857763156519 -0.399417 -0.428726 0.29599747 1.0
-198.88618271533446 -61.9061457857823 -0.104235 -0.195679 0.16327064 1.0
-200.08492228510977 -62.0509752592803 -0.053407 0.01508 0.16470036 1.0
-346.89711025404875 -108.84665814228062 0.000178 -0.397357 0.35308468 1.0
-328.74450430261305 -102.85883298294637 -0.053851 -0.180847 0.32754904 1.0
-327.92193962466666 -104.33246940929092 0.014962 0.283015 0.3306094 1.0
-321.87163187553426 -104.38669347559511 0.094065 -0.128424 0.34446663 1.0
-320.29430059397725 -103.45898751478504 0.143944 0.238931 0.34227902 1.0
-258.90554475467167 -86.02045370052146 0.226781 0.132136 0.2658357 1.0
-199.46272482729393 -66.0179625166071 0.153382 0.197394 0.19025901 1.0
-278.3077989514095 -92.16390313152891 0.170814 -0.128791 0.30139187 1.0
-174.10013577114412 -58.458415089433466 0.123424 -0.150547 0.16748618 1.0
-174.52502377434612 -58.68695096020951 0.159686 -0.053038 0.1700204 1.0
-192.54849411662008 -65.40878023080042 -0.405549 -0.08517 0.19326271 1.0
-193.22707436303085 -65.56830948609235 0.260027 -0.52171 0.19456707 1.0
-191.88381519697404 -65.6713928100069 -0.097801 -0.21186 0.1934732 1.0
-171.50190776740098 -58.130100797560516 0.209875 -0.107951 0.16854466 1.0
-210.59599934618743 -73.31508696729573 -0.036159 -0.069719 0.2210434 1.0
-274.9796979618314 -94.95468805491903 -0.161582 0.080152 0.33024076 1.0
-250.01317830757998 -75.49690289654757 0.72098 -0.181094 0.22594154 1.0
-232.8389991552933 -70.58141315949688 0.2372 -0.808607 0.20719525 1.0
-228.73453938763186 -68.13108836156057 0.250498 0.086576 0.20454885 1.0
-224.30235244926328 -68.84225843871764 0.061803 0.290089 0.20742479 1.0
-189.22776908907687 -57.42312507672292 0.645253 0.199393 0.16843134 1.0
-307.4404823276029 -93.43542307818552 0.088491 0.039969 0.32425427 1.0
-266.6152009527782 -90.1573135669939 -0.236664 -0.293277 0.3281186 1.0
-198.27792262165403 -56.9313927434536 -0.105711 0.096676 0.17046246 1.0
-255.66308101288342 -74.28329938581425 -0.097797 -0.303883 0.2451785 1.0
-358.096973874749 -92.03144431357495 -0.157321 0.05071 0.33958974 1.0
-339.5660092309156 -88.42566062351831 -0.046843 0.178163 0.31334874 1.0
-221.35565408594871 -74.7542806069847 0.176719 0.192981 0.18670444 1.0
-341.09032909538564 -113.89713443128184 0.12053 0.300185 0.33866325 1.0
-194.03843195983018 -65.65523371732299 0.213824 -0.144715 0.1665978 1.0
-259.48492300777366 -87.9540248319978 0.181971 0.046634 0.24267097 1.0
-256.9002247999132 -86.95931867099246 -0.135298 -0.080933 0.23990542 1.0
-331.335678011179 -115.14915487031944 -0.249658 0.168542 0.35944456 1.0
-316.5106236738418 -110.74569596760873 0.143588 -0.419203 0.3388957 1.0
-185.55183894251988 -64.94101897116698 0.10717 -0.187213 0.16810787 1.0
-281.8297729953684 -101.91460684511073 0.325122 -0.126962 0.30548996 1.0
-178.07344964740565 -64.96658346143471 0.091761 -0.019975 0.16946661 1.0
-244.8671525606643 -89.71341792457643 0.000354 -0.305516 0.25590175 1.0
-260.2494789994244 -96.39761410832853 -0.014384 0.258319 0.29061037 1.0
-283.26804773774 -104.298668221977 0.065874 0.103964 0.3292973 1.0
-283.6605990641382 -104.63889742390903 0.117507 0.045031 0.3305965 1.0
-286.85829052196027 -107.28371723644182 -0.134258 0.150118 0.33660683 1.0
-169.0413265605264 -62.38130450013276 0.345691 -0.02105 0.16840246 1.0
-177.29386165962904 -67.90567784908242 0.020201 0.18331 0.18734305 1.0
-253.06844935578988 -100.2864492972953 0.037077 0.246467 0.32838327 1.0
-181.23185840245924 -72.42459465754838 -0.289696 0.088629 0.21031411 1.0
-176.201368086844 -71.76627674726694 -0.074722 0.135508 0.20928766 1.0
-343.06362270791425 -110.34585173172616 0.156422 -0.010936 0.3384022 1.0
-346.98830409709825 -110.09687498550934 -0.220581 0.418363 0.3436064 1.0
-196.74717430514391 -63.814696736779815 -0.360158 0.123048 0.16582681 1.0
-196.86969505871198 -62.73597441086901 -0.34836 -0.150454 0.16609587 1.0
-347.19262470543447 -111.45913483290492 -0.115866 -0.058844 0.35784087 1.0
-330.59303733008693 -105.97732208471481 -0.137245 0.187208 0.33402562 1.0
-335.96277887869627 -111.38831143454463 0.1934 0.025535 0.3579627 1.0
-326.2071031832175 -108.0752601551075 0.010735 -0.097382 0.3414264 1.0
-324.60389851950083 -107.57283745551679 -0.019101 0.043747 0.34199646 1.0
-246.88721611718532 -83.32050730293658 -0.199229 0.459682 0.24973615 1.0
-240.7273062180205 -82.96003422577823 0.056238 -0.202756 0.24311611 1.0
-176.5817780862883 -60.94489136050158 0.085996 0.007393 0.16715506 1.0
-176.88802079617025 -61.956529215059895 -0.215235 -0.228676 0.16947477 1.0
-171.2115473181652 -60.49582336487371 0.083852 0.015445 0.16610858 1.0
-174.1456454415954 -61.511070106413044 0.022112 0.185625 0.16989881 1.0
-196.36293534323556 -68.19298605349974 0.102872 -0.388831 0.1956238 1.0
-256.19322455104896 -90.9405933598729 -0.351471 -0.097656 0.28655756 1.0
-169.12144782845772 -60.53370271554856 -0.348588 -0.017664 0.1685571 1.0
-233.43783248826333 -82.91686874083078 -0.110301 -0.058322 0.25598153 1.0
-183.17698308750937 -64.86719002324921 -0.054774 -0.284051 0.18737303 1.0
-175.36060991476026 -65.00020313646911 0.237992 -0.200238 0.1868129 1.0
-187.92174525652206 -70.85615958052693 0.027796 0.011655 0.21227738 1.0
-175.08018950899856 -65.59234937736882 -0.362153 0.02888 0.1936088 1.0
-197.8634279860543 -60.36031249708787 -0.03273 0.340301 0.16639975 1.0
-278.5138624594134 -85.76257647412935 -0.05803 -0.083689 0.26214075 1.0
-247.92096941412044 -77.10957959419758 0.118892 -0.161969 0.22634368 1.0
-239.12060893986805 -77.54694216216873 -0.187186 0.019608 0.23812927 1.0
-218.8875682896269 -70.01847948643821 0.145402 0.064844 0.2117692 1.0
-273.6560658212677 -87.89318268035012 0.103289 0.063624 0.28831697 1.0
-193.29746926076552 -64.99839338186173 0.283936 0.089981 0.193666 1.0
-192.4488663918008 -64.55864643800497 0.072163 -0.150672 0.19309072 1.0
-284.4894206073582 -97.46539194838883 0.026477 -0.159258 0.34804663 1.0
-245.4905882233969 -83.98716915251816 -0.022917 0.301003 0.29096228 1.0
-292.4693084754815 -82.30696978020528 0.020805 -0.22865 0.25925472 1.0
-303.0114083320286 -88.0670561347937 0.19428 0.231378 0.2974713 1.0
-235.01610421788206 -71.05489365980304 -0.132331 0.086699 0.23013015 1.0
-221.72931177119753 -60.73212526785249 -0.061103 0.029924 0.19265 1.0
-266.2506891984245 -67.86384575560999 -0.071695 0.234257 0.2270877 1.0
-357.79034521393663 -90.08695877230403 -0.240613 0.224102 0.35172004 1.0
-323.1298432522648 -135.47071782258584 0.303998 0.147242 0.34918305 1.0
-291.8182986357204 -122.07098213993022 0.093124 -0.044624 0.3008005 1.0
-182.5422812606456 -76.5064919028076 0.012019 -0.012097 0.16544764 1.0
-305.82949097593223 -130.44808629267158 -0.386728 0.308304 0.3397009 1.0
-302.80313132271476 -128.7511614734056 0.045691 0.097882 0.3348764 1.0
-303.041900790148 -129.34849967986008 -0.171942 0.084972 0.33460072 1.0
-196.0189532114098 -85.36961092850896 0.020941 0.297145 0.19270831 1.0
-216.72890694306003 -96.66739559448946 -0.489704 0.062033 0.22428043 1.0
-165.44137262594796 -79.40995890846388 -0.162845 -0.414885 0.18171333 1.0
-192.3922386821516 -92.3346916077309 -0.199088 0.502352 0.22187074 1.0
-161.2128392918147 -78.00243106032573 -0.02544 0.035945 0.18044215 1.0
-196.85076966697926 -77.31380382785753 -0.011415 -0.024464 0.17197947 1.0
-297.4565455778688 -117.54996475653682 -0.10988 0.177375 0.3034208 1.0
-204.31676954485215 -82.35968047606019 0.043109 0.102792 0.18766324 1.0
-301.4148862049084 -121.30200532324113 0.085006 0.181989 0.31899992 1.0
-289.1140156643231 -115.97840046254434 -0.378875 0.523881 0.3024085 1.0
-286.9650586901816 -117.26805365155892 0.003432 -0.281793 0.30334535 1.0
-193.78118361442964 -80.6617589804658 -0.035998 0.137755 0.19106446 1.0
-192.84325060043835 -80.28116495865103 0.204582 0.102496 0.1902644 1.0
-196.97599846407297 -84.4642340732441 -0.55664 0.284749 0.2034096 1.0
-190.28935697360907 -82.22558512242438 -0.080271 0.044053 0.19705819 1.0
-206.86270440754186 -91.76192094643244 0.280494 0.105805 0.22549833 1.0
-269.7264395163803 -118.94316253768967 0.317052 0.133214 0.33040345 1.0
-207.99546021527507 -91.97580961480588 -0.395386 -0.113936 0.23340288 1.0
-249.55441001855695 -111.33092297750554 -0.08093 0.104123 0.299795 1.0
-208.78492998845036 -95.37315968133713 0.096071 0.50196 0.2441585 1.0
-164.99405501127708 -75.12629743697953 -0.026975 -0.047803 0.1807807 1.0
-184.38710090877458 -86.67082479619286 -0.291743 0.239141 0.21403606 1.0
-198.73466937706925 -73.05718274608626 -0.221815 0.27032 0.16954029 1.0
-314.0079607348596 -115.58741223773681 -0.012709 0.13778 0.31043395 1.0
-187.56984922390538 -71.79305648482914 -0.20252 -0.111755 0.16484272 1.0
-294.95934185087566 -112.633816933684 0.166792 0.111011 0.2996154 1.0
-188.05382734282287 -73.20955063478681 0.10394 0.06914 0.17081825 1.0
-203.23222803609897 -77.73505612650273 0.073316 0.002077 0.18801445 1.0
-269.20090959172126 -103.55418873873478 -0.006659 -0.076021 0.2737609 1.0
-212.81337394554 -83.77939382670517 -0.1261 -0.086625 0.20800626 1.0
-212.8054046681445 -84.24762650852954 0.204798 -0.145522 0.20824377 1.0
-190.79859382338833 -76.77046400574064 0.082242 -0.091725 0.19148536 1.0
-190.28699721713178 -78.30814480557952 -0.563072 -0.141996 0.19160491 1.0
-189.91221982411025 -76.963579048866 0.161923 0.235436 0.19148855 1.0
-256.94949834005706 -106.25205345784723 0.25716 -0.102527 0.2924993 1.0
-205.00315646852627 -88.9464739143831 0.016656 0.22394 0.23360789 1.0
-203.14522101154876 -87.47399177559677 0.4676 -0.128958 0.2323132 1.0
-219.50093075009633 -94.49883773364716 0.097089 -0.315951 0.25741246 1.0
-184.31873734882186 -82.13494656019897 -0.045386 0.23063 0.21426706 1.0
-173.7031022408614 -77.56574791152653 0.052631 0.133033 0.20188719 1.0
-338.12570211836953 -119.06834590462681 -0.069596 0.168647 0.335859 1.0
-308.3811251507939 -107.7594973881619 0.342418 0.069659 0.29431224 1.0
-334.529685265273 -118.21728191646984 0.007532 0.202073 0.33643052 1.0
-332.2335356575557 -117.35733908229764 -0.193611 -0.26141 0.3340507 1.0
-334.3847377392531 -118.74689059465966 -0.324754 -0.188026 0.33790028 1.0
-217.64241010726448 -77.04310674336901 -0.032507 -0.006858 0.19205274 1.0
-282.007905886876 -101.49558446998552 0.258173 -0.462442 0.27601892 1.0
-297.31679186627997 -108.12498394821819 0.082092 0.068061 0.30189124 1.0
-326.8689949113846 -120.0724077704539 -0.011143 0.596422 0.35144052 1.0
-178.47773679283432 -67.55628645866447 -0.072788 0.026122 0.16717128 1.0
-282.58563937765865 -105.81644255857525 0.179139 0.1916 0.30410022 1.0
-301.0913549855813 -112.8785751035933 0.293226 0.109713 0.3357232 1.0
-288.8951239309769 -109.91945747037944 0.068474 -0.072097 0.32547906 1.0
-193.89675190425774 -74.91504561843395 -0.0233 -0.240257 0.19610275 1.0
-227.436364608756 -89.23402135432082 0.408687 -0.062068 0.24152862 1.0
-193.4101157599651 -75.19262956567998 0.089901 -0.01408 0.198154 1.0
-173.14864926139333 -69.8153889145342 -0.604692 -0.235708 0.17895272 1.0
-183.97360395221074 -74.84676423336323 -0.343591 0.196298 0.19745132 1.0
-183.83512074387968 -75.21209714482067 -0.363498 0.056228 0.19829135 1.0
-182.95804172682188 -75.03912458254516 -0.285249 0.228644 0.19787359 1.0
-281.25536278391445 -105.87269324478943 0.05696 0.047416 0.32840383 1.0
-157.90420960414014 -61.192419722209245 0.060789 0.100823 0.16740501 1.0
-292.0226900744919 -122.96079723774864 -0.239881 -0.069865 0.30036145 1.0
-264.6130644883047 -111.98650485996956 0.149995 -0.226219 0.26438436 1.0
-260.2030341648931 -111.24279610652592 0.053532 0.181007 0.2594107 1.0
-191.85885560629788 -81.98897449606207 -0.24005 -0.716992 0.17571084 1.0
-178.0942328918078 -81.10273997040953 0.044012 -0.293742 0.18067198 1.0
-270.1246371648192 -124.52061561744969 0.001854 -0.188245 0.31617677 1.0
-184.96086323784763 -85.63642755772972 0.211298 0.132416 0.19126281 1.0
-251.40170326719155 -119.75465366754511 0.487625 0.219465 0.30468807 1.0
-294.48360978457833 -120.6736335326469 -0.247102 0.065721 0.30129 1.0
-308.1778272345779 -125.03230950863298 0.059365 0.189966 0.32168376 1.0
-205.1080535658007 -84.20954560463235 0.17774 0.260203 0.18871845 1.0
-291.1962826485249 -119.35234757927546 0.207815 -0.091802 0.30165696 1.0
-202.50709668054893 -85.13738835954759 0.053368 0.042606 0.19298147 1.0
-302.5343617165394 -127.33321835326441 -0.11369 0.323603 0.33462304 1.0
-282.5177456163492 -117.17071951916498 0.017329 0.188442 0.30295652 1.0
-214.26206563135548 -90.88093259452712 -0.39296 0.147137 0.21076494 1.0
-181.27059902839898 -77.34121710828883 -0.135557 -0.068677 0.17193824 1.0
-181.344795512619 -83.19063649595265 -0.088963 -0.184258 0.19707479 1.0
-303.25732002142263 -119.85067068936473 -0.029714 0.879294 0.31883237 1.0
-184.67658535686382 -72.28020100793194 -0.201732 0.114994 0.16589062 1.0
-221.91122421072376 -87.17424179769023 0.198475 -0.057271 0.20917039 1.0
-232.60787306802166 -91.3719448502419 -0.153272 0.368311 0.22343925 1.0
-219.94369143727263 -86.93432712999343 -0.258211 0.254633 0.20912991 1.0
-199.9505965816859 -79.21711217914891 -0.03832 0.016535 0.18786868 1.0
-287.09636276999913 -113.88089411409375 -0.273884 0.214034 0.30233136 1.0
-295.2962131134428 -118.00917867542017 -0.133735 0.594913 0.32162514 1.0
-219.02692332643733 -89.47231952103328 -0.068373 -0.020636 0.2202058 1.0
-195.21064897518949 -79.99783708375394 0.146874 0.057649 0.19387023 1.0
-280.3534288011414 -118.12867431536537 0.349347 0.174256 0.32573318 1.0
-196.91520954347428 -83.55780435943728 0.301048 -0.104435 0.20341797 1.0
-185.6760757784533 -80.89418074036472 0.198553 0.027663 0.19762191 1.0
-247.86932068259054 -108.98512366000514 0.245094 -0.173291 0.2989761 1.0
-208.90394090936002 -92.7321575907767 -0.171163 0.025956 0.2406045 1.0
-178.6167149581643 -80.35555004067278 -0.194755 -0.179129 0.19801296 1.0
-209.27543897454154 -93.35452713184998 -0.251505 -0.008459 0.2454017 1.0
-186.2622282122937 -83.38238016293748 0.101756 0.099751 0.21164688 1.0
-207.6416483672944 -93.82231815482858 -0.384849 0.077273 0.244084 1.0
-205.48184868858104 -92.34869533714473 -0.216416 -0.060844 0.24342313 1.0
-310.6476235713458 -113.35592932915496 0.322919 -0.478219 0.31522778 1.0
-266.2748217025173 -101.29926995079616 0.0739 0.122921 0.27251998 1.0
-198.79468848780854 -78.0258408401072 -0.0168 -0.033127 0.19335283 1.0
-181.38648702558345 -70.27604784335378 -0.118556 0.059647 0.17346415 1.0
-222.77353207152447 -88.08351433219023 0.278127 -0.01081 0.22731408 1.0
-195.81359965906057 -76.82568516337653 0.071296 0.022956 0.19282262 1.0
-291.7361161023492 -114.3852965281386 0.20493 -0.071012 0.33114848 1.0
-276.55146989841614 -107.61828029271312 -0.337952 -0.11454 0.30378765 1.0
-287.1816294622748 -112.3597294874628 0.032181 0.114955 0.32956803 1.0
-287.69330080782356 -113.25237178591655 -0.014274 -0.03689 0.33017126 1.0
-171.29650923215857 -68.77127849791863 -0.101867 -0.035203 0.16728596 1.0
-283.95122241923065 -113.0748597212224 -0.104827 -0.17233 0.32646707 1.0
-195.69091519124134 -77.74616960751749 0.097921 -0.027073 0.19941805 1.0
-178.321229323263 -72.54425546480289 0.271261 0.160955 0.17953995 1.0
-223.8049279270503 -90.10071124380953 -0.123399 0.0545 0.24252573 1.0
-289.67173010872466 -116.00802231484293 -0.323285 0.054631 0.35121992 1.0
-287.80865164950836 -115.7278611547211 -0.348578 -0.249023 0.348936 1.0
-222.36385110623044 -91.30827365067391 0.295706 0.459146 0.24265267 1.0
-221.99825977079922 -90.66315096841483 0.556404 0.344917 0.24224906 1.0
-152.81579472514545 -66.1253346137126 -0.126791 0.276747 0.1660566 1.0
-159.92532884980392 -70.06120116274545 0.003557 0.004378 0.18058555 1.0
-331.65106511501887 -117.77368093533786 0.15825 0.010818 0.35498032 1.0
-234.26227594396778 -84.4274859863248 -0.29262 0.242967 0.2258304 1.0
-181.22869372844104 -68.04056470282782 -0.023888 0.187389 0.17332353 1.0
-296.5513815085984 -110.26597990018954 -0.174363 -0.100195 0.3356891 1.0
-173.11858125171213 -65.06835949049787 -0.067357 0.130298 0.16863337 1.0
-283.67865849234977 -108.57896560440953 0.176034 0.067484 0.32908696 1.0
-259.0430938889133 -99.52433371905076 -0.58874 -0.257135 0.2888787 1.0
-189.86389947742225 -72.8920719632725 -0.179198 0.111167 0.19779824 1.0
-191.06089134316863 -75.11364942400148 -0.171627 0.343865 0.20541953 1.0
-243.52056087551753 -97.92903816986625 0.078903 0.034243 0.30008364 1.0
-215.65922176214212 -89.47965102478733 0.611076 0.567205 0.26349923 1.0
-148.62061109055978 -62.585575991399196 -0.336344 0.031402 0.16746911 1.0
-198.11977056433585 -75.39597227708903 0.050484 -0.039814 0.17046659 1.0
-196.1665885878011 -74.38196658181127 -0.605196 -0.220781 0.16989294 1.0
-304.1765141509459 -115.28050830239387 0.179138 -0.110372 0.3036794 1.0
-221.20428354796883 -79.79924878307659 -0.085777 -0.119462 0.1911626 1.0
-200.2607295420338 -72.41384290340845 -0.051332 0.281918 0.16952726 1.0
-340.4165130589207 -123.87121644259351 0.08192 0.141769 0.34543905 1.0
-199.7396555991225 -72.46987887288205 -0.008515 -0.08001 0.16930917 1.0
-200.85065991799345 -73.03353515275751 -0.154391 -0.085375 0.17057218 1.0
-253.81663730044767 -92.48055318735888 0.117354 -0.008076 0.23043264 1.0
-198.41341323380573 -72.28617801275539 -0.244145 -0.087055 0.16912149 1.0
-198.86888060961363 -72.84757821354434 -0.563133 -0.030341 0.17130254 1.0
-197.0097305728871 -72.29054874620164 -0.02757 0.117877 0.1698322 1.0
-195.53298264589068 -71.48571714870329 0.029019 0.007209 0.168635 1.0
-190.16966662641806 -70.09334495505865 -0.256598 -0.013832 0.16356409 1.0
-311.5487034216143 -113.53662881601343 -0.380746 0.368716 0.3135489 1.0
-222.20685096893095 -75.48005216849319 0.025954 0.290284 0.18782996 1.0
-221.6466506904292 -75.01572248749149 -0.111052 0.242692 0.18750949 1.0
-214.39137856621784 -74.13224501589013 -0.037785 0.057211 0.18503346 1.0
-366.6433821432722 -83.60661104413188 0.020112 0.154472 0.343252 1.0
-314.66344652017733 -68.4233730765799 -0.552864 -0.143221 0.27704528 1.0
-343.1672468766752 -86.44000036031765 -0.07015 0.089953 0.34774798 1.0
-252.6754279570742 -64.66621222671237 -0.290256 0.319143 0.23761986 1.0
-261.3971784886715 -62.8351106100893 0.378307 -0.371646 0.23175797 1.0
-301.34368868890806 -79.59893688835689 -0.108175 -0.078012 0.29205295 1.0
-316.36634932435925 -84.68724098112469 0.060261 -0.188736 0.32405567 1.0
-252.08047752645362 -68.05832700299368 0.028745 0.198215 0.23726478 1.0
-311.9550157912663 -86.93196507866983 -0.004805 -0.5722 0.3276256 1.0
-244.47972508790642 -63.28613512741124 -0.167754 -0.045507 0.224145 1.0
-322.08810496510176 -84.63370389154288 0.360397 -0.274737 0.32957116 1.0
-221.15525187879282 -65.59777904781629 -0.002371 -0.298941 0.21483889 1.0
-253.01402908370153 -78.87561559802194 -0.081038 0.042521 0.29208395 1.0
-247.85656450366892 -70.40921481088643 -0.28694 0.185914 0.24836904 1.0
-227.41508864682712 -81.74375098019799 -0.258882 0.000104 0.27350536 1.0
-202.64453064111908 -77.49105310435348 0.098461 -0.233042 0.25451612 1.0
-226.88109846164872 -88.49797572421504 0.232564 0.005316 0.2951153 1.0
-222.48613238088834 -86.49727865183468 0.061249 0.207268 0.2946697 1.0
-190.73478265934762 -67.42534232953615 -0.148454 0.380181 0.2136747 1.0
-274.6700862974406 -89.69578846171434 -0.020741 0.083926 0.34458238 1.0
-226.252157573734 -57.05833550703986 -0.288851 0.386216 0.19382687 1.0
-305.6302050902155 -76.3708635543715 0.413843 0.647706 0.30393466 1.0
-296.96942868496046 -64.2663596806837 -0.007289 0.265993 0.25095087 1.0
-254.00930009250612 -61.21387084620951 0.042747 -0.088969 0.22987163 1.0
-241.6148439612927 -89.07326995323815 -0.164346 0.131178 0.30829903 1.0
-243.04021187807263 -89.95984104563077 0.044825 -0.204309 0.3116389 1.0
-202.39817466468693 -77.57236553778394 -0.112033 0.061898 0.25455624 1.0
-253.16191392634357 -82.89111635650379 -0.360229 -0.351607 0.2939402 1.0
-240.37058084635743 -83.9253304488721 0.220298 -0.037095 0.29754272 1.0
-292.68399080877253 -88.79577170717634 -0.303734 -0.05448 0.32937774 1.0
-283.56406373782403 -86.31167920632362 0.031911 -0.111324 0.31747943 1.0
-221.70533316074403 -58.24394421004719 -0.578939 -0.656776 0.191367 1.0
-298.75395829365584 -79.93936131384838 -0.121683 0.052152 0.29028818 1.0
-303.8939312935171 -83.61177282666382 0.183723 0.601227 0.31503373 1.0
-223.08284177541032 -62.79696564912109 0.222412 0.563588 0.21692699 1.0
-222.24207555187064 -62.724167742761374 -0.056783 -0.018287 0.21605435 1.0
-241.184748157648 -92.39485480544754 -0.183709 -0.395042 0.310759 1.0
-242.06285260966854 -78.48173260992795 -0.255233 -0.782546 0.2547673 1.0
-264.17600163072666 -93.75085680494894 -0.30335 0.086889 0.33787936 1.0
-196.66441763695323 -60.33214226455838 -0.590267 -0.109298 0.19352515 1.0
-254.9922065435031 -70.08829934924688 0.07545 -0.31488 0.24087076 1.0
-229.92154901190085 -65.71266066814445 -0.158787 0.041299 0.21881571 1.0
-351.78893227999697 -89.39753628543282 0.085129 0.204774 0.35741994 1.0
-313.9783197569384 -82.18260426125696 -0.539992 -0.2178 0.31375796 1.0
-315.0964490914623 -83.25539382560092 0.011948 0.146938 0.32813907 1.0
-225.61762236402907 -55.83382401328345 0.245218 0.222277 0.19238742 1.0
-196.2493164326316 -48.98697418129038 0.202099 0.66955 0.16866434 1.0
-195.3609597101278 -50.03422443823556 -0.121493 -0.500746 0.16989674 1.0
-200.43280729393715 -50.234731087135074 -0.483362 0.260708 0.17631626 1.0
-218.26271272576867 -56.141839133739154 -0.379862 0.193305 0.19788095 1.0
-305.2079772854089 -70.10078598225886 -0.24605 -0.482315 0.26750728 1.0
-305.1076608336793 -66.46744122377058 -0.048481 -0.0027 0.2622443 1.0
-303.1245155236556 -65.72765703134063 0.335796 0.256483 0.26212794 1.0
-345.97604699589914 -81.0893682035533 0.13935 -0.226889 0.32299858 1.0
-226.35479917234 -55.34517118614622 0.210297 0.427744 0.19160183 1.0
-332.8417532038832 -80.73175378027742 -0.149821 0.304073 0.33531845 1.0
-254.0880602479971 -61.41408886869447 -0.035466 0.173539 0.2297083 1.0
-259.5065074187627 -54.09680813348081 0.098155 0.257911 0.20789175 1.0
-190.21579877305163 -68.50305711075164 0.001148 0.012355 0.21408011 1.0
-243.429255615231 -89.25339878223048 0.183867 -0.23281 0.31118974 1.0
-243.8634755253543 -89.87312576556697 -0.005009 0.066323 0.3125463 1.0
-191.20340744396725 -64.7045442988661 0.148136 0.049668 0.21274365 1.0
-191.22965972148734 -64.40740018394239 0.05772 0.162371 0.21291742 1.0
-220.42818118299613 -62.51703476411493 -0.078111 -0.744957 0.20040245 1.0
-247.17887166996383 -78.82365776419155 0.097367 0.05797 0.29102063 1.0
-300.03186946736105 -79.12357185337449 0.134185 0.321692 0.2901866 1.0
-241.37489931956202 -64.80383345530822 0.535639 -0.20616 0.22316517 1.0
-252.07790606279602 -68.07595016553046 -0.172203 -0.105482 0.23731534 1.0
-250.85925916862308 -68.72236517448935 -0.099263 -0.173612 0.23867843 1.0
-145.63830536799097 -56.79168046814782 -0.266837 -0.347499 0.16535507 1.0
-191.18663563179445 -62.789656916898885 0.093245 -0.035769 0.19197384 1.0
-172.11110489135353 -60.94437331844156 0.020556 -0.183453 0.18866847 1.0
-244.0173781200171 -92.43862690861242 -0.086818 0.14264 0.34783682 1.0
-179.46922624465282 -55.620037589002116 0.412436 0.275446 0.16891833 1.0
-252.815244809324 -70.20188605957728 -0.038738 0.1467 0.24156712 1.0
-315.7093199088178 -89.49347240858482 -0.213939 0.136303 0.3412959 1.0
-180.5042038142123 -52.60607569666932 0.401545 -0.341049 0.16959623 1.0
-225.8327221284836 -57.77486579298771 -0.270626 -0.047136 0.1937622 1.0
-222.8832263847946 -57.1103014610479 0.122298 -0.096088 0.1909808 1.0
-296.38314998740447 -76.36564219782106 -0.170362 0.155185 0.28403902 1.0
-316.69885348089997 -83.70756279248089 -0.197253 -0.465587 0.33067763 1.0
-300.4435638632628 -23.226617513146678 -0.339103 0.006194 0.2666671 1.0
-301.93886243179645 -22.482068079235695 0.023642 0.033256 0.28356633 1.0
-335.9661124292897 -26.097356218631123 -0.072239 0.218365 0.32882604 1.0
-299.7585710124132 -47.597258971714275 0.222031 -0.196828 0.32419664 1.0
-239.64398836097504 -38.03365399744172 -0.036229 0.116803 0.2557515 1.0
-291.0961056832494 -46.3069697998145 0.430894 -0.767596 0.35377893 1.0
-280.08258730566956 -45.48456078561095 -0.037441 -0.030626 0.35658517 1.0
-377.5286506902964 -56.71939591014238 -0.495832 0.412378 0.34200025 1.0
-352.83731718685084 -53.466788677275325 0.045823 -0.163801 0.31186834 1.0
-307.7779188730598 -45.905639146061894 0.1995 0.104175 0.25723538 1.0
-295.7994562508169 -43.851097632480894 -0.112316 0.22923 0.25217488 1.0
-320.1230420779803 -48.122801697498005 0.369165 -0.02604 0.2989453 1.0
-283.2533127479769 -41.92623470504433 0.435322 0.385674 0.25275934 1.0
-344.61651097852564 -49.28952395189181 0.645948 0.595444 0.34955603 1.0
-318.13119612724853 -46.67498972730924 0.007019 0.013678 0.3273045 1.0
-288.2597765410881 -42.56290448057895 -0.42517 -0.340799 0.28677082 1.0
-264.4952529676652 -37.68732836283309 -0.588816 0.477784 0.2602057 1.0
-322.84398855943215 -46.904708764318215 -0.617029 0.107989 0.35351962 1.0
-308.70887974528927 -44.522652378916156 0.516003 0.012019 0.33787483 1.0
-267.5148854479862 -38.96087930229649 -0.198597 0.072414 0.29666877 1.0
-220.48245284668047 -32.31621742393363 -0.463442 0.278247 0.25171724 1.0
-290.28865140948574 -37.981828745913106 0.166537 -0.021432 0.23712222 1.0
-265.0632586377747 -34.413235759787284 -0.408347 -0.116259 0.2153807 1.0
-283.71025164865864 -36.60478970789392 0.212753 -0.048965 0.25790524 1.0
-342.1954146008307 -42.88320638936627 -0.146087 0.216803 0.35561684 1.0
-267.2860066430741 -34.276930051967646 0.13796 -0.469282 0.2595014 1.0
-264.1224706066776 -33.04254802433118 0.250959 -0.221118 0.25582623 1.0
-296.56120915042607 -36.122720708858466 0.029255 0.116062 0.34748873 1.0
-202.82090590017646 -26.11307383287278 -0.037576 0.133622 0.21327506 1.0
-285.9872540064994 -37.08589901595633 0.403812 0.246934 0.3533203 1.0
-337.42938668097173 -39.12563329705943 0.546138 -0.011097 0.30089018 1.0
-369.4062939428027 -42.116053430882744 -0.171062 -0.049561 0.35032293 1.0
-310.8596692415494 -35.69859859019437 -0.067064 0.360782 0.28432885 1.0
-302.55682144513816 -34.31785145688092 -0.158289 -0.313031 0.2872866 1.0
-231.1254261873465 -24.430996189875845 -0.146463 0.075907 0.24023524 1.0
-195.65644978919727 -21.127876531496753 0.04328 0.153891 0.19639379 1.0
-356.1724924938855 -37.02026138386448 -0.196989 0.239577 0.32933563 1.0
-351.52698334409985 -35.19239348825344 0.229183 0.1983 0.32426322 1.0
-333.6596114091516 -34.107595594244366 -0.422475 -0.455893 0.30445412 1.0
-276.69386598469305 -26.492414300977835 0.162316 0.211774 0.24780574 1.0
-314.8505135859932 -30.155093441626722 -0.299419 -0.228818 0.29913858 1.0
-309.7707893537595 -29.436413573886973 -0.298733 -0.837396 0.3001157 1.0
-214.5616721312103 -19.89510236124574 0.777986 -0.291269 0.18850061 1.0
-282.276455384361 -27.41044019554766 -0.120389 0.45759 0.27837676 1.0
-329.1680398594235 -31.361851984467467 0.050446 0.115136 0.34556472 1.0
-220.08136315804387 -21.125487860512873 -0.211373 0.060871 0.20484811 1.0
-246.76380711831945 -23.86248552715005 0.088421 0.50752 0.24269302 1.0
-296.7700491244084 -27.266394092377702 -0.02492 -0.203596 0.3260835 1.0
-273.10994299935084 -25.666926177282512 -0.032804 0.07965 0.30772957 1.0
-275.1413326218195 -25.804941645575905 0.000356 -0.302122 0.3109782 1.0
-306.13007517007895 -27.315331009269787 -0.484245 -0.700123 0.2667463 1.0
-350.9441231879725 -31.388982268231395 -0.573575 -0.117435 0.32678342 1.0
-278.52020959174945 -23.357910372499877 0.568484 -0.146516 0.2583897 1.0
-273.77088407977266 -22.755350817780812 -0.014656 -0.444015 0.25823015 1.0
-332.7374118289609 -27.591715921928444 0.428523 0.742485 0.34371883 1.0
-331.90407331074124 -27.1044748603256 -0.063506 -0.283342 0.3440455 1.0
-328.6864881908942 -27.06006104599891 0.022319 0.261765 0.3416288 1.0
-269.89839261421486 -20.922010157526966 0.120102 -0.179461 0.26608837 1.0
-319.87280232790494 -25.031142965246566 -0.094598 0.178348 0.35102168 1.0
-327.2905601393675 -51.41034360092878 -0.073127 -0.103807 0.2853469 1.0
-326.13481291300116 -51.9174390021331 -0.077683 0.188031 0.28550008 1.0
-312.6291489375045 -48.743632646205974 -0.165695 0.123192 0.27680963 1.0
-331.6659962217621 -50.44885525319462 -0.036844 0.011329 0.30084935 1.0
-321.1421807041301 -49.32593571461896 0.159248 -0.132822 0.29984978 1.0
-353.60821576075 -55.58135585963627 0.145253 -0.066868 0.35933757 1.0
-279.87067353283373 -43.03040665361622 0.03734 0.10146 0.26126283 1.0
-336.3570190499383 -52.74451035222187 -0.140208 0.296919 0.35073116 1.0
-266.8455086653238 -40.70853934137094 0.133753 0.205376 0.26223558 1.0
-322.8160793307389 -50.88772853448755 -0.21577 -0.041026 0.35574228 1.0
-312.47245790378537 -49.01619717127246 0.018989 -0.03179 0.34330648 1.0
-276.8093659683034 -42.34396306894154 -0.437205 0.081225 0.31840226 1.0
-276.3185365225087 -43.19543041951581 -0.165285 0.046549 0.31937054 1.0
-244.8768898981565 -38.114583220407326 0.465654 0.302723 0.27056628 1.0
-262.74449235282316 -41.33672058654836 0.303813 -0.060767 0.319912 1.0
-363.9638541596917 -51.925028947442655 -0.172587 0.205252 0.34708476 1.0
-292.55318382482136 -41.729962100393394 0.071488 -0.180259 0.26550028 1.0
-331.72324440231995 -45.0740875506857 -0.394208 -0.14149 0.31812346 1.0
-291.82069552906853 -40.31443851679981 -0.054554 0.061469 0.26509216 1.0
-322.6255815178859 -45.48488388943808 -0.068935 -0.002846 0.30918163 1.0
-305.3459622059579 -41.506302244732325 -0.27569 0.070951 0.28811598 1.0
-264.39646540070896 -36.962709577557916 -0.007639 -0.033056 0.29835972 1.0
-263.8354798531005 -36.7859997412782 0.34962 -0.372348 0.29831702 1.0
-284.66736197022516 -38.44376830129777 0.189086 -0.237665 0.34881774 1.0
-285.04658519852535 -38.486314197686944 0.034115 0.113224 0.3542912 1.0
-362.53660614163954 -46.72560187696611 -0.27285 -0.143448 0.3404281 1.0
-330.2182219257189 -41.20594812764857 -0.020016 -0.17813 0.29715583 1.0
-360.3280330459057 -43.81926623122353 -0.221196 -0.020793 0.35314378 1.0
-308.384785913893 -38.138510697061626 0.079649 0.244547 0.285556 1.0
-307.70818087679606 -37.55272639532038 0.167251 -0.215105 0.286623 1.0
-297.357281859148 -36.87828356477645 0.027515 -0.295429 0.29049355 1.0
-236.4750369314044 -28.46328550342208 -0.22481 0.079347 0.21953851 1.0
-293.0991438810955 -34.223957557710776 0.523768 -0.369082 0.29471105 1.0
-323.7638813184755 -39.27129150061421 0.16905 -0.140618 0.34911558 1.0
-311.3059287341509 -37.68676816966359 0.193094 0.054665 0.32912692 1.0
-312.7216401065108 -38.135263397438415 -0.227117 0.208627 0.3318898 1.0
-256.7519313503848 -30.29464272498285 0.095986 -0.318969 0.2527302 1.0
-306.65639514584956 -35.65348335461177 -0.071695 0.007013 0.3279516 1.0
-211.79819050820623 -24.369791630332102 0.062559 -0.256962 0.20661464 1.0
-260.4049104583531 -31.199496245545348 -0.468358 -0.109745 0.27167863 1.0
-199.84237594052016 -23.874009817776617 0.760094 0.340035 0.19423419 1.0
-230.8373715044639 -26.880755277968465 -0.497298 -0.346591 0.23641357 1.0
-248.55494840548084 -30.16234917671661 9.5e-05 0.121808 0.27047178 1.0
-185.56814785813557 -21.572814523836456 -0.12963 -0.511559 0.1910023 1.0
-260.64789545882047 -30.66751687976685 0.12627 0.478015 0.30209225 1.0
-285.52571308171485 -33.51004391178299 -0.445062 -0.642759 0.3473888 1.0
-189.53268438111493 -22.127278884236915 -0.104062 -0.028288 0.19850846 1.0
-341.61169354420923 -36.53580146511248 0.402077 -0.566869 0.31720993 1.0
-336.42884915051934 -35.28942647649432 -0.100967 0.116956 0.32021415 1.0
-299.5005773101232 -32.802307990655855 -0.049154 -0.201384 0.28621376 1.0
-239.7800998707715 -24.841043019617942 0.416355 0.283283 0.22003226 1.0
-206.30821015248867 -19.660784596392304 0.158514 -0.138725 0.2117398 1.0
-273.98722688522145 -25.79334753881645 0.303783 0.290181 0.31079933 1.0
-329.4655864783545 -30.728292977133485 -0.297539 -0.324737 0.30052057 1.0
-347.3464672850785 -32.37762985580532 -0.106861 -0.202816 0.3257897 1.0
-298.883292546963 -28.5489790331949 -0.050166 0.039708 0.26775238 1.0
-267.22563681488833 -25.0255611381972 0.368152 0.035014 0.24077405 1.0
-281.75623271635766 -25.426531806543235 -0.273384 -0.109452 0.2600321 1.0
-216.3408461117608 -18.572871131530672 -0.211443 0.165346 0.18863164 1.0
-226.46032517267483 -19.996806620108536 -0.413258 0.343201 0.20457643 1.0
-329.3855584473894 -29.08581191824329 -0.284162 0.186087 0.3442375 1.0
-245.3401071154111 -19.899648981245758 0.450969 -0.150556 0.23972772 1.0
-244.04015400700885 -62.72825378320635 -0.05864 -0.068871 0.22999515 1.0
-300.80310213409035 -76.31078426616621 -0.111779 -0.175148 0.30643928 1.0
-207.44795849661998 -54.35185064738873 -0.624236 -0.249232 0.19481656 1.0
-256.3736238572049 -65.0491677070024 0.219772 0.240819 0.25641137 1.0
-303.75178673139635 -78.25098648396089 -0.305307 -0.075535 0.33460462 1.0
-300.81248222421465 -78.06184206167872 0.234042 0.323876 0.33275566 1.0
-249.3931379303142 -66.92262592435789 0.142945 0.740878 0.26561052 1.0
-228.5416026114549 -60.86452125107211 0.009112 -0.440366 0.23613246 1.0
-242.64419536048942 -64.0979471256089 -0.444709 -0.380282 0.26191622 1.0
-236.3800687212534 -64.1214548215567 -0.106004 0.093748 0.25723547 1.0
-287.12470671121713 -78.53428753073348 -0.074094 0.034429 0.3475895 1.0
-282.19741005412095 -76.06774780326789 0.028773 0.226838 0.3395074 1.0
-268.41309594856233 -72.78176652659168 -0.594874 -0.169019 0.3222698 1.0
-248.90882963413048 -68.44368811615591 -0.236878 0.077787 0.2918038 1.0
-221.4172436128843 -60.629635501778246 0.06511 0.093734 0.25059053 1.0
-203.94529158373604 -56.50840039698771 -0.100594 -0.166083 0.22644345 1.0
-200.20920511374808 -54.88255532662811 0.294264 0.019942 0.22746909 1.0
-256.1838725094468 -72.5378948227987 -0.191988 0.431913 0.3208264 1.0
-215.8608944018448 -60.15260718690285 -0.141248 0.073345 0.25456437 1.0
-213.98901750864437 -60.18089890562435 0.362889 -0.600672 0.25313017 1.0
-208.79849279796426 -58.854884900180345 -0.222981 -0.376269 0.24936987 1.0
-258.52985985665754 -73.45741287119957 -0.036636 0.097881 0.34545246 1.0
-318.6468102886452 -76.42544445444977 0.181233 -0.322837 0.33154085 1.0
-303.3257322513588 -74.15541533968157 0.059115 0.049228 0.332432 1.0
-279.2124796865722 -69.66643793393442 0.076577 0.314284 0.31707242 1.0
-252.3364711874512 -63.288443485579485 -0.364798 0.056156 0.27731112 1.0
-248.79124364635868 -61.32076960755878 0.000288 -0.170129 0.27654353 1.0
-239.48886159668533 -60.91601408095253 -0.0115 -0.086982 0.27295724 1.0
-223.21978728764233 -57.44265920451784 -0.011312 -0.049523 0.25511304 1.0
-264.1085658940838 -68.01475485890083 0.125325 -0.067285 0.34717146 1.0
-225.82243477012238 -49.097368340743444 -0.187614 0.30571 0.18893449 1.0
-269.6429853055274 -59.82287412709575 0.023712 -0.299105 0.26092172 1.0
-308.63026808164597 -68.65901757429916 -0.261867 0.091657 0.3466202 1.0
-306.6292272548687 -69.24178986744785 -0.393698 0.446535 0.34428403 1.0
-307.5204857203787 -70.53589328791307 -0.066183 0.271735 0.346569 1.0
-307.8641686354581 -69.20712060020409 -0.046931 -0.146799 0.34546462 1.0
-306.95451293104804 -70.1598332529178 0.029747 0.021434 0.3448646 1.0
-177.25459553732944 -40.28326837462182 0.298244 0.102058 0.16711491 1.0
-303.2053168191408 -67.96427373546206 -0.291861 -0.193359 0.34369215 1.0
-302.5965194775258 -67.89520782683574 -0.413749 -0.213979 0.34324497 1.0
-296.73481388472334 -69.01129416115266 0.320529 0.12467 0.34365287 1.0
-237.89313526752093 -54.09532083773782 -0.25197 -0.59351 0.25219673 1.0
-253.52226726057833 -58.56709968367242 0.167519 0.153673 0.27725956 1.0
-276.9580036614904 -63.009962893243305 0.169498 -0.2709 0.31488258 1.0
-280.67216515531584 -66.20648733114757 -0.493126 -0.2143 0.3365304 1.0
-219.07929218976713 -52.66119290660782 0.678482 0.129438 0.25426245 1.0
-269.77323415080866 -65.06990991460174 -0.104419 -0.120601 0.34844387 1.0
-350.47428158947656 -70.29854873543451 0.686972 0.072884 0.32805657 1.0
-296.3453451480236 -58.18716821871381 -0.156952 0.242374 0.26044208 1.0
-331.1153103811058 -67.60766884428938 -0.01708 -0.126873 0.31486574 1.0
-330.7350578001917 -66.12990475846755 -0.218298 0.08608 0.32444707 1.0
-341.3319931919878 -68.21960573029843 0.223418 0.055533 0.34515387 1.0
-349.34583793296366 -70.44268582580236 -0.0846 0.358952 0.35931328 1.0
-344.86600022454485 -70.34890937017876 0.19308 -0.191699 0.3558207 1.0
-244.04485781285354 -49.41319632844129 0.010512 -0.398626 0.22075157 1.0
-275.84192214404464 -55.072275434119106 -0.170831 0.04157 0.26201576 1.0
-311.478889821248 -62.69698209326661 0.256547 0.423058 0.32176277 1.0
-313.55028996352524 -65.69786103145965 0.403091 0.0284 0.33280563 1.0
-325.7027197084341 -67.63526462059102 -0.189703 0.124653 0.35505632 1.0
-214.04424637519782 -43.493746459435144 0.147908 -0.247241 0.20100357 1.0
-311.4205415443153 -65.41917454495831 -0.102857 0.042386 0.34332532 1.0
-303.5216044770167 -64.82889348328075 -0.227047 -0.507111 0.35571852 1.0
-277.45637215705517 -57.64076061349679 0.050327 -0.402094 0.31205124 1.0
-277.0255736758339 -60.45725475260911 0.108151 -0.546359 0.33547735 1.0
-224.2781425141457 -49.97661550656574 -0.035978 0.021344 0.27353835 1.0
-341.97852665978024 -62.143004230864015 -0.246256 -0.12908 0.29902425 1.0
-349.306727668052 -65.26345950825386 -0.29195 0.019093 0.3101942 1.0
-339.65927454405386 -62.45924606022941 0.342903 -0.108417 0.2974155 1.0
-339.2776709762113 -62.575345278312085 0.029479 0.111334 0.29731864 1.0
-356.31302202718905 -65.23314803544159 -0.029473 0.234279 0.3403073 1.0
-352.48518500877634 -65.24497741878427 -0.091793 -0.027746 0.33978352 1.0
-334.159646224456 -62.697936933080854 -0.099121 -0.208104 0.32911783 1.0
-330.2880016843341 -61.74666565104722 0.018676 0.198865 0.3291374 1.0
-248.82310009395675 -46.535454916876574 0.12659 -0.294037 0.22514883 1.0
-328.6622394640155 -61.85969139508495 -0.135234 -0.0905 0.3301517 1.0
-276.5335454945421 -51.5697361991995 -0.029872 0.146508 0.2607301 1.0
-295.9182337603238 -55.6725659918582 0.057533 0.324949 0.2882957 1.0
-294.09531356192315 -55.8978461925511 -0.064172 -0.184672 0.2881117 1.0
-316.5931844363826 -59.86584313105892 0.081341 0.012693 0.3312136 1.0
-320.05149259073534 -60.23503524744453 0.068234 0.230125 0.34030145 1.0
-308.9473572307801 -57.57740635739947 0.192459 0.104069 0.32163623 1.0
-312.2638632381291 -59.19567308823629 0.116182 0.07132 0.33003864 1.0
-235.48138284908038 -44.763066570652164 -0.153389 -0.299929 0.2274072 1.0
-254.08571648507913 -48.10712226213972 0.103158 -0.193753 0.25981793 1.0
-287.9603643881701 -54.57047290726898 0.10591 -0.14042 0.3171968 1.0
-223.88189155529085 -43.82061471443524 -0.040809 0.178411 0.22614029 1.0
-220.2721146518449 -42.626683292367176 -0.125404 0.006266 0.22638108 1.0
-209.59478516429556 -40.973353159741606 0.3552 0.318339 0.22028565 1.0
-212.7704880440718 -41.69813066742616 -0.279425 0.112565 0.23471329 1.0
-349.552221882121 -60.49682599149837 0.243435 -0.07288 0.30374718 1.0
-350.9049728416726 -59.220545927079506 -0.174294 0.119766 0.3035932 1.0
-304.76909626481904 -50.86632331626658 -0.202955 0.05817 0.25156268 1.0
-361.38996079602987 -61.0596642077875 0.172224 -0.348499 0.32331416 1.0
-357.50350256646425 -61.66842475499252 -0.367348 0.697675 0.32248515 1.0
-325.93739628968825 -54.67356799337206 0.28951 -0.333297 0.3112813 1.0
-329.78156669941404 -57.05749023802393 0.272106 -0.118174 0.3177387 1.0
-352.9994255812297 -61.23567039296301 0.085636 0.070399 0.3586296 1.0
-304.1778769237191 -52.37211895917498 0.238572 -0.068808 0.2893061 1.0
-320.1758696354573 -55.747524247027144 0.085594 0.21529 0.3194046 1.0
-313.5263394027829 -55.174934545395054 0.574812 0.183989 0.34681475 1.0
-318.6449329529042 -53.81577892971137 -0.065553 0.204922 0.35820365 1.0
-263.90478261383635 -47.008909953485144 -0.045708 0.201478 0.28711525 1.0
-248.11178423059812 -43.07359409705746 0.311085 -0.20549 0.27285653 1.0
-265.77875849567147 -46.77298931686614 0.697774 0.296638 0.31975472 1.0
-258.7337281163224 -46.58232924971189 -0.060916 -0.281166 0.31000668 1.0
-215.51360483833778 -38.90225724387865 0.548803 0.671636 0.2523414 1.0
-252.38992532426323 -61.7522038987347 0.362297 0.233273 0.2359168 1.0
-258.66989382790774 -62.86469960458279 -0.13026 0.288098 0.24835977 1.0
-310.02411787174697 -78.12923586518852 -0.217655 0.365243 0.34928745 1.0
-298.77007493394115 -75.98865283113003 -0.118318 0.03751 0.33160058 1.0
-248.99183102640825 -63.78483532605797 -0.052452 -0.074029 0.262182 1.0
-257.19065919484444 -66.22154337936183 -0.423484 0.431189 0.27651596 1.0
-215.76785700397326 -55.526546353637265 -0.472178 -0.164314 0.22101559 1.0
-291.25746576951576 -74.03966110317339 -0.322888 -0.262987 0.3425968 1.0
-281.5238535872681 -73.82058435993102 -0.066669 -0.349982 0.33746827 1.0
-276.67981726836865 -71.680540598776 -0.131586 -0.209358 0.33621147 1.0
-258.16878266666 -67.99566206535734 -0.440105 0.003262 0.3040902 1.0
-199.8258657106989 -54.434834135137464 0.639324 -0.213217 0.22788495 1.0
-211.5735159940613 -57.62770569551467 0.061827 -0.216393 0.25124592 1.0
-337.8127485850786 -76.44649362932176 -0.171537 0.060875 0.31413713 1.0
-312.2861758263086 -69.05232076901798 0.654967 0.031351 0.2919363 1.0
-338.7870267359109 -77.17404833885482 -0.330592 -0.104983 0.33655164 1.0
-338.6450626667772 -76.68372220470415 -0.269213 0.120042 0.33713427 1.0
-319.6992848010598 -72.9273549206319 -0.114704 -0.02314 0.31703746 1.0
-332.9293755244542 -75.29600974870314 0.290941 -0.170409 0.34786445 1.0
-239.6582282098832 -56.86126883313696 0.118963 0.268189 0.25411102 1.0
-282.8879344539214 -67.95309283283068 0.266201 0.169685 0.33944854 1.0
-281.21789578144273 -67.46225928275246 -0.197954 -0.106232 0.336482 1.0
-227.8623514559666 -56.07865688397258 -0.276719 -0.150932 0.25269535 1.0
-237.96852304462814 -59.19466031612704 0.166583 0.04447 0.27296484 1.0
-271.91505666771326 -67.67254668685621 -0.57743 -0.065899 0.33744526 1.0
-275.6035132674091 -68.84185056847772 0.067921 -0.331464 0.35082623 1.0
-269.2333621743835 -66.05458932878044 -0.026869 0.053069 0.3474348 1.0
-268.91485236956777 -68.52892876061031 0.037977 0.118266 0.35103673 1.0
-351.9789325177862 -72.47391239443631 0.353672 -0.047531 0.34340963 1.0
-329.1979736647982 -69.32945197236138 -0.306693 0.175621 0.32067782 1.0
-252.37341367298677 -52.99037703976422 0.033188 0.17165 0.22628474 1.0
-297.1641078342468 -61.747754238890835 0.336093 0.137278 0.2862684 1.0
-333.9906636261076 -71.12249663181409 0.388038 0.19335 0.34942883 1.0
-323.8911639097393 -70.28275215365495 -0.381045 -0.370142 0.34757587 1.0
-315.12477914688014 -68.25917268682856 0.080838 0.098329 0.3422492 1.0
-309.93451876329203 -67.94006689624234 0.084158 0.192862 0.34809977 1.0
-310.26129834235934 -67.2379776088531 0.286433 -0.511853 0.34835875 1.0
-291.9239796616831 -62.43130124674708 0.384022 0.106006 0.32414263 1.0
-275.3739728592994 -61.12989460606311 0.080769 -0.574443 0.32381842 1.0
-230.72048956491537 -51.36990620690947 -0.548485 0.152279 0.25426272 1.0
-277.8379245678567 -61.1246410224282 0.078486 0.152295 0.33691925 1.0
-277.0958963558801 -62.064502275277356 0.186757 0.246074 0.33677894 1.0
-227.67212684080752 -51.56122683701304 -0.559147 -0.463746 0.27286988 1.0
-237.11314610070158 -55.53766780492386 -0.019161 0.695596 0.29669565 1.0
-253.23692081487985 -59.06357146855001 -0.165615 -0.088908 0.3363236 1.0
-310.17335478420904 -59.179017279910674 0.279923 0.227111 0.26952162 1.0
-299.64597830186483 -58.56958535276421 0.095169 0.052048 0.25919375 1.0
-360.67743443558226 -70.44687466624536 0.095805 0.075871 0.34628713 1.0
-359.0846142455235 -68.46415233880873 0.370912 0.006966 0.34475675 1.0
-248.28861971257587 -47.25992014593556 0.233458 -0.119939 0.2205957 1.0
-328.90053114774366 -64.59055323699727 0.517479 -0.045022 0.3278633 1.0
-316.316692031673 -60.57010781374489 -0.131961 -0.127778 0.3120694 1.0
-290.2951580103485 -57.2516620380574 0.099776 -0.266115 0.28705168 1.0
-253.83098857973715 -50.88449719107813 -0.293011 -0.173362 0.2431674 1.0
-317.30982015615723 -62.303352656371715 0.701346 0.386959 0.33147752 1.0
-280.6836522539087 -57.162185496375535 0.276942 0.129492 0.31030998 1.0
-180.56898380092827 -36.28431822931535 -0.399968 -0.413621 0.18141575 1.0
-270.24224412652467 -54.42266467239127 0.016144 -0.009777 0.32488173 1.0
-210.00206003377465 -42.87924466773009 -0.1646 -0.395486 0.23231514 1.0
-206.4623244799476 -43.43887571280399 -0.156169 0.170762 0.22937757 1.0
-258.38610053381757 -54.988435120100355 -0.089396 -0.39791 0.33248207 1.0
-346.64047791175614 -60.13006716221365 -0.098182 -0.084123 0.2999643 1.0
-348.1653266545718 -60.859787582145344 0.101502 -0.634329 0.30277747 1.0
-352.37738675218134 -62.50325388845727 0.151358 -0.000372 0.31219772 1.0
-347.0602737456871 -62.43419001120555 0.304791 0.3556 0.32034555 1.0
-295.2570409081927 -53.4087831836841 -0.16663 -0.067711 0.25724244 1.0
-356.2637613223526 -62.714787317399015 -0.381471 -0.012984 0.33974785 1.0
-275.685275074873 -49.28982579834842 0.130158 -0.292616 0.25383997 1.0
-275.3851828009418 -49.29771482048695 0.20175 -0.064228 0.25988072 1.0
-319.2185514312574 -58.28420068867978 -0.375684 -0.324697 0.34305763 1.0
-313.44724457002707 -57.31649656714027 0.133972 0.539461 0.33726835 1.0
-250.47805417439957 -46.30216743317771 -0.052225 -0.183488 0.24941732 1.0
-298.1677341724809 -55.146068983213404 -0.069411 -0.001799 0.3243663 1.0
-254.14450182045047 -45.626234976645286 0.447722 -0.647736 0.25929075 1.0
-291.0438641102158 -53.421813384784386 0.234748 0.163136 0.31929022 1.0
-231.85341236993818 -41.961908718156934 -0.137392 0.293179 0.23370698 1.0
-251.5835639078147 -45.40134010127333 0.244543 -0.128065 0.2599978 1.0
-307.7376366059576 -55.91060652905028 -0.594006 0.278272 0.34720832 1.0
-221.55516101112232 -41.40864620615755 -0.018734 -0.179515 0.22775353 1.0
-222.64803720941552 -41.67730039668339 0.052661 0.036862 0.22969732 1.0
-211.0469696917507 -38.54473074366495 -0.208438 0.078984 0.22011049 1.0
-253.76597423612654 -46.2501886291021 -0.081247 -0.464653 0.28458905 1.0
-216.12707687872023 -40.17089209717328 -0.219785 0.658122 0.23470011 1.0
-252.90738853399426 -47.241479056550716 -0.032317 -0.106312 0.30198124 1.0
-391.12931729404625 -64.81801843728269 -0.009545 -0.217991 0.35863224 1.0
-312.25777114384937 -49.80863656286435 -0.113028 0.053249 0.27747366 1.0
-283.3757233216317 -46.15773640407609 0.716117 -0.339139 0.26234972 1.0
-322.245604123171 -51.5976008001061 0.417263 0.378809 0.33466014 1.0
-315.5540726534043 -51.300933141974156 0.060286 0.36204 0.33746773 1.0
-264.9011879213949 -44.20318300343216 -0.078517 0.62671 0.29046464 1.0
-275.86532205933287 -46.062947954512744 -0.021917 -0.399522 0.3190374 1.0
-230.1170424142543 -38.662295007750174 -0.290369 -0.127965 0.25350013 1.0
-228.0213984446925 -38.61447847625102 -0.240067 0.045441 0.25308573 1.0
-271.7792152827812 -46.055599289571404 0.284417 0.294548 0.3389746 1.0
-270.23056143530425 -44.9890728805913 0.14002 -0.236074 0.33726427 1.0
-242.81275210233903 -40.443645303696265 -0.278281 0.192906 0.2938472 1.0
-246.57684202482338 -90.05589667057238 -0.274195 0.14459 0.341767 1.0
-233.42232174070224 -70.54665463225908 -0.233499 0.153566 0.25192118 1.0
-278.1706149142005 -86.49738161911547 0.448264 -0.135562 0.32858846 1.0
-230.02338327114126 -70.93851885847732 -0.136143 -0.059728 0.25163966 1.0
-271.97378081244085 -87.17612648318548 -0.565769 -0.644748 0.35512632 1.0
-255.31064092366387 -83.92444694232198 -0.338074 -0.300645 0.3453756 1.0
-255.82349318559062 -84.13244960449367 0.214246 0.41324 0.34489056 1.0
-198.40881732823058 -68.32858039456956 -0.067939 -0.004015 0.25240177 1.0
-301.7427320492533 -82.32592531602144 0.105961 0.039572 0.3149182 1.0
-316.22816102795775 -86.74801311517604 -0.808369 0.081728 0.33997062 1.0
-251.63027641340616 -69.14389541580448 0.461517 0.466663 0.24806169 1.0
-205.640267979814 -56.291730303801586 -0.071416 0.08297 0.19284827 1.0
-236.26955808221553 -65.1508895427554 0.008957 0.413282 0.22922282 1.0
-254.8150512340782 -70.52871559531971 0.084595 0.234338 0.26534793 1.0
-253.94393568120807 -70.35476642880094 -0.692447 0.286266 0.26359367 1.0
-255.01608185326663 -72.79861262548842 -0.059287 0.065935 0.27375174 1.0
-282.81684042042576 -83.49813617413153 0.426598 -0.145234 0.34633538 1.0
-203.43655646938706 -59.85250224087579 0.329533 -0.090106 0.22511826 1.0
-271.59198557089013 -79.89346287568569 -0.008281 0.108739 0.34010398 1.0
-270.56721527419836 -80.71773541593515 0.340102 0.087697 0.34069598 1.0
-250.35782091265398 -76.76646637703946 0.121733 -0.344258 0.3290311 1.0
-241.0907902921828 -77.08714335450298 0.179182 0.263197 0.33295313 1.0
-199.97659467072504 -63.35889541305141 -0.12461 -0.150217 0.25922224 1.0
-206.1543353596664 -57.97577456958478 0.178885 -0.131413 0.22611083 1.0
-263.39880376726813 -74.33953938968922 0.000195 -0.103762 0.32136083 1.0
-168.05722999481475 -50.012546527532905 0.527498 0.592099 0.19979045 1.0
-249.14845983706653 -75.10702520036072 0.085567 -0.447387 0.34567568 1.0
-241.47034398050351 -88.35690603035025 0.001065 0.059259 0.3179096 1.0
-267.50950918361013 -89.05215799851332 0.274382 0.497538 0.3448505 1.0
-271.0619859511256 -89.22816102939443 0.042141 0.266948 0.35436305 1.0
-262.61340866389855 -87.6249197323458 0.146519 0.056397 0.34027848 1.0
-260.79786517875243 -87.98757260768701 -0.118986 0.259584 0.3421135 1.0
-260.8965508265965 -88.57627462835809 0.226324 0.608161 0.3488873 1.0
-238.82254308356468 -83.18079231588666 0.043542 -0.057177 0.3144503 1.0
-208.00024647072084 -72.54098866714133 -0.213787 0.175546 0.26747882 1.0
-246.98981764593753 -85.51086248661305 0.068508 0.023737 0.3447578 1.0
-243.94440111939147 -86.72994876155144 -0.083839 -0.551247 0.34472078 1.0
-243.71029615558598 -86.80408693710524 0.094064 0.082363 0.34247094 1.0
-168.65206290884845 -61.5658532361684 -0.190038 0.204163 0.21538757 1.0
-239.84253644956084 -70.7583196471409 0.147698 0.035806 0.24963926 1.0
-277.93116728391493 -81.2793170009578 -0.267484 0.27506 0.31027392 1.0
-201.93690870030414 -65.7043611001717 -0.002967 0.099735 0.25090742 1.0
-201.5791865848473 -65.14845813105427 0.034229 0.044189 0.2532179 1.0
-234.58793034868827 -76.08403004715304 -0.07204 -0.158955 0.3181702 1.0
-198.5809317474428 -66.60812121057836 -0.075369 0.065407 0.25420502 1.0
-173.89555509393347 -58.639912927185286 -0.13617 0.145923 0.22101726 1.0
-314.407014360699 -81.78234111788743 -0.381126 -0.194275 0.3286452 1.0
-294.83323884972236 -80.04982324400503 -0.253348 0.298804 0.31536126 1.0
-297.9978377301715 -80.87263047161716 -0.279282 0.25497 0.3212619 1.0
-178.56726326004804 -47.646792781284475 0.013199 0.357067 0.16651751 1.0
-252.21681815978974 -67.97544799191645 0.121322 0.112778 0.2646002 1.0
-237.94959501383275 -64.91063077410107 0.091039 0.276481 0.2517522 1.0
-253.04046087898985 -69.24122387742774 0.466568 -0.334354 0.27743298 1.0
-284.8581612798119 -80.86315309874917 0.018919 -0.099857 0.3470376 1.0
-267.25290851945954 -75.61209237660549 -0.333284 -0.23291 0.32369488 1.0
-200.19956141970115 -61.816166593926745 -0.286869 0.430573 0.2515734 1.0
-245.43325209529067 -75.40986446467343 0.485845 -0.431159 0.34533903 1.0
-182.49656298436008 -49.242137799769395 -0.269873 -0.235076 0.21389405 1.0
-171.07418105174781 -46.156922034452414 -0.060264 0.177368 0.20055173 1.0
-221.24365864181215 -58.34013872052765 -0.351864 0.269063 0.28184852 1.0
-262.05654606126643 -64.71432522646853 -0.239396 -0.029966 0.3586638 1.0
-239.7943727880561 -18.533185882462796 -0.272391 -0.109002 0.19176932 1.0
-330.14705073365826 -26.923714835569903 -0.056331 -0.045252 0.29873347 1.0
-303.2861734506182 -23.46247612481709 0.089972 -0.165536 0.26757917 1.0
-322.184556392848 -25.302380917113595 -0.20964 -0.028564 0.29157478 1.0
-301.10269881330544 -22.86552034844098 -0.038421 0.117863 0.28219587 1.0
-289.15877402525905 -21.615069290095906 -0.127207 0.375491 0.26910934 1.0
-291.60513233772383 -22.014842578123872 -0.02797 -0.064242 0.27868333 1.0
-309.31075001848177 -48.83672965105848 -0.004594 0.3653 0.3409474 1.0
-212.0767535152881 -33.864076842855376 -0.070009 0.08222 0.2097223 1.0
-188.35587308755333 -29.972285443156142 -0.004934 0.046196 0.19096582 1.0
-352.8627320522715 -51.31621687068628 0.05834 -0.24155 0.3132661 1.0
-247.028184031553 -36.559308365477875 0.111972 0.017776 0.21169318 1.0
-220.17555669128137 -31.378524899122734 -0.005154 0.236315 0.20619366 1.0
-306.2911774999108 -45.27643651565329 -0.255898 0.245938 0.32612318 1.0
-289.05128361582166 -39.02677273789083 0.158791 -0.26853 0.24889553 1.0
-321.4437914725542 -42.850171334982335 0.096869 -0.006924 0.2901505 1.0
-313.5804635139256 -40.66293003336882 0.379385 0.067665 0.29099682 1.0
-300.37700538914515 -39.558335974452575 0.077574 -0.070162 0.28747663 1.0
-217.57204306955182 -28.3854569597896 -0.228781 0.047484 0.19049504 1.0
-310.1250263810028 -38.443303128505015 -0.016669 0.071223 0.32752785 1.0
-204.17571025257527 -25.128184655760396 0.10328 0.068664 0.19473186 1.0
-283.3651802995688 -35.385784235990435 -0.068979 0.215644 0.3241852 1.0
-172.49502064516656 -22.094165984905445 0.637562 -0.011141 0.1696891 1.0
-271.78619482291134 -34.277284159355794 0.332016 0.166972 0.3170732 1.0
-282.38576785361334 -35.81021773169944 -0.232582 0.492152 0.3363628 1.0
-236.4331869998323 -29.7206121807278 -0.408916 0.26101 0.26870674 1.0
-338.3463199209979 -39.17818800511389 0.182452 0.142558 0.30196375 1.0
-292.27876590012323 -33.97003231489223 0.179077 0.04449 0.24966826 1.0
-355.7295897959674 -41.16029125043159 -0.231797 0.193053 0.33018142 1.0
-216.2261605143818 -24.590124366079355 -0.203478 -0.285266 0.17096803 1.0
-311.46700195773286 -35.83339099635129 0.240043 0.222787 0.2840287 1.0
-275.20496532446424 -30.124645863041017 -0.106536 0.046501 0.26072657 1.0
-194.73415507244476 -20.704503608184904 0.212944 -0.454094 0.1954694 1.0
-339.4814074244142 -33.748344518779575 0.300533 0.051501 0.31977907 1.0
-315.24783316537105 -31.265354142524465 0.201591 -0.018542 0.2992128 1.0
-244.67986754769433 -22.898454087127124 0.177661 0.284309 0.23842907 1.0
-177.12923411703878 -16.04910939864626 -0.189653 -0.003958 0.160692 1.0
-210.67049616028785 -18.877886221488662 0.063286 0.288324 0.2130124 1.0
-273.01103346579094 -25.6203580518446 -0.131498 -0.002703 0.30945504 1.0
-207.2574374559096 -17.80160990712469 -0.000752 -0.013885 0.21193957 1.0
-352.4213174285315 -30.01658115767106 0.293261 -0.030848 0.32634735 1.0
-247.1941400635652 -18.730252560909108 0.079112 0.154679 0.24089178 1.0
-295.6936292812886 -21.489425703042194 0.019842 -0.178537 0.3251898 1.0
-292.25154876158206 -21.659729447002803 -0.358812 -0.108016 0.34082434 1.0
-304.99031257463764 -47.30111108154281 0.060559 0.427711 0.2509579 1.0
-353.2355877358221 -55.25895310830433 0.140163 0.167369 0.31276998 1.0
-238.4065631372385 -37.345361728041304 -0.480451 -0.271397 0.19103931 1.0
-355.89808152505026 -55.998937947253125 -0.29472 0.181508 0.3479297 1.0
-354.86280770571676 -54.50377736115326 0.007268 -0.151748 0.3535216 1.0
-312.49273951980257 -47.1954991870874 -0.396992 -0.120358 0.29270935 1.0
-350.7630268627524 -54.01595373640533 -0.049007 0.251657 0.3536608 1.0
-300.07601901035895 -47.315403191579136 0.235914 0.448773 0.28630918 1.0
-343.56597699743173 -52.05490095898175 0.027405 0.000823 0.34881172 1.0
-334.5548376464094 -52.572867280148934 -0.043731 0.134034 0.3476342 1.0
-215.60655355027168 -33.529595779437884 -0.234822 0.198076 0.21112643 1.0
-180.21878510061413 -28.096166115723378 -0.042638 -0.103951 0.16907306 1.0
-186.37893671320734 -28.774490874579858 -0.176542 -0.000348 0.20371181 1.0
-351.8366592270267 -51.046386956868936 0.050638 0.293865 0.31229687 1.0
-290.05483462192575 -41.12436078380147 0.322968 0.160178 0.26453733 1.0
-345.1232842114199 -48.75329625088654 -0.742673 -0.089334 0.35025418 1.0
-270.0576402008302 -36.272310246263245 -0.137956 -0.228261 0.27451983 1.0
-200.79149506738642 -28.067657257698986 -0.255439 -0.862066 0.18910652 1.0
-201.975511433103 -26.754800547142782 0.133314 -0.130221 0.19434214 1.0
-206.39247309354255 -27.082919801443026 -0.065491 -0.239891 0.20379795 1.0
-283.80493695377316 -38.247065130101674 0.251134 0.107249 0.3237202 1.0
-189.39332499598916 -26.463445525724165 0.149978 0.199055 0.19112152 1.0
-191.5022225210616 -26.00095406707572 -0.023781 -0.303339 0.20072636 1.0
-267.6884011425275 -33.07444005802326 0.388116 0.699308 0.23153436 1.0
-237.10576951053332 -29.438122039079957 -0.052903 -0.112254 0.20970087 1.0
-341.9346290681786 -42.56566152725134 0.061591 0.224305 0.3566632 1.0
-293.69894712957586 -35.950647547241346 -0.167003 -0.057397 0.29410872 1.0
-316.05275754578867 -38.759581354897485 -0.088258 -0.01939 0.32768375 1.0
-203.61703253133786 -24.195860190044524 0.065037 -0.275753 0.1952411 1.0
-267.7604247115073 -29.600147717758727 -0.113312 -0.051935 0.21734391 1.0
-216.0940560030047 -24.05653454039485 0.194348 -0.061763 0.17120193 1.0
-235.84704880488476 -24.40654446158179 -0.103642 -0.00625 0.2188314 1.0
-214.92218075226168 -21.75026497164247 -0.150236 -0.146939 0.20350315 1.0
-295.82873745668996 -31.000520738318635 -0.173248 -0.079053 0.3136638 1.0
-189.87744020264648 -17.803700374184544 0.150131 0.004922 0.19347048 1.0
-269.55181765208647 -26.782925098356806 0.30936 0.007367 0.31393275 1.0
-296.5265653891163 -29.321532882334413 -0.161025 -0.083516 0.25105655 1.0
-355.2199362413711 -33.38384286752237 -0.171915 -0.026727 0.3281536 1.0
-330.7704456605646 -29.280063187155246 0.064497 -0.108668 0.34639153 1.0
-328.2757616235001 -28.799449128834098 -0.081189 0.063535 0.34236938 1.0
-278.37053815120225 -24.79332374654117 0.001353 0.045059 0.27387944 1.0
-223.80365767689443 -19.090160372831047 0.051452 0.179822 0.20654596 1.0
-254.7369762623484 -65.11445904881695 0.073133 -0.096464 0.2474276 1.0
-198.76850484618564 -51.008793194924486 0.154436 0.224599 0.18517342 1.0
-183.94732946391923 -47.44551098377368 0.017573 0.059245 0.17225152 1.0
-179.10012763786213 -47.45937892565299 -0.466704 0.263333 0.16807486 1.0
-192.09805431281512 -51.06914050884496 -0.138101 -0.016184 0.18513171 1.0
-242.55807929940806 -64.75406538961153 -0.344561 -0.215123 0.26025972 1.0
-245.41396705118348 -66.47874666072555 0.035773 0.316385 0.2697002 1.0
-218.18766954754946 -59.77637550418785 -0.159028 -0.009143 0.25052503 1.0
-214.2063236209242 -59.71200811227244 -0.385743 0.041735 0.2522945 1.0
-214.0855746306163 -60.920041819089214 -0.240045 -0.012065 0.2553403 1.0
-209.38007439249208 -60.20963551501653 0.009316 0.042575 0.25032702 1.0
-211.62880008159257 -60.39910564626828 0.040316 -0.860547 0.25349316 1.0
-208.99636706707875 -58.9213446777702 -0.099467 0.136337 0.25067446 1.0
-181.22771329459053 -50.71213055483412 -0.250852 -0.251301 0.20798543 1.0
-275.59998462654283 -64.33612998036902 0.10754 -0.081608 0.23963574 1.0
-230.37389044914556 -52.82536146398943 0.314119 0.427968 0.1912786 1.0
-303.3992332351233 -73.08674018826314 0.00109 0.157602 0.31204516 1.0
-174.1248877913547 -42.445700650269885 0.160754 0.063918 0.16018483 1.0
-308.54884681211956 -75.91791768237285 0.089306 -0.057709 0.3432478 1.0
-178.5221130871197 -44.17298052999621 0.398538 -0.790074 0.16763408 1.0
-278.4891893053167 -69.03420413621137 0.030046 -0.381724 0.31613207 1.0
-185.66982203081048 -45.631087541499355 -0.080263 -0.231099 0.18688431 1.0
-225.94009383956464 -57.001531984828645 -0.047963 -0.118762 0.25485802 1.0
-216.4083324020744 -55.240433911371134 0.31137 -0.103599 0.25358707 1.0
-163.1839234866841 -42.05668374969871 -0.134284 -0.487999 0.18050344 1.0
-192.2865138464806 -42.29266663343 0.171161 -0.269895 0.16692653 1.0
-331.2528164150741 -71.9543199408179 -0.179963 0.623053 0.34696028 1.0
-325.6303206618123 -71.19173270357616 0.229293 -0.288454 0.3484886 1.0
-254.19968122030332 -57.35125055351066 0.15552 -0.119756 0.261318 1.0
-306.65990911466344 -70.18752056378796 -0.15918 0.021761 0.34436312 1.0
-176.04363248053312 -40.08854231972202 0.017321 0.017323 0.16570562 1.0
-253.55801820755664 -58.66437334496104 0.23294 0.046544 0.27732533 1.0
-290.4523791927266 -67.13768536578613 0.052738 -0.187694 0.33889872 1.0
-182.33434642268378 -42.17285287125436 0.110596 0.600206 0.18699569 1.0
-283.39019394270684 -66.89184576139446 -0.028757 0.107799 0.34633788 1.0
-161.92949527742348 -39.02059502756761 -0.105225 -0.1498 0.1776028 1.0
-362.44438211421266 -73.44596315171913 0.025892 0.092792 0.34672713 1.0
-336.00317394786526 -67.35207615032581 0.069214 -0.164886 0.32188562 1.0
-348.51422126127807 -69.24089274213522 -0.001558 -0.163139 0.3479568 1.0
-339.0543046774022 -68.51659415848304 -0.122435 -0.235601 0.34491643 1.0
-330.3612329175787 -67.6326699883141 -0.388022 0.244961 0.33569968 1.0
-205.4707159175882 -41.82389828703685 0.019881 -0.041328 0.18157761 1.0
-215.3787450951737 -44.66510786730229 0.146261 0.060484 0.20049453 1.0
-321.1255899975233 -65.0756806171599 -0.292487 0.063454 0.35196054 1.0
-180.99782594452435 -37.14714667190816 0.193038 0.086429 0.16714999 1.0
-306.53198996745226 -62.903174988800394 -0.425889 -0.090959 0.34542045 1.0
-266.2795114210029 -56.413834904419964 0.463681 0.212027 0.2860727 1.0
-216.06000370397618 -45.451977227077066 0.57703 -0.279757 0.23484926 1.0
-205.4297628032945 -44.50434436845356 -0.244532 -0.093951 0.22892652 1.0
-353.7534159370623 -65.47125681017336 -0.171494 0.098062 0.3415902 1.0
-238.25271050786606 -43.73414240658092 0.241041 0.225447 0.20169201 1.0
-210.86348373598784 -38.522172195880685 0.005484 -0.00979 0.18167897 1.0
-327.59438491837983 -61.71497593035464 -0.020903 -0.022755 0.3286678 1.0
-314.66078898392544 -59.77603896612579 0.078412 0.168234 0.31157422 1.0
-344.40607420658915 -63.66065685336829 0.100766 -0.060852 0.358764 1.0
-322.72802709250794 -60.17463898154818 0.153505 -0.187067 0.32868895 1.0
-211.6030609880793 -40.60673777257393 -0.173218 0.08983 0.23196678 1.0
-267.73388079759746 -52.6352570735227 0.073266 0.299525 0.32448137 1.0
-267.69855265280046 -52.439794228584354 -0.141041 -0.071478 0.3246705 1.0
-259.45540270113463 -52.708619195591616 -0.032348 0.096299 0.33186096 1.0
-388.6591864790634 -66.73834568943222 0.002941 0.012784 0.35752952 1.0
-351.2095416896184 -60.436818586899136 0.022331 -0.059461 0.3089528 1.0
-221.64661538238013 -37.34382580632947 -0.445079 -0.369194 0.17005984 1.0
-358.09847113439116 -61.82872513566126 -0.267282 -0.580002 0.32346025 1.0
-325.0244649722472 -56.27342304024948 -0.346063 0.049801 0.32770813 1.0
-337.57039716319684 -56.75930485181117 -0.054624 -0.188826 0.35115558 1.0
-250.00734529427987 -44.020591899083705 0.071059 -0.148207 0.24875 1.0
-166.85660211252176 -29.657672225156354 0.566016 -0.333617 0.17457342 1.0
-232.51040737621244 -59.09211724010258 -0.265323 0.302592 0.23253986 1.0
-228.0808128326155 -58.59119825022646 -0.013853 0.266831 0.25165516 1.0
-216.8543791590183 -56.94471219703738 -0.033087 0.051066 0.24596687 1.0
-338.4437399269861 -76.42930475397539 0.229883 -0.107503 0.3189093 1.0
-360.6698849709794 -80.98502982222239 0.683516 0.123339 0.34934184 1.0
-224.3936878129707 -49.63215334750883 -0.016605 -0.02802 0.1889431 1.0
-319.1400937386876 -71.59571388061734 -0.104296 -0.054105 0.32531 1.0
-213.0178990951627 -49.117007874425504 0.550513 -0.159133 0.1915789 1.0
-243.6937512024041 -57.09300185959848 0.072562 0.226043 0.2327076 1.0
-328.21666657868496 -76.151797114608 0.200487 -0.375103 0.35980153 1.0
-289.75548067189214 -69.58549916425918 -0.166942 0.069777 0.33473915 1.0
-211.87468284141417 -51.00851694928542 -0.188194 0.049436 0.21964379 1.0
-212.60191975386272 -50.854442985382164 -0.1263 -0.194894 0.2196156 1.0
-178.82100016106264 -43.403313678626255 -0.27191 -0.097277 0.18102434 1.0
-281.0803564150815 -67.62122078301607 0.005598 0.039675 0.33616304 1.0
-162.7370318929248 -40.967789755208784 -0.088404 -0.044164 0.18609704 1.0
-362.02949789467164 -75.49450090919264 0.198943 -0.350716 0.34761333 1.0
-247.1666375797032 -51.782832671500046 -0.056296 0.216713 0.2282033 1.0
-323.2468522343164 -69.05794400207047 0.05418 0.617611 0.34418726 1.0
-332.5673539836627 -71.55872838800441 0.15366 -0.249818 0.3599198 1.0
-199.8402695018374 -42.3816351921698 0.012259 -0.360169 0.18255553 1.0
-178.29339005095355 -39.42108058649918 -0.053933 0.060567 0.16832438 1.0
-276.7637382994385 -59.91336993985338 -0.22297 -0.038316 0.3137697 1.0
-287.895997849695 -64.54433177616288 -6.1e-05 0.213662 0.33890942 1.0
-353.260716335555 -66.50770828685609 0.008453 -0.23102 0.31503254 1.0
-214.73166525991655 -41.76537860773059 -0.205181 -0.000708 0.18402168 1.0
-344.2830989456704 -66.90532821308462 0.296801 -0.048988 0.35694483 1.0
-313.3990646339964 -62.43878039802224 0.008827 -0.220602 0.33553094 1.0
-305.81294955464864 -60.766203277971265 0.136599 0.23509 0.32493094 1.0
-182.07105390232817 -36.301786677515445 0.304073 -0.607382 0.16719866 1.0
-182.00746874858638 -35.83956166747197 0.095056 0.141007 0.1684161 1.0
-224.48084783818967 -45.84132974571948 -0.297868 -0.249042 0.22622669 1.0
-209.8494230850875 -43.59923850485571 0.095808 0.34442 0.23112234 1.0
-164.06693692734123 -34.670654633241476 -0.079932 0.331506 0.18336746 1.0
-304.64649360718397 -54.67609611868753 0.18743 0.003548 0.25205284 1.0
-302.2043396495352 -52.81225356356138 -0.087005 -0.815118 0.25189975 1.0
-206.30864355969692 -36.981768626614205 -0.082088 0.158306 0.16129361 1.0
-237.63617705740015 -41.7557429214582 0.130249 -0.120822 0.2028756 1.0
-305.91807857215787 -54.27336319839935 0.5371 -0.122912 0.28544274 1.0
-326.01213170311894 -57.70998445585407 -0.041366 -0.048689 0.32793686 1.0
-296.0223077001223 -54.03128364095024 0.246524 -0.160539 0.28674397 1.0
-333.152131298941 -59.51024419333452 -0.264348 0.122948 0.3497183 1.0
-260.24110843859546 -46.08590169090195 -0.366815 -0.05617 0.26177976 1.0
-256.0652543537704 -45.812884321139336 0.068701 -0.022717 0.26193297 1.0
-179.31323734509513 -33.278046187766314 0.205378 0.088206 0.1689511 1.0
-307.4810845655355 -55.86553851146779 0.001663 0.041164 0.34692731 1.0
-282.0302275721015 -51.26478302855328 0.144033 -0.009631 0.30582264 1.0
-211.67311936428985 -39.26247086655221 0.220667 -0.110411 0.2210684 1.0
-287.10132045977394 -51.691904110181994 0.409764 -0.030483 0.33923063 1.0
-242.4606107410448 -44.085299333089274 -0.228726 0.297053 0.2773872 1.0
-247.43422429824506 -40.04831373693644 -0.03834 0.010991 0.19276011 1.0
-276.5669371554133 -45.68386460274762 0.083018 0.142237 0.23759827 1.0
-261.8096851003181 -42.21165513886766 -0.196432 -0.120344 0.2215122 1.0
-227.9620951416481 -36.36093166741683 -0.296571 0.017839 0.19933347 1.0
-304.2825251206667 -49.679872473647556 0.065956 0.152013 0.3239723 1.0
-309.7927862899062 -50.42410295354788 0.394308 0.085321 0.34190068 1.0
-310.723296924361 -50.07375637447679 0.090221 0.167421 0.3442051 1.0
-284.2872159248057 -47.81531108262013 0.467775 0.073989 0.30641434 1.0
-236.19177615334945 -39.21624119872037 -0.211978 0.135616 0.25521198 1.0
-260.96769225304007 -43.27288649132957 -0.043045 -0.328774 0.29075953 1.0
-266.2424102579186 -43.43867644100741 0.559552 -0.63081 0.3197681 1.0
-275.01449507548114 -46.91199309155143 0.100456 -0.014055 0.33704942 1.0
-242.40871410749423 -40.7584246360182 -0.098453 0.169339 0.28775093 1.0
-235.0615575465233 -81.08419942733698 -0.125735 0.163723 0.2910921 1.0
-205.19328236724638 -71.88207759689644 0.193335 0.141593 0.25242198 1.0
-201.8074591860136 -73.5235621231239 -0.372998 0.535617 0.25476256 1.0
-166.47043416747542 -61.13124500511309 0.245432 -0.123604 0.20233773 1.0
-283.0265415163727 -86.79106903973704 -0.139564 0.393719 0.34183243 1.0
-205.3347665858612 -64.96965390270994 0.160227 -0.259624 0.23362422 1.0
-237.4773602083671 -78.29948098187181 0.444793 -0.06163 0.29306996 1.0
-203.2867262280703 -67.85543844299862 0.219659 -0.072752 0.2513898 1.0
-256.65792475565894 -70.64185549190243 -0.15123 -0.295063 0.25928068 1.0
-259.2730048630094 -75.44449432258716 -0.231269 -0.34787 0.30398133 1.0
-244.09007187389116 -73.01909843052049 -0.088841 -0.00546 0.29207683 1.0
-166.58373924221752 -51.04663766490335 0.538772 -0.187942 0.18859005 1.0
-163.78110535035003 -50.27453924765752 0.346533 0.04202 0.18496886 1.0
-163.86027222252835 -50.162107770094174 -0.269198 0.189005 0.18513498 1.0
-257.88718124385883 -80.85975011265958 0.113692 0.154099 0.34453094 1.0
-162.64694621735578 -49.873081984875355 -0.626429 0.460392 0.18454704 1.0
-250.33824428059313 -77.95569929490529 0.223809 0.025829 0.34491572 1.0
-160.6346468507153 -52.99252042521638 0.446896 0.419179 0.19863464 1.0
-180.8167462446079 -47.76431327787278 -0.105804 0.265896 0.16576347 1.0
-205.64694517682554 -57.77430723874812 0.07964 0.054859 0.22543983 1.0
-167.27037911723843 -61.70085223040871 0.054302 -0.552404 0.20108646 1.0
-168.709674052364 -56.58027192113313 -0.18167 -0.008512 0.18695979 1.0
-262.1315296855235 -87.54500410629059 -0.082857 0.214249 0.33956906 1.0
-262.95480485683794 -88.85684649698315 0.282063 -0.225044 0.3495059 1.0
-261.55482577000646 -88.88430043895225 -0.017715 -0.064243 0.34924623 1.0
-234.59798181404014 -80.86129363287549 0.426611 0.163112 0.3005421 1.0
-168.70060162641698 -59.162605560416075 0.042132 -0.248261 0.20193993 1.0
-167.44021901642603 -61.13255945091383 -0.179943 -0.182292 0.21336368 1.0
-167.9681417226762 -61.48557095445872 0.139609 0.172013 0.21430774 1.0
-296.1497734193772 -85.11872014547261 0.032869 -0.07346 0.32940444 1.0
-192.75254772944118 -55.38281251884336 -0.283574 -0.567569 0.18524528 1.0
-199.91197461073352 -57.48303724393969 0.207465 -0.133596 0.19416453 1.0
-304.06103487614826 -89.04825784586232 0.115448 -0.146741 0.35673353 1.0
-239.83512293301285 -70.9108524907136 0.206976 -0.122624 0.255632 1.0
-195.34399089328798 -58.70758661742669 -0.337364 0.253412 0.20113167 1.0
-181.71143111952492 -57.847843571410024 -0.108774 0.160422 0.20386714 1.0
-187.77424998279116 -58.37597675649267 0.320489 0.004744 0.21240343 1.0
-163.30654125910507 -52.83535913219865 0.043099 -0.199551 0.18543723 1.0
-197.08955360586367 -66.57933168428843 0.810267 -0.349958 0.25336054 1.0
-198.20301988266152 -66.18037073981888 -0.26532 0.032687 0.25744912 1.0
-220.09858728883538 -74.88804638565503 0.27364 -0.073127 0.3027759 1.0
-238.2375588454545 -64.18775233885798 0.226608 0.02995 0.22914085 1.0
-297.9506184540067 -79.91491552608127 0.299348 0.232358 0.31966707 1.0
-183.92832264119053 -48.954584252500794 -0.124699 0.140743 0.17204307 1.0
-177.92592175952205 -47.56659150722213 -0.025121 0.159144 0.16584276 1.0
-178.28501306485487 -47.993286226173176 0.027167 -0.154048 0.16654001 1.0
-229.9051596647045 -64.20577646503315 0.295497 -0.201739 0.25081044 1.0
-222.3098036452636 -64.28814889253646 0.061935 0.34054 0.24748924 1.0
-225.93574838857853 -66.56856724000943 0.357882 -0.127645 0.27352625 1.0
-206.71031678271288 -62.60400010136373 -0.034869 -0.319859 0.25239208 1.0
-256.65250038754294 -75.98853741893974 0.076079 0.227107 0.3454298 1.0
-181.7830370265818 -49.27360979162447 -0.132788 0.138544 0.21459381 1.0
-249.64903004536998 -56.06881868225353 -0.06708 0.468562 0.32200044 1.0
