X Y e1 e2 Z WEIGHT_SEEING
987.2821578115522 76.21330486677797 0.008126 0.135703 0.33290955 1.0
837.5209862333844 90.61081570884028 0.12977 -0.32956 0.31513625 1.0
801.5249428508872 87.04545663457546 -0.141322 -0.153844 0.29561487 1.0
800.7109222787518 87.02464960797077 0.644661 -0.316853 0.2948143 1.0
871.3438000216526 93.33418927001007 0.431848 -0.141766 0.33364397 1.0
802.9353473488935 85.84109141094396 0.022087 -0.213516 0.29558703 1.0
801.475897635448 82.4147710086704 0.467145 0.441215 0.2934582 1.0
712.2939147972163 50.83435976337931 0.267876 -0.349629 0.24124856 1.0
869.2017088105581 86.23756259053425 -0.086886 0.250453 0.3324213 1.0
710.7988512886221 49.98206209614602 0.009188 -0.033801 0.24102736 1.0
663.9086185847373 61.17317193598965 -0.177976 -0.034104 0.23592837 1.0
875.7226395876936 81.03445256866108 -0.166951 0.138768 0.34764123 1.0
558.5265375622903 49.66561091007798 0.854762 0.252974 0.18856739 1.0
864.2898729386982 69.92493381412388 -0.082204 -0.106995 0.33839795 1.0
624.4220160361629 49.119407004137585 0.195221 0.023574 0.21445112 1.0
831.3533861809555 65.37269526919754 -0.154076 0.001675 0.31740636 1.0
898.8047898736686 68.52269021536749 -0.187173 0.577808 0.35709688 1.0
809.8934169319432 61.60147474219547 -0.120842 0.122473 0.3063595 1.0
808.8530193697483 62.02520712757012 0.070115 -0.021635 0.30450812 1.0
892.3937393189387 65.6506863717301 0.752432 0.232868 0.35200655 1.0
748.3017506566841 52.89885337111643 0.380058 0.009507 0.2724418 1.0
854.5520992987339 59.1673092797452 -0.34661 -0.198536 0.32881603 1.0
859.5610120374362 57.9348045135721 0.037826 -0.503068 0.33185744 1.0
740.7019132925634 72.52805993299933 0.092129 0.124598 0.2701656 1.0
716.700400646259 65.91563062945222 0.090055 -0.031001 0.2576098 1.0
636.3494846884699 54.35025048669988 0.035441 0.762245 0.21818072 1.0
754.6869809536639 77.89942469002577 0.070743 -0.117966 0.27522704 1.0
826.352783783839 81.15998541891454 -0.157806 -0.107605 0.3112262 1.0
755.6948761116602 73.3560852447033 0.020546 -0.134903 0.2737597 1.0
894.3047178931481 61.99932528411563 0.201952 -0.235392 0.33931717 1.0
639.6739275142317 43.1885960609877 -0.077758 0.446762 0.21258356 1.0
641.0282699073443 43.11294626810197 -0.361666 -0.145966 0.21320388 1.0
927.3068399580474 61.52231535287928 -0.017532 0.013179 0.35758954 1.0
848.9767705809937 82.04368933212074 -0.116092 -0.048609 0.33050746 1.0
746.9270273575969 68.6635095135738 -0.019851 0.29811 0.27490154 1.0
891.4608993848545 73.83984704985978 0.474575 0.114242 0.3527029 1.0
742.9531078429077 75.76541683243 -0.223647 -0.090627 0.26952887 1.0
654.3170746203336 44.90587151059225 0.706418 0.28453 0.22059576 1.0
755.0028673116309 49.74162674272261 0.0308 0.060246 0.266707 1.0
852.2339364961433 60.75370040707495 -0.021829 0.037069 0.32337287 1.0
851.6997570341377 60.048176820000165 -0.318966 0.701284 0.32393402 1.0
630.0154004117702 51.34564097395986 -0.129737 0.26991 0.21565107 1.0
804.201369029464 84.47568226926089 -0.062038 -0.910495 0.29586032 1.0
809.5937377900899 85.6351877950806 0.271805 0.20149 0.2989676 1.0
867.4887708988579 93.00734810564273 -0.170338 0.462146 0.33437464 1.0
868.1094569645512 59.94068816393316 0.162632 -0.398525 0.33107316 1.0
643.7509630810043 45.20518387939207 0.482038 -0.28696 0.21199547 1.0
523.6063504669551 36.4346438727597 -0.31664 -0.091085 0.16335526 1.0
643.2165334019572 43.50121115098091 -0.044156 0.136225 0.21153902 1.0
664.2720681257423 61.55197328864898 0.284132 0.029598 0.2362346 1.0
500.68730816177833 41.83975122550014 0.145213 -0.095148 0.1630953 1.0
886.0881008389136 72.88807632816192 -0.056531 -0.088954 0.35197714 1.0
862.1229905344758 81.683998333373 0.42188 0.076475 0.3362336 1.0
755.3990135137152 72.88240856983192 0.052348 0.068622 0.273799 1.0
632.0490508720792 43.07661439264798 0.044246 0.062629 0.20957562 1.0
636.9912351887497 43.15861587533613 -0.49701 0.115552 0.21179183 1.0
634.3454694849361 42.77584333700723 0.324892 -0.27989 0.21033235 1.0
762.2870153893459 68.57270657764236 0.197586 -0.119358 0.28158268 1.0
508.55236652419063 45.55205121344194 -0.054327 0.035467 0.1663457 1.0
780.5282897952785 52.56669784348703 0.007331 -0.19518 0.2808164 1.0
864.7242868847214 61.6452009717118 0.384739 -0.124285 0.33151436 1.0
844.6129271046368 83.24522395039311 -0.094413 -0.032563 0.31713143 1.0
510.2228315010199 45.80845605148194 0.099614 -0.074282 0.16666897 1.0
606.8691099875663 58.318597661304494 -0.061644 0.22322 0.2048633 1.0
520.0179733003644 36.840008748150694 0.071248 -0.0072 0.16100183 1.0
758.9183933345197 57.5213446733293 0.220476 -0.186834 0.26110435 1.0
863.3366651321686 65.55411993707939 -0.063476 -0.280223 0.31286994 1.0
919.9011678426216 87.25646148793 0.003557 0.67656 0.35800347 1.0
858.8208842273544 66.42918518192985 -0.048613 0.070352 0.31288946 1.0
880.9522220990752 75.05240677309313 -0.022927 -0.072636 0.34103337 1.0
644.7174773796443 47.341964311298895 -0.044941 0.202662 0.21223512 1.0
760.5369079188973 56.9898142528038 -0.367469 0.280104 0.26099 1.0
896.845378403855 69.70729959342805 -0.679196 -0.037703 0.35027114 1.0
519.5266948696471 45.06367024584213 -0.33903 -0.067886 0.1671766 1.0
902.6148315345143 77.54785524352044 -0.013196 -0.04286 0.35049382 1.0
901.1197904849193 72.47618868975943 -0.510394 0.062221 0.34760168 1.0
896.2860661691647 72.60519707274005 0.184734 -0.171122 0.3454859 1.0
788.277160779067 56.33802669097681 0.199821 -0.044403 0.28319123 1.0
874.7910989123922 60.68067846416454 0.281061 0.114558 0.32864565 1.0
908.6201583245538 77.06800885944878 0.234481 -0.168023 0.35595095 1.0
861.623487652412 85.3070931714317 0.030242 0.031251 0.32119447 1.0
995.4442705550192 75.97712798086896 -0.538809 -0.136437 0.339364 1.0
814.8071579089988 60.14674217861282 0.359444 -0.003675 0.25577286 1.0
727.1782786961895 82.9865843583633 -0.501801 0.351017 0.2560428 1.0
806.609619684792 92.3727495479572 0.140106 0.060427 0.29573622 1.0
719.2405118804079 76.0381378157432 -0.241661 0.010937 0.24868926 1.0
616.7641202941032 64.94652432534706 0.835221 0.349967 0.20374207 1.0
895.9665568616457 98.34952314875973 -0.054422 0.118461 0.3405685 1.0
792.8809347854943 56.79240384145739 -0.087049 -0.035742 0.28208742 1.0
809.0840490327448 92.62401147746462 0.098306 -0.07487 0.297485 1.0
721.0133799037169 82.65236472363985 0.202492 0.052733 0.2517834 1.0
766.9382498130923 85.169614083377 -0.006244 0.516135 0.27322572 1.0
884.5282157506913 95.42998987034967 -0.133074 -0.253706 0.33607405 1.0
755.3005312779337 53.68655741578892 0.18056 0.017202 0.25979218 1.0
905.8257129009885 61.570018809587545 -0.250003 -0.309297 0.338088 1.0
873.5999608382881 95.42458181215018 -0.046047 -0.246972 0.33356783 1.0
916.0264816981934 90.29334490684722 -0.23253 -0.134213 0.35423017 1.0
859.0921873792713 82.99294033902821 0.118275 0.261621 0.32174346 1.0
934.4173786463841 67.96692901529848 -0.411869 0.137493 0.35741654 1.0
654.2491728822301 48.36443734797836 -0.051179 0.007736 0.21326198 1.0
635.1940654923936 54.101925488976036 -0.114822 0.02069 0.2176348 1.0
716.6682511283914 57.486800731687616 0.001711 -0.056715 0.25340986 1.0
868.300586316424 67.92460251812419 0.464148 0.601957 0.33431062 1.0
884.5524199408962 74.1086741989256 0.172253 -0.317579 0.34013936 1.0
917.951294839177 72.04476464071459 -0.211519 0.03551 0.35804605 1.0
753.4401823946299 55.88008147921477 -0.123731 0.017066 0.26686448 1.0
787.0239075516886 55.68935686394817 -0.240256 -0.818494 0.2808803 1.0
916.2198945885417 82.66760734956891 0.080188 -0.213112 0.3574304 1.0
857.3017746017562 84.2523587725927 0.462075 -0.191292 0.3197873 1.0
845.5636091374749 81.98015459520708 -0.573949 0.443129 0.31734008 1.0
857.1534123546442 91.09887820765927 0.362718 0.205418 0.32046023 1.0
877.0585790709516 94.750829526467 -0.01906 0.020933 0.33523872 1.0
726.8635388330162 83.52528647284143 -0.462592 0.303673 0.25423655 1.0
549.8479207959953 63.06895587850901 -0.062356 -0.238083 0.17769614 1.0
805.8311370230055 83.43324505058642 0.009381 0.432318 0.2914705 1.0
637.2529918120857 47.718038517743295 -0.011457 0.103207 0.20774835 1.0
526.3361281134486 36.117257626590636 -0.501735 0.018265 0.1635085 1.0
629.6202169552463 49.525693447097986 -0.335255 0.28517 0.21260938 1.0
886.8645304482527 82.64767767859742 0.141804 0.159709 0.34096676 1.0
846.4797231330489 93.71009153874432 0.092782 0.182471 0.31915128 1.0
804.3223102047815 89.33084148298872 0.402687 -0.497574 0.29545248 1.0
873.0669626158872 94.49802006944978 0.190651 -0.039954 0.33346805 1.0
730.5216943593138 56.417890603396366 0.017044 0.044513 0.25194547 1.0
519.6112614882476 37.68929320067157 -0.429199 0.153163 0.16229655 1.0
531.8553747791051 37.21168541424785 -0.095321 0.278493 0.16630909 1.0
868.4724118604917 61.96948699240188 0.238469 -0.078845 0.3153389 1.0
848.7468799015558 58.03848991163394 0.066368 0.05461 0.30203715 1.0
883.6223995919488 65.7271449190603 -0.03139 -0.101954 0.2848497 1.0
896.646628348544 70.89240760573355 -0.102865 0.006432 0.35160416 1.0
583.6676156219779 42.73783105594658 -0.021573 0.11019 0.19382335 1.0
517.9315250129686 44.91285672980388 -0.002352 -0.007729 0.16653846 1.0
517.2956014050778 41.620575345916436 -0.053015 0.386219 0.16548073 1.0
515.5617979042247 37.198423981641064 0.418867 -0.057955 0.16295359 1.0
514.9936879936861 37.20469341137091 -0.073018 -0.050127 0.163162 1.0
512.0351245354545 36.82447773705795 -0.392794 0.03404 0.1617377 1.0
895.9919635224674 64.83518578406084 0.205577 0.124395 0.3407974 1.0
563.2560616883999 41.35438363012194 0.004469 -0.028634 0.18082535 1.0
848.4162700171241 62.60295714013084 0.08323 0.297542 0.31298256 1.0
895.9644980317482 67.30269600165454 0.108883 0.139663 0.33886814 1.0
897.9243948261363 68.34996336805189 -0.113396 0.032216 0.3393749 1.0
913.192165583685 75.4344799790749 0.248364 -0.127952 0.3583558 1.0
849.733457533724 75.24573001481026 -0.042777 -0.013475 0.3232058 1.0
822.5261229963229 79.19697122044238 -0.309475 -0.488231 0.3051295 1.0
716.4665010593989 74.52726934512336 0.188869 0.156684 0.24920353 1.0
1073.1418130907662 134.04357919087286 -0.023832 0.185165 0.3389585 1.0
967.2416612315254 115.09091905547508 0.189295 0.02621 0.2911916 1.0
960.380551483805 112.86130848460567 -0.396894 -0.025734 0.28914794 1.0
795.4337002868276 93.58523724435452 0.267872 -0.272611 0.22332498 1.0
1081.5997876522133 133.2232226397666 -0.439287 0.319174 0.3524596 1.0
1021.8568236935904 111.58670242845449 0.447289 0.100593 0.3259121 1.0
1016.9619975957258 109.31856322776214 0.417004 -0.007682 0.32359317 1.0
1081.5712976685263 141.4932275781603 -0.071364 0.036073 0.3480207 1.0
1002.7963791620051 130.52091939903383 0.206803 -0.135988 0.31144574 1.0
1024.204820935967 126.24359031589984 -0.335618 0.305714 0.3204172 1.0
1092.4363083441078 134.4225357920832 0.024519 -0.097131 0.35253546 1.0
1024.1087663221654 122.08389150355463 -0.151749 -0.248561 0.32106832 1.0
1028.4283932556616 122.96929542305017 -0.094389 -0.008236 0.3219152 1.0
1025.515341410432 121.95985877511421 -0.043333 -0.307292 0.32063383 1.0
991.3672944767478 112.297379652261 -0.167442 -0.384521 0.30661893 1.0
1028.8127939212318 129.38311170401823 -0.05206 0.158506 0.3189585 1.0
1027.2601087603996 138.8905485334284 -0.049242 0.112353 0.35737738 1.0
991.7651920811367 131.49971048364398 0.206944 0.068713 0.3377832 1.0
1012.6433617038194 126.36830547316498 0.153677 0.228564 0.34824103 1.0
950.0058403442504 115.77532460866944 -0.469803 -0.315541 0.316833 1.0
1016.0416004812729 122.9347760078231 -0.291258 0.17619 0.3497401 1.0
1021.082760619669 123.00855694435543 0.026213 0.648109 0.35234725 1.0
746.0193191409774 83.71211042478126 0.089219 -0.004222 0.22623928 1.0
1031.4255322898107 128.13010792264456 0.295472 0.339035 0.35288134 1.0
691.6491881301948 73.19708645157804 -0.215537 -0.014079 0.20229377 1.0
995.0878738808359 120.90397549992394 -0.045855 -0.105968 0.32907075 1.0
751.8183000111302 89.95974389647766 0.067302 0.351074 0.22282264 1.0
1037.8046512996634 121.14679011100698 -0.046238 -0.019834 0.35131207 1.0
589.7948221386317 67.9955393135933 0.319591 0.024829 0.16413842 1.0
743.7273042908121 84.86645562336459 -0.025194 0.143228 0.21959648 1.0
938.5138840166647 105.32993642540976 0.056851 0.023113 0.30172524 1.0
971.0459530920274 105.66756595897193 -0.038045 0.262931 0.3177361 1.0
930.8231397512069 95.1787185986754 0.123632 0.437352 0.29827923 1.0
837.8875447602311 80.55807564434183 -0.115316 -0.00873 0.25737804 1.0
838.595053066295 80.26814033494779 0.359234 -0.093967 0.25741142 1.0
1031.551356206692 97.27052043582854 -0.483533 0.213097 0.34645 1.0
961.2366555805905 86.88382676236925 -0.040088 0.012992 0.3130583 1.0
965.4594249046784 116.09496371750228 -0.449592 -0.037312 0.31097588 1.0
983.4876241272192 116.38198911830972 0.210163 0.3999 0.31810352 1.0
967.5593808071255 112.83729849947457 0.020951 0.118856 0.31045702 1.0
1052.9327918578665 122.4035659248473 0.031867 -0.014482 0.35247257 1.0
975.0261943214082 111.620677778667 0.111643 0.048829 0.31449136 1.0
947.3370665596312 100.6252893073407 -0.470232 -0.470237 0.30202127 1.0
954.4388743303206 98.18474462785966 0.205022 -0.386991 0.30599806 1.0
981.7046443964985 100.17278673926015 -0.353153 -0.194929 0.31808612 1.0
972.4659237174692 91.06649409912131 0.260576 -0.159186 0.31385508 1.0
769.5786448243332 94.27215023298074 0.219572 0.467776 0.22479609 1.0
1062.5783178041554 123.75551416861187 0.637934 -0.016509 0.3535959 1.0
908.5819487776147 98.22664741969226 0.186313 0.059155 0.28135437 1.0
1015.54192301373 136.80324121833314 -0.201006 -0.407318 0.35559577 1.0
703.0562013979469 93.3062167025264 -0.273293 0.642815 0.21239494 1.0
947.0996377872905 118.06707595190701 -0.293528 0.078098 0.31913248 1.0
830.3039104377764 96.06347415260014 -0.352867 -0.178663 0.2637896 1.0
1003.2016200069714 114.50784637005997 0.136183 -0.147889 0.34725285 1.0
990.9061007853956 94.07821475243763 -0.313802 -0.646276 0.33823323 1.0
1013.885944816979 92.47916626927413 -0.284709 0.389063 0.35049644 1.0
766.460849244934 68.2091007159288 0.095043 0.005639 0.23653169 1.0
826.5199357783873 64.29955843884674 -0.113272 0.218433 0.26110876 1.0
865.4598318122189 118.20537209465424 0.088322 -0.253102 0.27629384 1.0
995.2359825110058 134.98303700299226 -0.313359 0.311736 0.33920562 1.0
954.6482992216121 120.8933707645361 -0.112788 0.228157 0.31723607 1.0
1002.2878233622713 127.22719768001024 -0.202907 -0.24441 0.3408891 1.0
1027.4748747513395 129.21441887941748 0.442957 -0.170301 0.35320368 1.0
1024.754276443172 125.6743788154619 -0.587902 -0.228556 0.35177028 1.0
957.1428903145022 117.01776772061366 -0.070081 0.01661 0.31762624 1.0
1023.5557360199643 122.13291162732959 0.183677 0.006797 0.35128903 1.0
962.1432136014479 110.71038857905323 0.010621 -0.291148 0.31999448 1.0
1012.6609868128996 115.05025502172295 0.166505 -0.144962 0.34609893 1.0
740.7086837335762 83.47874847511615 0.117539 -0.02525 0.22374016 1.0
963.8800386368814 107.53356615334887 -0.001203 -0.046169 0.32137883 1.0
745.0580179324912 82.74553264884912 0.034044 -0.109029 0.22427082 1.0
929.1874018235385 103.54236825903727 0.114561 0.166894 0.30393514 1.0
741.3447471287891 82.67633607459989 -0.085024 0.022075 0.22274111 1.0
814.496861915493 89.74358970429888 0.762524 -0.309835 0.2525984 1.0
954.0176450165321 102.4697192636223 -0.31516 -0.538428 0.31694755 1.0
814.3838034985814 84.04978717235576 -0.042228 0.113181 0.25363997 1.0
608.8162785633824 62.50015553416232 0.065672 -0.053357 0.17336619 1.0
1000.6443362851606 100.85089124741327 -0.150186 0.947091 0.3388268 1.0
1002.6779237959106 84.58918576479174 -0.116424 0.600673 0.340345 1.0
939.3850255479952 79.65827675065539 -0.273487 0.255571 0.3080112 1.0
954.4853094825557 77.98027653171778 -0.042594 0.040165 0.31646854 1.0
933.5399664224506 77.34118111188168 0.425065 0.632528 0.3058615 1.0
633.172433518701 73.92597337683344 0.510072 -0.508212 0.18084556 1.0
576.3755299386332 65.89124130143655 -0.175173 -0.179615 0.16113526 1.0
592.521763847204 67.73923782795832 -0.052644 -0.689081 0.16638878 1.0
947.2808536674443 105.48526168340531 -0.129591 0.131723 0.3084188 1.0
1030.9243055158613 113.67778555891296 -0.110986 0.02792 0.34936345 1.0
1028.1109007231094 110.16061635380548 -0.174943 -0.278721 0.3489655 1.0
664.046150212346 69.14981710995136 -0.142578 0.072399 0.1910862 1.0
969.5341369554344 95.36439205951226 -0.348288 0.500284 0.31864452 1.0
940.9938604701063 84.78007101765576 0.434301 0.427775 0.30448812 1.0
702.2008364245756 60.07975471367161 0.609346 -0.163034 0.20506516 1.0
1042.1951613924896 125.10926031754111 -0.132977 -0.087191 0.35047475 1.0
1038.051133808961 120.92491607029139 0.547207 0.172524 0.34973907 1.0
978.1491730358943 109.622083171067 0.287978 -0.445332 0.31802326 1.0
976.8764311886349 101.6761837276768 0.170044 -0.056018 0.31825373 1.0
665.0947349556944 66.03657316473478 -0.012076 -0.085615 0.18916589 1.0
982.3507355868 93.626649601166 0.071827 -0.204239 0.32091 1.0
854.2241612672283 80.30019770304489 0.25886 0.129445 0.26199487 1.0
854.11390283819 80.47548583318958 -0.139368 -0.199738 0.26234013 1.0
1030.806999283454 91.74377968850952 0.120354 -0.19929 0.34521234 1.0
977.2851814178281 118.46153292736093 0.143156 -0.244767 0.31428254 1.0
975.1325052509814 116.64054423993191 -0.044423 -0.02626 0.3127492 1.0
975.5050951799902 114.40969580838232 0.302025 -0.371771 0.31255046 1.0
1053.767825640711 124.79994707717708 0.173531 0.051319 0.34972426 1.0
1066.8474457835798 119.99408432189448 0.040757 -0.092944 0.35837498 1.0
974.3757499998167 92.49990937125256 -0.100618 -0.256206 0.3124604 1.0
662.1041810004209 79.96497963557793 -0.09038 -0.122644 0.1837457 1.0
1062.40795693395 127.6220959732484 0.023349 0.556875 0.35003808 1.0
1051.5435897812345 124.32267800299812 -0.37582 0.205443 0.34454435 1.0
936.1215986753283 108.01674680907544 -0.030125 -0.060108 0.28973675 1.0
618.6305337676373 70.69233491548798 -0.213541 -0.139736 0.16881235 1.0
870.496070735885 97.48942815136657 -0.071225 -0.065179 0.26269636 1.0
613.0157142692468 65.49315541781665 0.537242 0.47382 0.16745974 1.0
902.5109200551316 95.68435707803542 -0.642808 0.323403 0.27593225 1.0
982.870195083722 114.65160394797482 0.001082 -0.003454 0.31292334 1.0
928.0909731175004 105.99650894550072 -0.140829 0.083731 0.28776798 1.0
930.4594952968213 106.26627756225781 -0.287169 0.083522 0.2887676 1.0
983.7901923048847 104.90445875155052 0.142763 -0.188116 0.31380638 1.0
850.6143957038911 88.9499282649537 -0.155018 0.369285 0.2564826 1.0
761.9334070372262 79.92013354355106 -0.6629 0.130341 0.22071192 1.0
1061.4877312667315 106.9123444738845 0.209283 -0.020102 0.3520571 1.0
952.925765494334 92.2931064531149 -0.132463 -0.589907 0.30127746 1.0
782.1180020558893 96.41702575086757 -0.016301 -0.192398 0.22546066 1.0
1016.0493493453873 123.4190454574352 0.204895 0.232776 0.32313058 1.0
934.4960061028387 110.69667285643138 0.200212 0.07585 0.287118 1.0
665.2200909203746 77.96606189221825 -0.064304 -0.066918 0.18389428 1.0
780.5437504379474 91.21690098759439 0.028325 -0.113374 0.22532928 1.0
1055.3509434937575 121.59641251620052 0.131792 0.05253 0.34267402 1.0
990.0991411750081 102.13008420657765 -0.875196 -0.078924 0.31247368 1.0
1068.3453300204533 109.70767791257248 0.086815 -0.117996 0.35143286 1.0
1082.3031811504272 140.99943879909372 0.151545 0.397369 0.35006684 1.0
1082.1348364753533 140.1284012177383 -0.011539 -0.106592 0.3504324 1.0
1026.9958331636367 126.35760216702646 0.231463 0.235986 0.32358417 1.0
1017.7006352106005 126.07095982158737 0.09663 0.098151 0.31960052 1.0
908.3450707950919 105.00348314892022 -0.030749 -0.197139 0.2728468 1.0
1032.4657895522114 120.16895408469652 -0.542122 -0.0565 0.3264137 1.0
812.1840607385566 101.50592481179446 0.484142 -0.39606 0.23107472 1.0
648.873053875749 80.98476264208982 0.021164 -0.075172 0.17342204 1.0
788.4586212272284 98.18738015011348 0.04768 0.168322 0.22247462 1.0
956.3768178712196 119.56702653729697 -0.155828 0.114052 0.28903472 1.0
1101.5118599176774 131.37313256870866 -0.171217 -0.162925 0.35588515 1.0
1026.2174704943614 117.19211905075085 0.346638 0.522833 0.32120427 1.0
1064.736384400688 125.89331588978845 0.09468 -0.368506 0.33287102 1.0
856.418623330526 82.70164226502422 -0.067275 -0.003113 0.31679028 1.0
751.8518719841676 67.49231138753049 -0.126747 -0.241144 0.26193735 1.0
899.6191929466901 76.49376701724418 0.175051 0.73368 0.33842492 1.0
858.2524486917489 77.67582646499582 -0.564201 -0.658993 0.3116187 1.0
901.2441521556426 83.4700559093935 0.033818 -0.373491 0.34408095 1.0
846.3638825244816 73.79102437381212 0.004375 0.070149 0.312398 1.0
905.1326430503092 76.44273740417641 -0.081859 0.024529 0.34443355 1.0
855.4930069478388 75.78017775843477 -0.125497 0.117774 0.31086415 1.0
913.8953512261819 74.79601889825857 -0.128559 0.049163 0.34240428 1.0
861.9585615064917 67.15257669260679 0.073207 -0.231961 0.31216475 1.0
775.5711480200052 74.23493400484593 0.665435 0.298382 0.26881796 1.0
908.4030559559986 112.06319472848071 -0.116073 0.252925 0.3454621 1.0
904.60637623753 111.68537275195882 -0.344126 -0.06557 0.34277764 1.0
912.4401712182151 112.77339281044549 0.869532 -0.19031 0.34697926 1.0
898.577058339555 110.1762445128774 -0.015549 -0.006086 0.3387947 1.0
910.0236744235538 109.99523508783871 -0.079424 -0.337423 0.34425256 1.0
850.160666971123 98.83267825060808 -0.82626 -0.252332 0.31079 1.0
814.9610564606174 91.14689840757538 -0.070304 0.180724 0.29127502 1.0
934.468060696173 94.75470268065658 -0.001857 -0.02478 0.35502762 1.0
864.3465754612878 86.92070343481744 -0.044642 0.088523 0.31546316 1.0
803.0545408047414 79.87882104867451 0.165307 -0.037623 0.28431645 1.0
844.0853846514042 78.1330368926395 0.453412 0.175541 0.30304363 1.0
819.9794497620427 75.29258651325094 -0.25322 0.047901 0.2902288 1.0
631.9299588100481 57.048957715393904 -0.044645 -0.018735 0.2040435 1.0
916.7430118125561 77.21774472948462 -0.196782 0.291067 0.34197184 1.0
869.3973994048109 69.93516585087654 -0.089982 0.054436 0.31377885 1.0
659.3229607604451 48.07259309797357 0.759724 0.039836 0.21375357 1.0
922.7368861507529 118.58977472265529 0.321921 0.295712 0.35043508 1.0
795.8259634215158 102.06725922233905 0.065607 0.173877 0.28025353 1.0
855.2181803315957 107.20729946384557 -0.060693 -0.191573 0.31035575 1.0
738.6558711884934 89.3457174142201 0.178434 -0.209086 0.2521932 1.0
868.4649543968429 91.08074868151046 0.421844 0.03636 0.3144797 1.0
902.748896314563 95.28148175669793 -0.502177 -0.178544 0.33119762 1.0
822.7694856537705 84.7281679886072 0.235748 0.062675 0.29061437 1.0
815.5102473538262 84.03820621281822 0.417543 -0.129839 0.2849077 1.0
758.2980234988028 77.53965353255035 0.112653 0.050566 0.25763014 1.0
615.1052825534858 59.768603373572816 0.053414 0.085379 0.19626549 1.0
751.855185987924 73.68101794795045 -0.102903 -0.304438 0.25467762 1.0
835.4397460290658 78.97912899230016 -0.408209 0.570038 0.29538372 1.0
878.0047273565234 83.88802015050972 0.453434 -0.323025 0.3154997 1.0
605.6303153178485 56.623632565528006 0.121895 -0.297282 0.19175822 1.0
725.7590498239832 64.4688589627611 0.30261 -0.789337 0.24217092 1.0
719.2433114596447 58.26102956328837 -0.617112 -0.00625 0.23825096 1.0
872.7661310729726 68.20113354857718 0.010511 -0.287349 0.3115991 1.0
730.9532629769143 53.76370974357774 0.100879 -0.239311 0.24216697 1.0
767.2851746319407 53.98332268235184 0.101313 -0.096371 0.2582357 1.0
648.4559510849006 89.7861295294238 -0.146137 -0.388301 0.2110299 1.0
813.0670607459128 112.23779693550709 0.044526 -0.39459 0.28681347 1.0
902.103011445057 122.98218060962215 0.109734 0.020609 0.3336216 1.0
815.1286075693915 108.96375762915649 -0.121745 -0.17605 0.28749356 1.0
936.4177679528949 119.04887538287895 -0.270408 0.325742 0.35023445 1.0
821.9570660539406 102.26112432918164 0.086151 -0.095477 0.28781304 1.0
908.5286755044369 108.63078208977629 -0.262543 -0.076678 0.33403102 1.0
749.2295448749537 90.69872692470597 -0.088963 -0.216513 0.2535232 1.0
634.3429480884515 71.29332079412748 0.100639 -0.329076 0.20191607 1.0
884.5035838597147 98.9405678625181 -0.132356 0.451914 0.31780222 1.0
877.3008726196026 95.55556437064517 0.120574 -0.026243 0.31495652 1.0
958.5616956557898 104.80687126041495 0.112655 -0.278728 0.35926756 1.0
732.1658256302156 77.82586267730177 0.053262 0.143022 0.24332173 1.0
758.334645052533 78.8454809814443 0.409026 0.641741 0.25404587 1.0
926.6175962649248 97.19656341380258 0.084201 -0.196911 0.33826077 1.0
906.9999218796843 90.39806336955255 0.175986 -0.150789 0.32885456 1.0
869.2751543656847 82.02535164447548 -0.16084 -0.050424 0.30624288 1.0
896.210188063236 84.5682902128166 -0.049136 -0.367889 0.31987855 1.0
663.3782764632225 61.56307448380897 -0.347596 0.01829 0.21153536 1.0
555.5746475063492 50.09745247477178 0.109251 -0.202694 0.16960482 1.0
886.3947607590833 78.14334095295973 0.344058 0.182369 0.31543785 1.0
723.7183893000662 60.79618519952396 0.241101 -0.082472 0.23748505 1.0
879.2122230806644 71.00177228806778 -0.170619 1.8e-05 0.30876902 1.0
930.2192507953135 133.28810906816136 0.374634 -0.248141 0.34388965 1.0
909.6939740640619 124.43463819123025 -0.368589 0.272181 0.33259478 1.0
651.734163067143 85.14508313394873 0.020437 -0.118801 0.20898427 1.0
826.3296343674496 106.93936778578123 0.166915 -0.022418 0.28766233 1.0
946.1648081808522 120.51388348882341 0.049795 0.110515 0.35088474 1.0
825.5710865844649 101.89730253314153 0.398526 0.452152 0.28444937 1.0
938.267938049756 108.67671341237705 0.150064 -0.154859 0.34255645 1.0
869.0378104699917 96.92797770321725 0.104183 -0.017566 0.30412287 1.0
941.7636637297089 95.81809440322398 0.780969 -0.213447 0.34185737 1.0
939.0083958950478 94.9782527073083 0.043308 0.368704 0.3410826 1.0
937.988985956272 94.93197809063776 0.098941 0.081685 0.33917946 1.0
948.2454805120801 94.9345462549057 -0.021913 0.027689 0.3440068 1.0
773.8575463361308 74.46389150111771 0.17879 -0.238241 0.25714773 1.0
773.2550034687856 70.42968994406257 0.241797 -0.114576 0.2557832 1.0
725.8962966691896 64.3904708540336 -0.288118 0.386542 0.23416407 1.0
886.319485079164 73.59645309411147 0.433406 0.778627 0.30803624 1.0
960.1778738920008 73.03873397407388 -0.181144 0.079484 0.34663638 1.0
905.7183286160556 135.43950660439594 0.024899 -0.095194 0.32566416 1.0
940.1125751786407 137.42265629775343 -0.892448 -0.253375 0.3455181 1.0
591.1148125779874 83.69457896976114 0.073391 0.078325 0.18243961 1.0
664.6196605367651 93.37348808297622 -0.773913 0.462422 0.2126242 1.0
825.3222321439318 115.93216486057817 0.076871 -0.639929 0.28378275 1.0
596.076204352063 76.40644879087424 -0.008822 -0.01149 0.18331453 1.0
769.1912407893637 90.73076647294458 0.093616 -0.076109 0.25435346 1.0
942.2776395903156 110.55938863103052 -0.31601 0.001993 0.33791146 1.0
956.7430450690317 111.49239639196875 -0.097587 -0.326629 0.34730124 1.0
945.3290984348229 105.87483347381249 -0.011794 0.096335 0.33954433 1.0
705.835406755794 74.21056260909461 0.14367 -0.027144 0.225427 1.0
955.222378986869 99.41588774030983 0.582346 -0.140856 0.34383142 1.0
670.5495107722476 68.79823895098902 -0.634804 0.284269 0.21081154 1.0
953.1028246694974 97.16414893942616 -0.054256 0.071267 0.3415817 1.0
656.8417429957217 63.99260643259167 0.026567 0.083011 0.2038488 1.0
911.3613160350324 85.80920246584131 -0.119179 -0.039996 0.31868395 1.0
626.6638840244876 57.38964124820017 -0.037633 0.374282 0.19133049 1.0
792.1024015085327 68.52387643368506 -0.301985 -0.02323 0.26052308 1.0
663.2451203047435 54.05366546671884 -0.927653 -0.11857 0.20603344 1.0
796.2990555742247 65.50837392779783 -0.134325 -0.060342 0.26116544 1.0
964.8379036868549 75.35104834285303 -0.090165 -0.137861 0.34518138 1.0
967.2690287883468 74.63648029013999 0.08094 -0.490859 0.34561142 1.0
845.732069498161 64.38765968664218 -0.244807 -0.19185 0.28446254 1.0
817.4680789797305 91.37529736241791 -0.093285 0.179772 0.27084422 1.0
926.4240604018221 83.69460768524185 -0.500501 -0.149411 0.320004 1.0
990.1519931983638 88.4841374843883 0.180593 0.027788 0.35450026 1.0
924.5156638301783 79.76723235020461 0.125553 -0.014716 0.3195207 1.0
905.2297330585885 68.74355371431918 -0.136786 0.351192 0.30903742 1.0
982.5734196428672 72.28821322572044 -0.250602 0.194427 0.34860572 1.0
795.6082746788404 74.02624819538566 -0.358527 0.163051 0.2594752 1.0
860.273680832203 127.79210467292907 0.075203 -0.02759 0.29670092 1.0
909.4835823960574 134.0309853367484 -0.125057 0.044072 0.3217518 1.0
923.123039967173 133.6844961669143 -0.05299 0.052923 0.3305153 1.0
965.1278371156976 139.56423684028556 -0.077714 -0.024454 0.35078207 1.0
962.2454027832368 137.6665637959153 0.276704 0.02752 0.3501692 1.0
963.7743985515262 139.61450510686694 -0.116672 -0.044651 0.3500768 1.0
749.6167201669215 106.34681778427284 0.020457 0.158809 0.24582113 1.0
910.9323956961571 126.95272741012687 0.45349 0.199495 0.3229226 1.0
790.8460909539889 96.13349481949413 0.150595 0.135031 0.26185644 1.0
980.9459509135104 119.84766954331677 0.180255 -0.143577 0.35548455 1.0
972.2131894072111 117.72169771002216 0.212464 0.019463 0.35317782 1.0
898.6576897308333 108.08448265874298 -0.026737 0.088294 0.31307918 1.0
971.7417814594054 115.77162804972778 -0.080947 0.226075 0.3519331 1.0
950.4113719774971 111.7426904973985 -0.465937 0.157923 0.33853415 1.0
903.7696174619089 99.04459456462385 0.061856 -0.498412 0.3142049 1.0
817.7875291164812 90.65665675889912 0.073585 -0.463653 0.27190617 1.0
937.9545802661247 100.25357035974251 -0.099335 -0.133372 0.3317567 1.0
939.9956556781465 98.66610488247093 0.422269 0.330152 0.33307776 1.0
562.4928989766755 57.36584246437276 -0.408181 -0.083525 0.16723865 1.0
626.0492121578167 58.63911737560179 0.119108 -0.241193 0.19048895 1.0
833.6599187617021 77.88647172500599 0.196036 0.326091 0.27727318 1.0
993.216605306332 92.42628060468604 -0.139033 0.186261 0.35845834 1.0
919.2485162310212 83.0922960017641 0.53848 -0.069276 0.32012284 1.0
916.5599627635414 82.7028363974496 0.001282 0.033518 0.3188161 1.0
544.8471664073681 47.28037661790838 0.577924 -0.406931 0.16044006 1.0
764.7689232536649 62.983021259878505 0.215127 0.14632 0.24587822 1.0
763.6320928253073 63.619808351539994 -0.177259 -0.398255 0.24506982 1.0
765.9715246407561 61.55744830363154 -0.153792 0.680263 0.24622485 1.0
978.6084891587955 75.78294447071153 0.031497 0.203536 0.34900856 1.0
817.3234964503604 125.74167057324003 -0.279816 -0.065938 0.273933 1.0
744.2684955546756 110.9156830517568 -0.144843 -0.227179 0.2400501 1.0
737.496233313991 102.96525604211364 -0.068742 -0.167767 0.23614256 1.0
936.3387440983065 118.70833696758078 -0.246124 0.08399 0.32714856 1.0
936.4900285587449 118.52840737757153 -0.085976 -0.20163 0.326507 1.0
889.6187187519201 109.17251978450294 -0.030651 -0.023388 0.30314708 1.0
967.3502350859193 119.19088935458359 0.130756 0.093013 0.34363732 1.0
890.4473636718553 108.25165415672727 -0.172351 -0.298152 0.30361933 1.0
912.0260530862225 109.54860014737487 -0.259959 -0.061027 0.31443447 1.0
994.5700397609253 118.69027748985106 -0.016505 -0.277741 0.35666224 1.0
962.7693310389665 111.88098527823983 0.194385 -0.062915 0.339302 1.0
841.0560469718232 93.75266114354979 0.08481 -0.15384 0.2786052 1.0
838.572392110815 92.69780231051304 0.230849 -0.450283 0.27776557 1.0
838.8381466798173 91.8488463322052 -0.607354 -0.042543 0.2783032 1.0
897.0672517701537 97.09147573083415 -0.182022 -0.384595 0.30582392 1.0
714.5677888157155 75.7405109305368 -0.086637 0.321158 0.22345485 1.0
785.4289622807681 76.78231315697158 -0.125269 0.171029 0.252524 1.0
989.8035833507768 93.41901502828384 -0.003903 -0.158421 0.3508286 1.0
842.8383636625139 71.24164926424564 -0.091316 0.088976 0.27651855 1.0
909.6895129240468 69.67134833954546 -0.095124 -0.187265 0.30915943 1.0
990.9072134178754 73.99994089965037 0.101343 0.012445 0.3513936 1.0
945.3937344034795 126.928360703669 -0.023838 -0.150138 0.32903415 1.0
951.7058880650346 127.24563726330604 0.111144 0.011327 0.33247083 1.0
1003.3042310256453 127.02303098816299 0.473798 -0.128356 0.35919657 1.0
944.0801907709839 114.87950158375092 -0.003815 -0.314753 0.32638988 1.0
923.5510041855056 110.86744539225337 0.208013 -0.014358 0.31439766 1.0
669.1684379718088 78.14230255047286 -0.003755 -0.098887 0.20328881 1.0
1006.9850380267525 105.62686166488241 0.453772 0.120041 0.35675064 1.0
631.9189364677749 62.36441584031709 0.742417 0.038021 0.18787773 1.0
959.7844328007401 93.22757406060977 -0.269922 -0.153234 0.33106032 1.0
955.5211508683797 91.02297645310242 -0.075432 0.168241 0.32936773 1.0
732.0806226460703 68.5291015553781 -0.635908 -0.447445 0.22691597 1.0
722.8349435957026 66.21820837404337 0.366327 -0.14282 0.2235815 1.0
715.6107669617116 64.44431715081764 -0.070241 -0.372837 0.22031637 1.0
993.862135598823 86.27656901326772 0.381585 0.031683 0.3489946 1.0
914.7844627135626 78.54588467668034 0.129329 0.153579 0.30857497 1.0
750.5477547323474 63.893846311092545 -0.096928 -0.057116 0.23339261 1.0
924.3186130578811 75.4326517640114 -0.103153 0.174223 0.3108231 1.0
785.0026715436136 102.64796649123947 0.22594 -0.298461 0.24844953 1.0
709.5698001826005 87.34038155729348 0.105342 -0.138257 0.21657054 1.0
567.0108807496599 65.96220065274234 -0.262101 0.067162 0.16282083 1.0
916.4329584787995 104.29539946812042 -0.057592 -0.171133 0.30700737 1.0
807.458345833874 85.54658447544648 0.472669 -0.473017 0.2565354 1.0
747.518604615911 79.31884483756167 -0.197004 0.049996 0.23089929 1.0
643.3039156413765 66.91542843236034 0.470205 -0.348251 0.1903335 1.0
864.4681279304621 90.94819934256712 0.243319 -0.10528 0.28021395 1.0
713.8760178512133 73.16228185092399 0.219934 -0.105006 0.21736197 1.0
905.2916473127459 77.10645782715967 -0.316249 -0.01051 0.2996019 1.0
908.3941108664926 78.04319084324082 -0.247467 -0.247434 0.29947343 1.0
878.8028606393892 71.48897819959316 -0.014411 0.132368 0.28570387 1.0
838.5331048088497 63.840047565133055 -0.170627 0.464765 0.26792222 1.0
766.8389986804107 56.19019730591818 0.09245 -0.071746 0.23681098 1.0
944.8681024029916 68.97317985654718 -0.46836 0.494308 0.317527 1.0
979.4861251307906 133.11581758239592 -0.09184 0.371125 0.33434528 1.0
989.1979874058493 132.64912925208145 0.158791 -0.375254 0.3381832 1.0
947.396675654172 122.01177018503274 0.092054 -0.110631 0.31765383 1.0
1003.9996297374853 126.04805820706146 0.201587 -0.411469 0.34552076 1.0
1004.5275182127738 125.88257291044506 -0.580688 -0.235466 0.3454319 1.0
1000.9451398578735 123.8564300880052 0.640802 -0.322174 0.34333703 1.0
945.3527962267126 113.90093688761809 0.012354 -0.013244 0.31671005 1.0
978.5637064264691 110.97352260902059 -0.398389 0.33075 0.33144194 1.0
735.8639114163195 81.23172117162878 0.127187 0.050163 0.22283429 1.0
1001.8208907694367 107.90248237848103 -0.256684 -0.123502 0.3443916 1.0
1004.3836915017563 104.91172172020713 -0.074871 0.233446 0.34341195 1.0
811.2145196878752 84.12454395094937 0.478607 -0.008001 0.25390294 1.0
1000.0947477284611 101.85202429800097 0.297693 0.479845 0.34132543 1.0
883.612104891021 81.53511556644669 0.263056 0.250825 0.2852416 1.0
998.7988076949969 84.88197687788215 -0.160855 0.10894 0.33923066 1.0
814.1582297690516 100.75916056106924 -0.123223 -0.078161 0.25191337 1.0
1023.8650379684549 125.12009107087802 -0.307432 0.187291 0.34980834 1.0
1012.0032152200191 114.10950450824515 0.194249 0.166669 0.34404284 1.0
817.1945070741025 90.52362189508914 0.288276 -0.123449 0.25324917 1.0
823.9328271105182 82.79556052037282 -0.117175 0.089177 0.2551758 1.0
892.7414436743724 85.97070422907413 -0.257255 0.281165 0.28498617 1.0
585.9330270513232 55.73715512975708 0.128296 0.076112 0.16471 1.0
961.100483309305 90.19470272429858 -0.168266 -0.247362 0.31627837 1.0
835.2100908370306 73.40109112361795 -0.161801 -0.322915 0.2591691 1.0
885.3577146455286 120.14208755493763 0.045095 -0.008281 0.299471 1.0
995.7467866529038 126.73784157569874 0.300048 0.210408 0.35779434 1.0
1003.0685810107866 128.4508912326095 0.424731 0.186604 0.35948655 1.0
944.6776443339465 119.59987536850427 -0.351166 -0.492626 0.3288911 1.0
1000.6356530579234 125.89528856545134 0.250739 0.365545 0.35952398 1.0
943.4763489713339 118.83054901078448 -0.007382 -0.092546 0.3279821 1.0
950.5694517642457 115.2854077803455 -0.089519 0.072743 0.3304664 1.0
722.8150601059175 80.52084624069144 0.025952 -0.047873 0.22557679 1.0
821.4283148493911 85.10805387417392 0.082948 -0.093139 0.26783958 1.0
1006.0400426427525 101.77621437611481 0.161244 -0.074102 0.35949382 1.0
739.7286519873857 71.18586777637312 0.401746 -0.004722 0.23088372 1.0
739.1538462533782 68.71527771732315 -0.124999 0.242699 0.23153213 1.0
1006.6570842457077 92.02133778115844 -0.338603 -0.269097 0.3576849 1.0
1001.4842777193556 88.13328832901908 0.035309 -0.183439 0.35478362 1.0
999.0424550933566 86.91644611654289 0.388146 -0.657912 0.35342023 1.0
757.8710722296571 58.23898350094425 -0.555373 -0.332957 0.23778668 1.0
843.9704122584252 112.89242691654577 -0.304159 -0.247663 0.27525476 1.0
925.7733428199015 118.76188661774533 0.055221 -0.092743 0.3139999 1.0
915.2470148997728 114.53066059004126 -0.065106 0.139429 0.30981356 1.0
991.4857652319255 116.71324847599716 -0.065419 0.049951 0.34714898 1.0
999.3531554845873 111.47767539886685 -0.445873 0.38838 0.35197505 1.0
815.2792751086506 64.31787597524917 -0.043802 -0.025093 0.25961378 1.0
873.7833012589241 66.97713404765742 -0.145109 -0.021519 0.28562272 1.0
1010.3412867835028 123.89101322223536 -0.028402 0.026008 0.35324237 1.0
739.2541101894341 91.66591986863783 -0.084875 -0.052424 0.25503558 1.0
916.1370118987065 114.2579056098614 0.553037 0.382547 0.3465382 1.0
908.0796983387644 100.33194455655544 -0.115545 0.279609 0.33948913 1.0
866.9106170221187 90.56767824345219 0.66791 -0.110273 0.31431332 1.0
820.3820039715457 83.8691336623745 -0.384906 0.071684 0.2917325 1.0
867.84577651027 90.14893382796816 -0.019269 -0.086441 0.31514606 1.0
929.9903447153408 93.96775027121855 -0.053772 -0.264019 0.35033286 1.0
828.90287881205 83.50609126546355 -0.189101 0.165687 0.29486614 1.0
821.5538786365655 82.65867256122468 0.212735 0.53966 0.2901785 1.0
945.2318859843682 92.04547818248457 0.039025 -0.000419 0.35832682 1.0
829.328917353219 78.48706290982062 0.253992 -0.059687 0.29369196 1.0
821.5216020401205 76.29779259628764 -0.064297 0.046204 0.29033756 1.0
909.094567898113 84.18751886303659 0.174901 0.227966 0.33630645 1.0
722.4259977326625 54.30176597014932 -0.287236 0.202518 0.24072032 1.0
538.0126229584773 40.68849845132867 -0.049794 0.462197 0.16478074 1.0
919.1678680567329 120.0303476309902 0.113497 -0.34989 0.34403047 1.0
872.004827616888 112.44520933266028 -0.006813 0.005945 0.317717 1.0
918.6634925568117 118.91690999313306 -0.024893 0.113431 0.34307367 1.0
614.2790391954867 79.01834020780419 0.696216 -0.070066 0.1971373 1.0
621.7103963199982 77.94529995232068 -0.053787 -0.013323 0.20083454 1.0
816.4222208474162 94.34060147960727 -0.42107 0.154459 0.28738636 1.0
844.6351216623061 95.66337684560084 -0.06865 0.361544 0.30102697 1.0
821.0924013013 90.26409615055707 0.035827 0.002612 0.2870339 1.0
832.5827620111473 91.29092316794798 -0.235424 -0.541556 0.29253528 1.0
950.7572024950243 100.07025019647229 0.384965 -0.101391 0.3574588 1.0
606.618701546597 61.044640730425755 0.220098 -0.206671 0.19164501 1.0
934.8692109715911 93.9020053520157 0.22958 -0.090736 0.34528306 1.0
905.4082564601367 90.36059643955952 -0.183041 0.24874 0.3291719 1.0
910.2352547022118 88.05521229994567 -0.190447 0.063711 0.33216614 1.0
606.2654034045565 52.0643378666443 0.079762 -0.215569 0.18958119 1.0
903.4986862565507 74.40930320557193 -0.60567 0.144285 0.32551017 1.0
801.5506639277837 65.4951082831168 0.042011 -0.000348 0.27363923 1.0
733.4640254752125 55.885364423719075 -0.08288 -0.506147 0.24200657 1.0
812.9589725165825 58.20970169546708 -0.12691 -0.66866 0.2781255 1.0
906.46978414546 125.9624216285119 0.383528 -0.045022 0.3317707 1.0
944.3319967558161 125.205866517162 0.055297 -0.024388 0.3518991 1.0
731.6702090862885 88.65711213340855 -0.207393 -0.138777 0.24354827 1.0
871.8216028981187 95.67730685256514 0.172495 0.142796 0.30936357 1.0
749.6723386967369 78.52426804794204 0.361998 -0.296556 0.24996509 1.0
896.3600442323363 93.59649724353176 0.017216 0.203697 0.3193724 1.0
792.1555762303683 82.11522436066699 0.10335 0.03713 0.26828554 1.0
777.2424640105294 79.29572916253709 0.174505 -0.815212 0.2619053 1.0
777.3794240572548 79.22640169949749 0.251641 -0.194316 0.26192835 1.0
793.1660128631975 81.90606738752976 -0.899054 -0.32455 0.26867652 1.0
941.5074525460129 96.48178832938159 -0.093818 -0.519616 0.34419176 1.0
777.8083424047456 79.46039287440054 0.196144 0.257005 0.26143107 1.0
919.6903782892949 92.22693704683145 -0.15962 -0.283193 0.3327588 1.0
857.7824688710205 85.9647397681936 0.102669 0.089166 0.29971004 1.0
913.0817099438433 89.89348243649049 0.05203 -0.042994 0.3288885 1.0
663.6658102539421 61.64143607397543 -0.047045 -0.105518 0.21125531 1.0
881.590826146704 71.75555016291892 0.676103 -0.055147 0.3088565 1.0
835.0649728764533 67.84987966694545 -0.163691 -0.068554 0.28500733 1.0
830.5580760162603 119.80244240090673 0.325106 -0.008814 0.28980604 1.0
584.5988330528919 81.35859417512665 -0.393652 0.190938 0.18124934 1.0
930.2307620546065 128.5659767885162 0.427645 -0.21242 0.34022042 1.0
779.5074335595626 96.8316052872282 0.027262 0.282838 0.26171964 1.0
801.6489386812102 84.60257100266294 -0.034178 0.384309 0.2699905 1.0
950.0573690921196 99.94709762323791 0.064822 -0.021925 0.34431726 1.0
802.2013318438569 82.13620421346108 -0.109487 0.147975 0.2691039 1.0
935.3498510150836 93.59738852102875 -0.104443 0.072806 0.33591118 1.0
550.0770358474437 54.83174493530653 -0.398038 -0.085795 0.16495617 1.0
831.7058245228192 79.62072147521035 -0.398981 0.174687 0.28216264 1.0
920.3473313595489 83.05966972420998 0.413794 -0.222318 0.32464486 1.0
917.1719535046446 81.15144004805273 -0.294309 0.15634 0.322076 1.0
922.6130219212323 77.47433588217586 0.331561 0.242519 0.32457066 1.0
830.927076690864 120.51075172492479 -0.240865 -0.166752 0.28399733 1.0
828.1844151721166 118.82747497795793 0.223827 0.036966 0.28337133 1.0
808.1555191689796 87.25914401509114 -0.182764 0.184078 0.26916122 1.0
938.8513460968913 92.02020057801852 -0.358268 0.075932 0.33225226 1.0
728.5647873301455 70.80286681910128 0.361989 0.042201 0.23267284 1.0
623.9229977977044 57.881143871350474 0.141208 -0.032039 0.1901924 1.0
961.6888500971996 143.58233979503157 -0.408051 -0.218062 0.34862882 1.0
885.5571188031522 107.1144105833105 -0.276623 -0.611316 0.30336916 1.0
943.0049662748052 112.13129744492204 0.127789 0.296971 0.3313959 1.0
956.7310136449635 111.58241638274889 -0.643247 0.495149 0.33933637 1.0
967.7547038188054 100.87025836295165 -0.186856 -0.125108 0.34344542 1.0
904.271082366144 79.27130299724462 -0.203852 0.241691 0.35062388 1.0
790.8667915195042 64.63543591976398 -0.37925 0.676788 0.2790888 1.0
810.8305801918333 64.74676765485776 -0.191369 -0.044261 0.2942284 1.0
893.5096579810526 72.8804650813419 -0.00763 0.092489 0.3383345 1.0
813.017805695722 68.03727865068036 -0.069719 -0.130425 0.29242066 1.0
829.584812993327 71.5044809585959 0.24132 -0.195734 0.30120638 1.0
788.413846420104 69.29234493707838 0.118192 -0.209843 0.28339347 1.0
909.3771916909666 91.29239957710358 0.166243 -0.197554 0.34312755 1.0
817.4372230041287 85.4223636458607 0.144148 -0.300011 0.29045066 1.0
904.6313204952346 80.54053956540581 0.097347 -0.049236 0.3502734 1.0
878.9802999978626 84.55229226989786 -0.17253 -0.544454 0.33083022 1.0
723.1280979850721 72.58366387479643 -0.439828 0.08917 0.24956074 1.0
903.6196892909463 93.41147556509415 0.22742 -0.159922 0.34143203 1.0
808.7942102239053 86.23485835268413 -0.072912 0.634873 0.28983325 1.0
900.2858301392378 101.681818625947 0.534409 -0.135691 0.33569315 1.0
583.7269338343993 69.31259040342815 0.065732 -0.002342 0.18466365 1.0
748.580763045077 88.4832255653051 -0.024755 -0.035273 0.25535712 1.0
890.2476710305893 107.11116469142496 -0.145874 -0.042721 0.3247171 1.0
812.3046915676797 97.04817174119749 0.027646 -0.225568 0.28513655 1.0
879.765574593344 105.56047764056785 -0.045905 0.009869 0.32015046 1.0
820.6982049488076 98.37079291088466 0.422204 -0.1817 0.28906316 1.0
886.640202735462 106.45360987816956 -0.476113 -0.323349 0.3240887 1.0
747.2106658154497 90.04087733177361 -0.37577 0.111049 0.2547566 1.0
634.1670592414519 80.18787912493853 -0.017367 0.504395 0.20216644 1.0
917.7759746349388 133.29004339719748 0.163672 0.072233 0.32458553 1.0
855.9774358172967 124.70472348603158 -0.044847 -0.022268 0.29365948 1.0
860.8415387066063 125.82197019536693 0.121588 -0.341983 0.29502875 1.0
890.1597734783179 106.05455148917689 -0.048271 0.225782 0.3311067 1.0
900.0160992003596 112.59852391366837 0.332832 0.316118 0.3377101 1.0
897.8501474132906 112.6220517996167 -0.022624 -0.15934 0.33747855 1.0
940.7526034604956 138.93650782183667 0.186597 0.136941 0.34694335 1.0
1034.2758927155148 127.22418702960417 0.430942 0.339443 0.34010255 1.0
991.456041402125 126.698162947436 -0.056722 -0.345288 0.30955353 1.0
1005.5467724448702 119.43591574099943 -0.007719 0.114646 0.3175184 1.0
778.867893558462 88.319574543417 -0.071822 -0.115182 0.22356352 1.0
1021.7683133152349 112.31943145847397 0.355734 0.176747 0.32545096 1.0
1008.6115796281689 107.2921786818588 0.026199 0.078636 0.3202572 1.0
1003.8129863703545 131.2987505415415 0.066475 -0.109212 0.311427 1.0
1025.8871057118824 127.11004408962829 0.186472 0.026947 0.32205394 1.0
1027.9080176185792 125.56071124642756 0.105898 -0.186367 0.32309186 1.0
1094.3101756823376 131.66020023196012 0.262896 0.081855 0.35388032 1.0
637.4063615007392 76.39017315676429 -0.295304 0.309386 0.17026538 1.0
991.6078960322855 114.84620986362893 -0.735117 0.103929 0.3063726 1.0
928.900297112822 113.0599332168601 0.119075 0.061442 0.275597 1.0
1000.9621980676619 103.24135139692905 0.121219 -0.383038 0.3412048 1.0
743.9867974560707 88.40269330546947 0.302399 0.09569 0.22271322 1.0
588.6251688518156 66.55437072555972 0.109872 0.227897 0.16562565 1.0
661.20129753706 73.69822530360513 -0.474099 0.069962 0.19112346 1.0
1034.0023821570073 121.15128311292976 0.230039 0.140001 0.34806442 1.0
592.8794285778969 68.66410199117259 -0.211242 -0.236658 0.1652348 1.0
1034.1488456441014 117.98959532765835 -0.21589 0.42074 0.3488889 1.0
577.7630475316762 65.14827705627376 -0.619302 0.106371 0.16031246 1.0
659.8460823036476 68.09164450651853 0.017427 -0.145002 0.18863042 1.0
667.0580736841916 69.01220330896345 -0.255325 0.554267 0.1908864 1.0
580.7300079350277 54.95932879741352 0.055926 0.111627 0.16140468 1.0
581.7693520628171 55.33054450883974 0.155868 0.103992 0.1616122 1.0
609.2209430642333 70.98871053311909 -0.254294 -0.032761 0.16904867 1.0
609.5290770053039 70.71800509819946 0.217921 0.011963 0.1688228 1.0
969.7098493827922 112.38615315361085 0.293513 0.042128 0.31229347 1.0
971.1080303884185 89.09650476020684 -0.03356 0.068148 0.3138094 1.0
688.7577904556015 73.36112981975148 0.643555 0.325649 0.19479036 1.0
1012.8103280876973 125.893775473113 -0.092756 0.091369 0.3526637 1.0
569.4291314997128 69.1738016418832 -0.01667 0.235817 0.16259828 1.0
575.1784470153736 69.17512411059884 0.196407 -0.026212 0.16502747 1.0
583.1359974611702 67.44632195712681 0.072992 0.111172 0.16725847 1.0
580.0776711977906 66.54521071678761 -0.632687 -0.113379 0.16648474 1.0
668.8524166575617 75.61252797015202 -0.063809 -0.029866 0.19818038 1.0
572.4465405977376 62.11960738366529 -0.259111 0.611245 0.1637664 1.0
732.511286277668 79.4203029564131 0.123545 -0.243376 0.2231977 1.0
751.0175084225746 80.96974259569403 -0.083061 0.614263 0.23080525 1.0
647.2139453813678 69.03376347957706 0.025403 0.041098 0.19024478 1.0
865.7467538959835 110.65725226027834 -0.081268 0.096635 0.27648467 1.0
1025.5099241479643 128.87095244986423 -0.340553 -0.073727 0.3521785 1.0
1018.5585877841085 118.13680873073797 -0.157315 0.464358 0.34815556 1.0
742.5036167350273 84.45422658098406 0.152731 -0.58299 0.22317016 1.0
616.2565173581104 65.98846387053277 -0.157225 -0.214584 0.17704435 1.0
626.0289471147827 67.04586259765142 -0.689874 0.057014 0.18041287 1.0
653.9550299567695 70.00144057000442 0.032205 0.332168 0.19021916 1.0
654.4612376846682 69.84912482351936 -0.333424 -0.044903 0.19051075 1.0
1006.3425092544567 107.82304459916476 -0.216224 0.014636 0.343205 1.0
688.5664168662024 73.727257204515 0.042009 0.03346 0.2023898 1.0
816.8851275186596 84.24738878448424 -0.178364 -0.055248 0.25462982 1.0
653.7118650525085 64.09711609865776 -0.126443 -0.362953 0.19027191 1.0
747.1268224003987 68.49618383666197 0.08256 0.558952 0.22586253 1.0
748.4200047787332 87.92169545569345 -0.036484 -0.082837 0.22352825 1.0
589.422666983548 67.7252038962574 -0.176228 0.09609 0.16559048 1.0
580.518990439462 66.44120975730951 -0.085192 0.150372 0.16256532 1.0
577.9373682984689 65.04252631822361 0.101619 0.136757 0.16093627 1.0
1016.0876091117581 114.34243151213967 -0.096005 -0.004551 0.34350377 1.0
749.698233249362 80.60355436844235 0.082788 0.004786 0.22360596 1.0
656.29253208123 68.32045711236246 0.589056 -0.056056 0.18832567 1.0
927.9482942344738 91.97268331513996 0.069386 -0.276379 0.2982633 1.0
829.429880219354 80.40270431563191 -0.286264 -0.006488 0.25614214 1.0
589.6490735353443 56.15437936738243 0.190379 0.184689 0.1654106 1.0
592.2412249357576 55.930301899393385 -0.051272 -0.065892 0.16584969 1.0
592.2569326311428 55.58174058586415 -0.234496 0.053609 0.1658074 1.0
959.0633665374035 84.48450104695559 0.309491 0.250566 0.31467316 1.0
679.0569251484532 81.72308218412886 -0.559601 -0.38324 0.1943881 1.0
1043.253345965825 123.3117556370139 -0.223221 -0.013767 0.3505346 1.0
595.9730851350837 69.77153928570544 -0.26409 0.003989 0.16538516 1.0
1044.9485414010348 121.44238106824258 -0.149371 0.000138 0.35059306 1.0
978.6356062329241 113.39693377281114 0.261528 -0.068677 0.3183223 1.0
661.8460139461031 65.9504814049861 -0.087498 -0.233605 0.18792042 1.0
587.04726970223 57.78794695427242 0.035962 -0.237772 0.16274163 1.0
966.5286591292081 88.51731325746661 -0.006805 0.004208 0.31361106 1.0
613.691540518334 69.86597487593482 -0.429037 -0.037743 0.16965078 1.0
901.3774321602677 102.39285862155691 -0.0849 -0.028603 0.2799764 1.0
701.1544468229655 72.99748016795206 -0.186289 -0.179211 0.2004849 1.0
704.0605991569217 73.51517482472362 0.032816 -0.316593 0.20096087 1.0
661.7434539866521 79.99227816473324 -0.113335 0.00402 0.18355498 1.0
932.7829575363149 107.750123514816 0.039571 -0.075879 0.28840342 1.0
614.0417225240286 65.95944991848087 -0.264742 -0.017879 0.16721077 1.0
613.5249727539838 65.6221998883568 -0.503388 0.233011 0.1670082 1.0
1063.9758022422627 108.32918273996114 0.193815 0.156156 0.35206553 1.0
660.8771031519602 80.93260181741105 -0.056863 -0.153801 0.18395294 1.0
912.4666792496247 110.89949474544363 -0.035813 -0.01419 0.28192425 1.0
927.8032002534055 106.04279073423966 -0.112365 0.231511 0.2879127 1.0
615.8882372713294 70.04612839098122 -0.033297 -0.23974 0.16858676 1.0
605.4119128582588 67.61359192432472 -0.216179 -0.427065 0.16582967 1.0
602.7090300123167 65.8689737332772 0.207879 -0.018766 0.16447687 1.0
608.2685713380303 66.42885483404844 0.108614 -0.073307 0.16628088 1.0
706.036237207643 73.43681624942376 0.081481 0.271144 0.20076497 1.0
851.0481085755554 86.29170729897753 -0.252905 -0.108378 0.2570804 1.0
599.2777143508036 59.414418192391715 -0.113245 -0.088969 0.16355224 1.0
639.5616077839475 62.953382966905544 -0.008102 -0.13401 0.1767063 1.0
693.479055064723 66.85543449240646 0.101102 -0.237357 0.19660407 1.0
669.3133024994532 78.4541273880715 0.055881 0.010444 0.18530978 1.0
934.5942741518552 109.84354487648035 0.078166 0.408378 0.2874455 1.0
613.0766084378706 68.07288306657459 0.5478 0.43693 0.16621912 1.0
608.1966504605163 64.39379843953367 0.132976 0.158105 0.1647452 1.0
611.4329709484551 64.81425604481532 0.630529 0.463388 0.16554388 1.0
1015.6993222913403 108.0223509122404 0.388409 0.005443 0.32385737 1.0
998.1543909092408 104.2234389901855 0.33831 0.66939 0.31594262 1.0
1030.4796561695764 126.44933560808765 -0.137067 0.189432 0.3250964 1.0
1010.4987419846697 120.10835966957718 0.311819 0.065234 0.3181219 1.0
1030.1106437213753 119.07783902398677 -0.125178 0.225838 0.3261297 1.0
1016.745273251833 113.55291924401061 -0.116607 0.180415 0.32048652 1.0
1028.8902453383976 129.80346927463484 0.146144 -0.316633 0.32066256 1.0
918.2557580845677 106.50423606490772 -0.252382 -0.135448 0.27223146 1.0
977.9639781527721 118.29920773307725 0.532192 -0.35932 0.29412386 1.0
932.8583288346551 73.24774796592263 -0.2266 -0.243632 0.35543954 1.0
545.3833825658521 66.82906609048203 -0.097691 -0.087649 0.17417955 1.0
549.1649459506231 55.48783481620714 -0.373089 -0.077615 0.173877 1.0
530.0784309758221 41.39323727643305 -0.096933 0.056403 0.16398452 1.0
853.2244193340337 67.43165467754108 -0.011592 0.197729 0.3124078 1.0
862.5555117515596 81.68926835363894 0.134104 0.447811 0.3167336 1.0
857.0707920394173 75.72275723390109 -0.131185 -0.075642 0.31157357 1.0
578.625063729581 71.93954357094513 -0.094411 -0.021069 0.1865207 1.0
590.5833859489535 61.37954290921012 -0.289097 -0.185163 0.18996282 1.0
817.2387365323619 84.74919133959716 0.297248 0.021392 0.29075235 1.0
645.8768340172594 53.727043755126985 0.275173 -0.202104 0.21012555 1.0
866.6693596810593 69.99387768830786 -0.049736 -0.007424 0.31303212 1.0
541.5865887024516 42.16383759082679 0.123871 -0.260793 0.16793652 1.0
616.845035631957 79.28232092594057 0.067148 -0.024084 0.19999364 1.0
850.5511811509543 107.5421693623458 0.118228 -0.471292 0.30966106 1.0
635.1423466514401 72.8567397372901 0.048492 -0.539487 0.20553957 1.0
530.8235932048638 56.679447388679414 0.211548 0.355716 0.16365896 1.0
939.0386051813066 99.32951712430328 -0.043681 0.078556 0.35324177 1.0
867.6633892742572 89.79566456993241 -0.022576 0.257042 0.31211993 1.0
597.1742612545628 60.51823325971982 -0.043356 -0.096044 0.18893427 1.0
650.3060146008712 57.48877870188126 0.034309 0.227449 0.20948674 1.0
724.7658031914692 63.45520218619487 -0.089304 -0.020585 0.2415818 1.0
545.7220421225537 45.94214398361296 -0.06162 -0.486474 0.16740824 1.0
901.7767041556997 71.56835129503746 -0.10438 -0.022483 0.3253817 1.0
900.0609557503706 66.80760162646295 -0.028299 -0.171738 0.3255085 1.0
587.6099514781267 75.17449019044754 -0.029311 -0.138254 0.18492492 1.0
752.3574067505245 93.89773225303588 0.064057 -0.057626 0.25492355 1.0
723.0819189938281 84.99011899604315 0.088671 -0.038096 0.23993276 1.0
751.7077267732494 85.47819111163972 0.345197 -0.101991 0.25343975 1.0
882.3311933572509 99.28560978049275 0.117299 0.135428 0.31697896 1.0
631.4383738040708 70.65003078087311 0.469362 0.074992 0.20152552 1.0
593.4016534019531 66.75779683067951 0.139331 0.059729 0.18557228 1.0
637.1465099317865 71.46194636554358 -0.269242 -0.21681 0.2028729 1.0
881.6517332885874 98.10976145417047 0.274397 0.120742 0.3157471 1.0
953.8788059945737 105.46738408752165 -0.082951 0.322183 0.35461292 1.0
957.8140074516756 105.2578342718623 0.071497 0.170676 0.35802293 1.0
848.4713258683779 91.89455331752494 0.029269 0.067612 0.29862705 1.0
923.210939360915 100.07780316530409 -0.000357 0.09112 0.3376608 1.0
639.4345667232735 69.07475052151537 0.061073 0.005009 0.20339772 1.0
741.476417697252 73.885683577595 -0.002458 -0.151569 0.24669835 1.0
607.4309369923932 55.78996406043204 -0.020669 0.295126 0.18992183 1.0
605.3338371517428 54.46671787379606 -0.057684 -0.196044 0.1890931 1.0
607.0003525940251 54.13938517491467 -0.209474 0.08811 0.18952194 1.0
932.611418725632 83.34505143199746 0.00973 0.149818 0.34049267 1.0
610.6859605157282 54.26672287649913 0.554183 0.548852 0.19015707 1.0
605.0791887086409 53.41019727385853 0.300576 0.07178 0.18815835 1.0
907.2540729498613 73.33696517156999 0.38067 0.195467 0.32459897 1.0
876.3419794732519 70.68230729301975 -0.34605 -0.210396 0.30722827 1.0
538.817378359985 40.14294468191356 0.249763 0.096439 0.16248702 1.0
545.1811242960757 38.50277336198458 -0.079007 -0.100608 0.1645321 1.0
928.6582961792716 133.0129704798268 -0.242201 0.008236 0.34412143 1.0
579.4114567720429 79.54058679118229 -0.007043 0.022444 0.18072593 1.0
585.0398014393431 78.87825633757002 -0.098926 -0.226713 0.18207128 1.0
585.2828487770041 75.98328853661708 0.215794 -0.287244 0.18216571 1.0
591.892672099264 76.88804593253316 0.015758 0.171555 0.18418181 1.0
623.3820713341192 79.04763448263908 0.003394 -0.185374 0.196139 1.0
634.491856245072 74.31041851387056 -0.083934 0.245009 0.2004837 1.0
791.6134236464998 89.19823587655291 0.194649 0.22269 0.2665695 1.0
938.4101605308449 96.15096165955356 0.060977 0.158366 0.33976185 1.0
943.0335219045132 96.85634814698597 -0.089702 0.09921 0.34151322 1.0
894.8920391380996 89.32087639726683 -0.424393 -0.045313 0.31709167 1.0
628.9141101635195 60.41424378973968 -0.218348 -0.644755 0.19602197 1.0
725.7670565724359 65.1457809782423 -0.342116 -0.076505 0.23429228 1.0
626.994163918568 50.94298699600894 -0.073123 0.282295 0.1933399 1.0
910.8423446919583 125.39109662653247 0.097902 0.134162 0.32656437 1.0
785.2043741990036 96.61541675828732 0.028427 -0.022457 0.26128995 1.0
574.5411426593344 67.56617692118725 0.100044 -0.764387 0.17480248 1.0
934.845869341867 109.49320210587851 0.07674 -0.04147 0.3357791 1.0
954.8222585722621 103.60843102996557 -0.551977 0.127233 0.34493938 1.0
600.9168053599928 64.2922679744712 -0.324792 0.061573 0.18298371 1.0
779.1935836035431 80.70665081729808 -0.170976 -0.070019 0.25650123 1.0
552.8941214961526 55.034300476466136 0.252844 -0.190818 0.16504055 1.0
554.2563622642768 53.552958027813126 0.034517 -0.010705 0.16476798 1.0
557.7374634541677 53.65064252277956 -0.285405 -0.191765 0.16613221 1.0
554.6249944176926 53.49111880051825 0.103987 0.287808 0.16479659 1.0
620.2520155587379 56.30450739436687 0.022039 -0.167662 0.18951444 1.0
628.3721729154063 57.03101230821786 0.203739 -0.007752 0.19219479 1.0
605.0584639813305 50.20032414471361 -0.006783 -0.116327 0.18335678 1.0
555.0883000699309 44.01479516848112 0.008478 0.314085 0.16408102 1.0
923.5076920589538 66.97690848211256 -0.311534 0.059477 0.3214793 1.0
888.9325082170735 64.93380533252198 -0.29847 0.237051 0.305067 1.0
894.6704272275912 109.72691283379145 0.109777 0.060397 0.3094547 1.0
901.7588206902961 108.84383679122016 0.139564 -0.217203 0.31233594 1.0
883.7703722873382 105.13007321785507 -0.098604 0.081026 0.303575 1.0
588.0391111945592 64.52372444968724 0.141272 -0.133708 0.17593773 1.0
961.0010077544422 106.77897424449436 0.281642 0.154164 0.34133604 1.0
646.7032499124336 70.72389128200425 0.094338 0.086871 0.19836855 1.0
961.536493074599 101.10764775026348 0.170142 -0.149506 0.34171897 1.0
642.4383846768983 66.83495883479264 -0.063856 -0.231882 0.1963804 1.0
611.1993161505625 62.646396059328715 0.152371 0.434847 0.18438916 1.0
559.755851314683 53.67104850339313 -0.007384 -0.054884 0.16498075 1.0
836.7011470447037 80.38350308198567 0.192851 -0.535535 0.2774314 1.0
835.6476314879907 76.8761597115853 0.049422 -0.596244 0.27723214 1.0
922.5823005919522 81.73918273919894 -0.170535 -0.102467 0.318828 1.0
965.8070484148615 87.07959747798732 0.075398 -0.07116 0.34096628 1.0
802.7594507111179 69.6103761818593 0.213862 -0.521988 0.2620035 1.0
839.4792691070458 69.34996355960395 -0.125965 0.011168 0.27677503 1.0
915.1956814159527 70.1307615843006 0.090851 0.267604 0.31246486 1.0
911.6870987379758 69.28629623207623 0.100913 0.137816 0.3113263 1.0
852.2151110412176 122.79853802418295 -0.001023 0.044896 0.29217875 1.0
965.2301438911783 139.18225764564082 -0.125649 0.009506 0.35039446 1.0
570.6610104208588 80.13968071685706 0.110102 -0.453585 0.17273824 1.0
803.5801048272127 110.95716624347001 0.39616 -0.035354 0.26809925 1.0
962.3548035094334 112.54574864778375 0.268698 -0.398655 0.34607846 1.0
551.2828446016263 56.230236742704605 -0.386473 0.021355 0.1631899 1.0
952.0718335334209 97.6212538192761 -0.379294 -0.045026 0.3367299 1.0
559.4985634833165 55.452802024057995 0.240165 -0.047008 0.1662904 1.0
920.982157322303 83.68546222031527 0.116041 -0.060558 0.32057485 1.0
918.4492451898793 82.86342761980497 0.546406 0.671546 0.31990016 1.0
806.2934335646295 69.91594637603414 0.036712 -0.508305 0.26382628 1.0
765.8832348497152 65.18118161058813 -0.421726 0.118032 0.24687602 1.0
585.6375488223179 73.06064554783819 -0.073073 -0.112002 0.17403737 1.0
939.3132828522677 111.06500505554354 0.412494 0.05085 0.32888022 1.0
900.6848090240705 101.57162110870163 -0.15656 -0.000926 0.30674958 1.0
968.576725119071 105.83876083204177 0.16351 -0.22611 0.34294838 1.0
560.5729830087821 58.35475570772365 0.202147 0.256328 0.1641979 1.0
631.3911764073492 63.188569443480056 -0.202944 -0.071883 0.19010592 1.0
840.5841461380194 84.27571116502978 0.097072 -0.062996 0.2780154 1.0
633.3677372478924 62.789362728153776 -0.044912 0.099419 0.19069764 1.0
708.9542032806094 69.15179775785515 0.046423 0.017439 0.21994643 1.0
1002.9447920244172 96.31515912509875 0.230228 -0.129736 0.35827965 1.0
1002.8916916474353 95.62198904571247 0.014027 -0.016803 0.35813883 1.0
584.8515155278698 54.23981914016254 -0.10294 0.164577 0.17302279 1.0
607.9489783082331 51.07286670423059 -0.079544 0.206576 0.1810963 1.0
975.1916253173031 77.87332548137672 0.042988 -0.269758 0.3425589 1.0
795.1115467645355 62.702111068784156 -0.356522 -0.117999 0.25574836 1.0
978.9306547031547 124.36535148146609 -0.144351 0.052273 0.34318042 1.0
571.2616303805088 72.02855686332822 0.147402 -0.104079 0.16676068 1.0
926.2822369000006 115.7784004848238 -0.087914 0.250296 0.3167696 1.0
996.8343950854344 113.05439216509117 -0.153112 -0.094946 0.35098225 1.0
955.1186300447591 101.88072972431176 0.082707 0.048385 0.32944724 1.0
563.5247249284579 59.6101836438206 0.166808 0.1999 0.16349255 1.0
1005.4290371881982 104.59969016121354 0.263637 -0.313436 0.35639846 1.0
712.9533687803475 73.01206398497571 0.017361 0.048484 0.21932621 1.0
783.0977898362875 78.43051911502015 0.177239 -0.088182 0.24865079 1.0
569.4144193560038 55.881334167208195 -0.072099 0.140358 0.16563627 1.0
739.7241250172159 73.04516449357756 -0.117206 0.061375 0.22953105 1.0
726.2880339412219 69.18117963312224 -0.044672 0.05011 0.22488692 1.0
727.5775787119478 69.13947452163937 0.208748 0.086227 0.225138 1.0
732.4572775723607 65.95786353144706 0.159887 -0.471017 0.22713672 1.0
849.1790497098033 75.48587434851 -0.031206 0.099739 0.27585793 1.0
943.4116967138866 79.73499117929188 0.275747 -0.094013 0.32095885 1.0
739.2130182574831 100.27643720168001 0.209332 0.147372 0.22968839 1.0
966.9867553465552 130.14551097209457 -0.310133 0.101122 0.3331056 1.0
598.2068745654029 79.37893420338605 0.369566 0.046507 0.17497477 1.0
927.6566600173708 121.51194696776057 -0.159993 0.091488 0.3137141 1.0
580.7924312902355 74.62419301552039 -0.061709 0.311255 0.16829117 1.0
558.5399339021056 70.3654174913876 -0.386572 -0.193138 0.16055529 1.0
936.0725097910669 112.43836723042256 0.212754 -0.476304 0.31560358 1.0
733.602832660459 85.24474658721104 0.059354 0.343403 0.22537714 1.0
659.4548974202963 74.18193915603806 -0.029201 -0.313871 0.19704635 1.0
735.8757304929012 81.6180346759144 -0.12721 -0.355434 0.2266258 1.0
749.3449395889074 81.39723303994047 0.289162 0.058426 0.2318612 1.0
807.1402547722377 84.99112436100965 -0.345646 0.239489 0.25641707 1.0
850.4960722470067 84.95042419487892 -0.163707 0.016437 0.27457947 1.0
810.9801580976615 59.58185036445403 0.016634 -0.073438 0.25619826 1.0
696.9708927560213 93.32099074011587 0.114465 -0.02215 0.20872526 1.0
943.8317512399393 118.03523584886476 -0.180344 0.034879 0.31634825 1.0
989.7031727910778 117.80868557897863 -0.337916 -0.045834 0.3391129 1.0
573.4020318380316 65.71554868496528 -0.026422 0.058814 0.16348597 1.0
999.108060056295 107.29067877583697 0.183681 0.229659 0.34324893 1.0
648.9221558574875 69.58023311170341 -0.13167 0.543274 0.1901283 1.0
875.5645676486496 93.44179227612905 0.227201 0.01965 0.28113383 1.0
612.6347848838625 63.55144209036623 0.339765 0.629091 0.17702009 1.0
720.1122687757098 74.91201574405814 0.126833 0.229352 0.21614647 1.0
1002.3931423200436 87.15498618984063 0.084232 -0.305032 0.34206975 1.0
653.9603548290728 54.64245503035578 -0.120031 0.046883 0.19139579 1.0
1025.7410129724913 126.44925233660054 0.211264 -0.04798 0.35173038 1.0
615.3344837354044 67.10637082985079 -0.081902 0.020087 0.17512512 1.0
611.8798213597278 64.63415051109558 -0.062468 0.031258 0.17416452 1.0
659.2207618155735 69.8654785697214 -0.052267 -0.108928 0.19094713 1.0
614.9750027607419 65.01208965929355 -0.216528 0.20639 0.17509668 1.0
872.8490625634772 93.48837399124788 -0.071943 0.236802 0.2765464 1.0
761.5071272243106 79.57418232918523 0.006898 0.009192 0.23022933 1.0
691.1872189022209 73.2077761513947 -0.350106 0.02356 0.2023018 1.0
991.009164982118 97.8650369061498 -0.094483 0.136108 0.33211523 1.0
973.6377276316862 91.93552869903392 0.760972 -0.369075 0.3223154 1.0
968.7076925963016 90.94909656105996 -0.003173 -0.042833 0.3200376 1.0
958.252329109368 83.97994331823458 0.177814 -0.049331 0.31445414 1.0
752.5830390906523 99.90992547533573 -0.600738 -0.033348 0.24027109 1.0
596.0485492243748 73.03882962768456 -0.032159 0.1025 0.17688718 1.0
591.5203798508464 67.40307892869222 -0.025035 -0.253902 0.17537263 1.0
556.3458328304703 61.194858623999636 0.3006 0.195397 0.16257206 1.0
840.3347823677731 83.70329234916923 -0.700994 -0.343124 0.27565554 1.0
738.4729766895592 71.00398837291485 0.176735 -0.044513 0.23037767 1.0
590.0695073983396 55.49081147879947 0.247232 0.079483 0.17340735 1.0
1002.6335764031334 91.20876365759825 -0.086709 0.021699 0.35556075 1.0
989.6820409887702 83.35572385926733 -0.083667 -0.060783 0.34924853 1.0
938.4755027348414 67.98850273247793 -0.229249 -0.063345 0.31991258 1.0
1002.388613204504 132.35576348690986 -0.141289 0.253404 0.356016 1.0
610.4072546464961 79.91450080030654 -0.015465 0.089423 0.18075292 1.0
846.7979456143177 110.83917202112775 -0.471185 0.099931 0.2763366 1.0
928.2407890831084 113.50807439450209 -0.297287 0.294085 0.3146643 1.0
915.7002012491599 111.22508062338132 -0.039104 0.178796 0.30884665 1.0
564.6293652100927 66.3550913213736 0.22941 -0.067172 0.1633996 1.0
565.7791491713531 66.34948752668666 0.011635 0.052757 0.16323926 1.0
575.9706835159172 65.76848286289766 0.081784 -0.526631 0.16724665 1.0
575.7257381576196 64.6288299548872 0.057173 0.053619 0.16722861 1.0
930.2772812536249 104.2860595999899 -0.016068 -0.005915 0.3150559 1.0
1001.2319280221234 112.48329633476398 0.562394 -0.416208 0.35157284 1.0
642.950359774859 66.3739733566329 -0.25988 -0.539057 0.19129896 1.0
729.0488885004827 72.01637774543302 -0.007234 0.256009 0.22480127 1.0
570.508952776881 56.34268222520296 -0.239489 0.138878 0.16482228 1.0
565.4261643406161 55.10984738784388 -0.218322 0.036706 0.16262308 1.0
568.5575788935964 51.121912396333734 -0.190049 0.112546 0.16328807 1.0
927.553739703753 77.33707522306933 -0.244619 -0.226352 0.31072924 1.0
693.4586823594306 55.523128979518944 0.311929 0.030392 0.20868629 1.0
938.9122043684803 112.48483296582184 0.129717 -0.094544 0.31598815 1.0
923.7259737107942 107.59574438824147 0.020699 0.02698 0.3081221 1.0
664.6905908211326 71.79803608370698 -0.12816 -0.153633 0.19722842 1.0
798.2194838763073 83.99171016372301 0.108701 -0.465389 0.25081876 1.0
589.5064292098238 60.54411711937429 -0.125295 0.075833 0.18779908 1.0
934.0749924926845 97.39557162028875 -0.034958 -0.163583 0.35238096 1.0
823.8543736687095 76.52102110305398 0.021508 -0.170419 0.2913871 1.0
869.2561591169188 74.50549682896663 -0.180422 0.371054 0.31282532 1.0
545.1535859870221 45.53107250781187 0.031114 0.206755 0.16814053 1.0
535.4458431279654 40.80442289651075 0.087193 -0.15537 0.16378553 1.0
545.3181751912075 41.32140002815058 0.013014 0.321742 0.16747923 1.0
896.9737331304199 68.41739022896337 -0.049354 -0.163043 0.32488587 1.0
603.9181553998775 43.15534170937707 0.7561 -0.23283 0.19016367 1.0
608.1074175507727 42.385833661970096 0.366081 -0.076268 0.1919333 1.0
821.9355325461164 58.33260358373681 0.132287 0.066872 0.28551045 1.0
537.8821996190552 37.471337521056626 0.185212 0.125611 0.16418245 1.0
590.0224886675974 79.01152024301076 -0.252791 -0.034915 0.18862194 1.0
588.5856108729345 78.65659931679383 0.192879 0.213382 0.1880097 1.0
582.4892619596956 76.91194563362569 -0.125834 -0.172475 0.18578607 1.0
931.2649353838026 122.64018914221504 -0.014079 -0.265918 0.35175574 1.0
619.4688282615501 78.17591503731276 0.290415 0.064207 0.19963504 1.0
905.6502627210068 113.81471282434431 -0.109491 0.129398 0.33550456 1.0
624.899527847162 77.06498461903043 0.008059 -0.193494 0.20183171 1.0
637.8165504216864 73.03645697318258 0.004994 0.181307 0.2052772 1.0
594.9027564056537 64.78498146288923 0.492547 0.460401 0.18734413 1.0
594.5193419740682 60.92491949494699 -0.227309 0.070289 0.1870517 1.0
913.4739681277563 93.84707066580174 0.393314 -0.311561 0.33507982 1.0
597.2588333681718 60.00095826479809 0.481941 0.075386 0.18802795 1.0
598.9605557812595 60.08497184753974 0.156223 -0.153508 0.18854733 1.0
599.3431191618961 59.72965302031921 -0.054141 -0.003747 0.18871681 1.0
601.6400506938986 57.23218225375463 -0.054547 -0.014404 0.18908212 1.0
857.4555419659283 81.35864058082562 0.401888 0.535014 0.30411562 1.0
606.7252759311415 55.56784509107883 0.046578 0.100649 0.19000275 1.0
607.5844245341777 54.68600060739054 0.03353 -0.080026 0.19015867 1.0
604.2731562130816 51.84629502859962 -0.204137 -0.006526 0.18878394 1.0
602.2600565870812 51.52998632623252 0.068689 -0.003894 0.18798009 1.0
643.126535767591 50.51012418965432 -0.540881 0.585481 0.204165 1.0
886.542435118262 69.65993890477712 -0.089052 0.088099 0.3146487 1.0
586.8687786267932 77.32041571232925 -0.085122 0.369959 0.184125 1.0
588.7540583355191 77.16785108750776 -0.073443 -0.053955 0.1850079 1.0
576.8482169386706 64.73565543154474 -0.231579 -0.192307 0.177974 1.0
948.103432334692 105.04471287646389 -0.010936 0.21259 0.35099694 1.0
788.8136524215196 85.38438504109484 0.217678 0.011678 0.26674533 1.0
643.9643800946491 68.50719024458895 -0.387265 -0.387934 0.20426191 1.0
776.9501189673981 79.26539772140936 0.038219 -0.058213 0.2617146 1.0
922.5490488480527 92.51102438679307 -0.166939 0.152978 0.3344223 1.0
899.5599967547272 87.57292857291158 0.074477 0.173874 0.32184833 1.0
543.1226766704526 52.52516666839426 0.363104 -0.583196 0.16463745 1.0
778.8338868966669 75.94865018565653 -0.057821 0.519037 0.2613019 1.0
900.663846196671 86.52211317832426 0.229686 0.443944 0.32096985 1.0
596.8266856777688 54.23585908851926 0.214242 -0.223827 0.1843987 1.0
548.4007465984658 48.32825808319601 0.397397 -0.364165 0.16533495 1.0
545.5623497195324 47.367933820155024 0.187716 0.109469 0.16482583 1.0
813.2001964110713 70.81018349244847 0.023122 -0.010745 0.27593958 1.0
615.2502893064839 51.61928269173769 0.268819 0.386216 0.19107442 1.0
609.8659419052165 48.03103536489908 0.081438 -0.155736 0.18854165 1.0
892.397090512018 69.24740339359124 -0.079961 0.179698 0.31325048 1.0
612.1645589646201 46.48254424598683 0.021362 0.228652 0.18898821 1.0
956.4560067256359 72.83224702441534 0.06616 -0.287147 0.34718412 1.0
568.4265494287288 81.23745974450038 -0.062181 -0.064922 0.17556345 1.0
748.4339501838313 98.87606822324364 0.229398 0.001849 0.24877793 1.0
623.0314904497604 79.7942615187316 -0.060099 -0.315377 0.19527486 1.0
622.0410067905528 78.66804785308946 -0.047192 0.016533 0.19506843 1.0
571.3950224922545 71.56591396331642 -0.032127 -0.14906 0.17448162 1.0
572.1770751057654 70.014050798963 0.452142 -0.196241 0.1744955 1.0
620.6281802771871 73.07772753692944 -0.127618 0.017019 0.19337286 1.0
634.6321691271438 73.33603960367067 -0.063815 -0.145347 0.19918123 1.0
639.7118865262987 73.87558661315693 -0.311024 0.187598 0.20107134 1.0
792.0947888176502 90.18081033657099 -0.05755 -0.239645 0.26667374 1.0
570.6133349658627 64.29657700174515 0.375883 0.204369 0.17351282 1.0
571.2860419672049 64.08304684979025 -0.013562 0.46942 0.17377149 1.0
569.8526438931126 63.67340742964869 0.065047 0.012262 0.17325284 1.0
938.5739741049308 93.18091391296126 -0.029357 -0.436758 0.33765277 1.0
548.5062674594632 52.016827319428245 -0.126787 -0.268597 0.1637899 1.0
909.7195207677397 83.69298033543944 0.125539 -0.12921 0.31894588 1.0
623.8116615168079 56.506351399093454 0.414256 0.164558 0.19153792 1.0
621.5573271139389 55.739247352213326 -0.085965 0.031643 0.1911103 1.0
969.2684213558963 116.5892700109039 -0.048741 -0.021526 0.3524864 1.0
973.8342208893994 115.80806924365302 0.033956 0.14917 0.35392553 1.0
620.3372315149172 61.07258845974368 0.154567 0.107099 0.18938456 1.0
577.031221137221 53.40534548425887 -0.022612 -0.050468 0.17265326 1.0
739.252023291209 113.40559313180401 0.087648 -0.494016 0.23929831 1.0
755.0753246639649 106.17330994259316 0.108251 -0.190151 0.24480326 1.0
854.9292696749175 115.85532447794911 0.233806 0.086112 0.2900824 1.0
763.8947400785278 99.0569318064067 0.321061 -0.154284 0.24817798 1.0
761.573292472349 94.7838128850156 -0.064697 -0.028264 0.24611187 1.0
761.7787930603351 93.96515479006877 0.152588 -0.072942 0.24583857 1.0
957.2413425805909 111.63821113054006 -0.210227 -0.590328 0.33957207 1.0
975.5665661536511 112.03582627691047 0.17917 0.005003 0.34852448 1.0
667.82546410821 68.179347535832 0.762114 -0.213866 0.2054528 1.0
534.4248702726427 43.50722888473428 -0.106036 0.190248 0.16783799 1.0
520.5938970933631 41.61450893929652 -0.131844 -0.248508 0.16455664 1.0
852.5621846970257 76.38685785690309 0.068723 0.219549 0.311885 1.0
709.8147773964654 70.19671024871889 0.014151 -0.063961 0.24185054 1.0
899.2057752258668 81.7553830218634 -0.052521 -0.158922 0.34501642 1.0
621.7370748170061 64.98899021185578 0.060412 -0.150493 0.20402056 1.0
898.5152775833047 99.07558468264936 -0.187044 0.213405 0.33492547 1.0
742.5994803733988 84.15225416784706 -0.220724 -0.16024 0.2552108 1.0
537.043242079668 61.73858333997447 0.22087 -0.028649 0.16779594 1.0
817.7799195899996 97.54805266560479 0.133088 -0.006431 0.28776005 1.0
743.5260431879385 89.5553397166251 -0.059555 -0.129127 0.25248453 1.0
878.475122631777 105.64668959771673 0.041179 -0.001139 0.32000697 1.0
756.4657265836308 92.09764700127617 -0.070534 -0.585428 0.2581257 1.0
874.3081400862885 107.20719707149043 -0.088742 0.033345 0.31638837 1.0
929.0466975605623 135.07324791380324 0.170158 0.052274 0.33040845 1.0
961.7414407156681 143.2047526498956 0.089617 0.018489 0.34782043 1.0
771.7801129420807 88.52686394548867 -0.266944 -0.079203 0.272326 1.0
941.5310469651075 125.51625545073615 -0.019432 0.072994 0.35283482 1.0
897.7560830061343 112.68311609735869 -0.010508 -0.265292 0.33742446 1.0
902.14141483483 114.71591248287343 0.044235 0.027135 0.33913064 1.0
869.6962773554199 112.23877575343988 0.085429 0.193378 0.2718271 1.0
1035.6358111956783 130.87791970384117 -0.044198 0.023198 0.34993443 1.0
1035.7019159498795 130.7732459889852 -0.302816 0.001318 0.350558 1.0
1063.1007751718994 138.1665201509779 -0.176273 -0.149715 0.35325238 1.0
982.3692580653418 127.07130725557785 -0.461816 0.251244 0.31462926 1.0
1043.3272308472417 132.50994725075157 0.020066 -0.701402 0.34386975 1.0
979.2820127607944 122.29713927300696 -0.128346 -0.060761 0.31268257 1.0
1009.6379844238746 127.00443424206 0.630727 0.121414 0.34000733 1.0
967.2621173784946 122.03474337773729 -0.402084 -0.121667 0.31451356 1.0
956.950700115983 118.24076727359908 0.074404 -0.055027 0.30884296 1.0
974.7121719304106 122.12207085785299 0.387114 0.351746 0.3121688 1.0
630.6057420465552 99.39168136772315 0.112676 0.34229 0.19555503 1.0
959.8011647914168 148.2410976275776 -0.461016 0.147582 0.34925783 1.0
855.4602665723193 122.57984433133305 0.123671 0.040534 0.27466288 1.0
919.6874889492854 131.3485100538062 -0.028848 0.017935 0.30314025 1.0
1019.5949885013607 142.92746239195097 0.095933 0.1833 0.35826352 1.0
757.870719861348 109.18082337415827 0.099358 -0.444231 0.2453372 1.0
676.7358979196728 96.54716362494219 -0.145535 -0.023923 0.21037422 1.0
986.472813663056 151.1642077868568 -0.12699 0.215255 0.3512249 1.0
937.733416219413 138.65271676656124 -0.376522 -0.30212 0.32729167 1.0
801.8407003557029 112.81678949147793 -0.476898 -0.224515 0.25969094 1.0
998.2205046664806 139.73114824229472 -0.137141 0.159515 0.35191274 1.0
811.3585455382582 111.44456354480072 0.094279 0.255978 0.25679967 1.0
754.5722408333262 110.20960495292702 -0.10776 -0.074723 0.24099432 1.0
885.4656348580738 127.14601592663534 0.277347 0.145146 0.29777107 1.0
855.7708992580064 122.00013639963888 0.226874 -0.003277 0.2776973 1.0
1005.2242153273212 140.93208269376322 -0.021305 0.029666 0.3530358 1.0
907.4775203928397 126.78787208319363 0.039743 0.365019 0.30198774 1.0
836.5991115800388 117.78210724527116 -0.104025 0.106821 0.2779683 1.0
993.8735261330335 129.47582063935144 -0.219027 0.113379 0.3127217 1.0
994.2691726828521 127.7536154692823 0.442909 0.254632 0.3130717 1.0
849.3804172589265 134.91988573595515 0.361325 0.157697 0.28796247 1.0
816.0107895911407 128.98311220974054 -0.339054 0.250508 0.27195737 1.0
902.7866821736899 141.12756579607154 0.189644 -0.072378 0.3148657 1.0
715.884979365236 103.86777180083342 0.777989 -0.258192 0.22688979 1.0
757.7184606525893 108.55536405220936 0.009382 -0.03591 0.24442214 1.0
754.2404469672628 108.76136820867654 -0.075241 -0.086652 0.24018948 1.0
922.6978825945206 146.48917063414441 0.030166 0.027086 0.32301784 1.0
932.4120283731991 135.30631178511078 0.109532 -0.271753 0.3261139 1.0
842.589730374841 132.653109484819 -0.215237 0.153497 0.28671262 1.0
817.9858690340028 126.45117337365815 -0.09412 0.141776 0.2750691 1.0
839.0495016619113 129.51873515114883 0.514214 -0.127729 0.28516182 1.0
952.8587238143433 147.47454110741782 0.234901 -0.033781 0.34418944 1.0
976.601567710907 149.4843580705451 -0.245492 -0.20473 0.35040587 1.0
939.4404587871452 135.46215708550412 -0.019463 -0.809305 0.31396815 1.0
921.3141498433107 130.0723238323532 -0.259272 0.649726 0.30423188 1.0
878.3476930304926 121.66609239114997 -0.128985 -0.147945 0.28405955 1.0
995.1681612727267 136.18018860364123 0.275828 -0.246425 0.33474132 1.0
1016.3393314258716 142.56440519930544 0.635156 -0.045468 0.3564487 1.0
1017.9654685544435 144.49955237078754 -0.006808 0.006903 0.35162196 1.0
842.8098981285357 119.00205770971476 -0.244938 -0.014767 0.27760598 1.0
1002.6114450160287 140.6512312645228 0.082985 -0.048198 0.35805094 1.0
1005.186614921434 144.14186421208922 0.267834 -0.019103 0.34877175 1.0
790.3315731020114 107.58746111195717 0.226682 0.698493 0.2485588 1.0
807.3041226697296 99.23965521500583 0.046765 -0.678889 0.24003847 1.0
819.2833529438988 106.08081164772308 0.270128 -0.23735 0.25338846 1.0
1045.2359881225407 131.8426704585124 -0.019799 0.323944 0.35557443 1.0
1037.9638933458991 130.69794754558868 0.175028 0.095424 0.3516854 1.0
1063.3658225834909 138.1932857647747 -0.077151 -0.046872 0.3533625 1.0
1041.5326059058095 130.64973772373583 -0.159795 0.162512 0.35498914 1.0
966.3291536386297 118.93586111624651 0.263836 0.309675 0.31733173 1.0
959.136248029062 118.48116599455022 -0.185025 0.342721 0.3098848 1.0
970.8246361910522 122.85798582668853 -0.062317 -0.0453 0.3110278 1.0
756.1498750473928 102.72396598539461 -0.076567 -0.066812 0.22839133 1.0
635.1248731045492 85.8130123324266 -0.196934 0.536873 0.1824535 1.0
634.601050318615 85.04553412574325 0.366194 0.5231 0.1824509 1.0
1037.3936195627673 140.04762407483102 -0.547594 0.160694 0.35707983 1.0
1018.9007138022421 130.34846210566522 0.343497 -0.078343 0.3424889 1.0
962.673760385655 121.52221736977329 -0.146957 -0.088227 0.31291145 1.0
972.3994997298495 121.54005851599732 -0.385758 0.088933 0.31882784 1.0
642.1256636057035 78.90052838926941 -0.007663 0.156272 0.18275943 1.0
957.3421547887916 117.94120043640079 -0.151132 -0.341258 0.31059757 1.0
878.2747199246913 112.52136965383212 -0.037933 0.211339 0.26805127 1.0
978.4011184049809 123.19490989622076 -0.118241 0.031729 0.31209052 1.0
849.5878518802971 121.0513834710165 0.010088 -0.191932 0.27440622 1.0
695.9904998206473 92.09286252299452 0.021375 0.350845 0.20603888 1.0
950.6601901050365 120.56018224642385 0.354368 -0.204118 0.3142818 1.0
973.8701511345259 123.735452957478 0.151997 -0.183856 0.31787008 1.0
1044.0223291265258 131.4358259041594 -0.273982 -0.166343 0.35216147 1.0
1039.4558583887385 130.81722368792862 0.033372 0.049243 0.34984434 1.0
1044.7981879584654 131.49198818614232 -0.019924 -0.435506 0.35206833 1.0
1045.4420118568073 131.4815253699667 -0.060312 0.237516 0.35154536 1.0
1047.9858812576806 131.2903886703084 0.119404 0.026113 0.3528316 1.0
959.3592779752163 119.60025130887124 0.185818 0.391516 0.31071243 1.0
964.7808574684024 119.15710545336637 -0.416293 0.135392 0.31264132 1.0
685.3333581139456 86.76732790375321 0.165527 0.238384 0.19440423 1.0
994.7384354689813 128.02208529323937 0.038545 0.109764 0.31302935 1.0
1075.0969814774705 138.41820635979656 0.174725 0.127624 0.35214242 1.0
1000.7510806805991 131.1439813389578 0.052537 -0.309575 0.3115856 1.0
753.1148873497842 115.99383882724855 0.229501 0.1864 0.24716118 1.0
905.0879972110844 142.82852697371902 -0.589236 -0.436567 0.3159567 1.0
741.9983445624457 115.81151519203941 -0.338059 -0.167871 0.23958074 1.0
938.9111664924 133.18199885541307 -0.373578 0.235557 0.3253672 1.0
1012.3257429054554 145.18773102770166 -0.065062 0.361168 0.35253808 1.0
918.0773116315855 128.15730290436537 -0.70782 -0.361984 0.3039292 1.0
915.4889407609012 144.86305862762782 0.249044 0.003884 0.31858653 1.0
855.6395816986792 129.67844448365335 -0.159323 0.051961 0.28782645 1.0
703.4907206061747 97.46528803054302 0.213418 0.065537 0.21996589 1.0
850.1121478180804 121.26863109343508 -0.327021 0.427821 0.27514476 1.0
769.3797022046045 108.92729515548527 -0.138354 0.289179 0.24098891 1.0
788.420953054768 108.87351461617074 0.161267 -0.05421 0.24780382 1.0
895.5033569365584 139.85050923309925 0.018659 0.347548 0.3149709 1.0
955.9099265744318 147.6715533225387 -0.236639 -0.139326 0.34687573 1.0
951.8893251941605 147.15497492552484 -0.192665 -0.503851 0.34415567 1.0
584.2397682803086 83.65489682980298 0.06806 0.649514 0.17380196 1.0
1001.788233820338 152.43270453214544 0.358654 -0.513345 0.35930088 1.0
1062.5318392817594 139.6808198735987 0.214299 0.334296 0.34464413 1.0
891.9354766518013 131.92514907351665 -0.06967 0.016757 0.27042305 1.0
1008.7881631747011 141.3403254098647 0.009409 0.286719 0.3215693 1.0
1076.5774433478443 142.6708734001536 0.011277 -0.031822 0.35446733 1.0
1034.5604242868023 136.51463853648022 0.008161 0.22527 0.3342829 1.0
1033.3002889184552 136.29454705258513 -0.056305 0.256523 0.33390155 1.0
854.3785207484707 131.89728651936022 0.127032 -0.346682 0.27022758 1.0
765.9272601164357 110.71954803936353 -0.140112 0.168516 0.23282605 1.0
994.9812431756241 136.55207828701916 0.087317 0.349828 0.33460075 1.0
866.518782274809 136.3199623534185 -0.029418 0.187084 0.2711212 1.0
897.8780718623617 137.05480223311602 -0.130299 0.183393 0.28433713 1.0
846.7521422288338 128.63828814722362 -0.299621 -0.163888 0.2629869 1.0
833.9850384562055 124.5833196224624 0.242177 0.155339 0.2576553 1.0
889.55646584275 125.38286089321659 0.591385 -0.223481 0.28030118 1.0
767.2664413083373 123.24501568810193 -0.336833 0.118376 0.22631188 1.0
1041.8478592572542 161.96513978798959 -0.014585 -0.203442 0.34960917 1.0
897.1400165440018 135.01814663798484 0.051914 -0.790605 0.2791409 1.0
892.0458454704265 131.44175182735063 0.24905 -0.201678 0.27850273 1.0
891.6872169237346 130.22550579568758 0.0692 0.008798 0.27830103 1.0
900.0603742170795 131.47875208298444 0.34545 -0.282188 0.28137606 1.0
871.1639466677174 126.88397348791783 0.069405 0.145574 0.26825473 1.0
925.7745437423276 131.8844212122555 -0.109017 -0.0947 0.29237285 1.0
877.2339361570698 137.23379069849568 -0.466381 -0.100176 0.2676888 1.0
770.9283606369344 114.53752931091557 -0.412402 0.301168 0.22537042 1.0
882.7647279105801 129.19917405196378 -0.435725 0.321136 0.2693075 1.0
917.5090600172337 126.55306047695846 0.228449 0.178601 0.28499666 1.0
999.5944049336209 131.26751357359203 0.529267 0.465657 0.32257202 1.0
743.838972574999 114.62334661291224 -0.134445 0.189129 0.226001 1.0
854.1500519789782 130.6805948535027 -0.165366 0.072471 0.27143586 1.0
1017.7779279578976 147.95478289701796 -0.10745 -0.21332 0.35192746 1.0
1018.6607721557943 147.62429507626285 0.046044 0.148806 0.35081166 1.0
927.6215869409893 132.7648335144467 -0.011092 0.226936 0.30441833 1.0
623.3309369588101 95.47282328786325 -0.030407 0.532111 0.17782956 1.0
938.7344915507612 136.02335775199202 0.484754 0.610428 0.30455118 1.0
939.428269433152 135.73167845553547 -0.033024 0.233401 0.3059236 1.0
887.0759295714498 126.88794418769825 -0.943871 0.062146 0.28089958 1.0
760.7789036089442 106.63984622665632 -0.488656 -0.02875 0.22854812 1.0
996.2991490425569 137.669129169971 0.357059 0.096329 0.33409515 1.0
1007.5025545498808 135.60105822584083 -0.058529 -0.0543 0.33960542 1.0
1031.2062132016993 138.2686578376701 -0.221383 0.219493 0.35161904 1.0
962.4602314964657 128.97781899823653 -0.006599 0.281742 0.31691268 1.0
1031.2415605965482 161.88944306197388 -0.25014 0.166366 0.34656662 1.0
768.2055986666651 114.32693779034946 -0.189435 0.031163 0.22923248 1.0
890.7869209728999 128.1875833992255 0.007718 0.006831 0.2798133 1.0
597.8798454427584 84.20880835579295 0.62454 -0.515656 0.16605714 1.0
1009.3290457809767 140.86778012051312 0.473362 0.180131 0.33499873 1.0
890.8324639880681 122.62580236028325 -0.372243 -0.483093 0.2796241 1.0
769.5281346452613 123.81804335311796 -0.453191 0.618057 0.22632793 1.0
877.9349193543428 139.76450964974603 -0.127808 -0.054015 0.2704602 1.0
869.2012290782961 131.6951861778934 0.325161 0.833675 0.26625007 1.0
875.3702817222063 130.00765933347498 0.0708 -0.108462 0.26874983 1.0
906.1480834487903 126.5279322187992 0.277599 -0.241371 0.28244203 1.0
912.1090846708428 127.06647833192758 -0.027442 -0.213145 0.28335923 1.0
912.2210360773065 125.03355334996586 0.610655 -0.053082 0.28473517 1.0
880.602582020491 118.37533198569238 0.201799 0.506545 0.27019134 1.0
1035.737248207831 150.65494577380704 -0.270948 -0.038475 0.33782086 1.0
1034.6411712209563 149.2157103520454 0.064462 -0.039678 0.3383486 1.0
1062.5683100872352 141.51646995860764 0.505325 0.208803 0.35205233 1.0
1075.8815238987431 140.99869855950473 -0.26851 -0.172163 0.35735825 1.0
941.6778077571976 128.8212060255189 0.315064 -0.351117 0.2904467 1.0
944.7712568430844 128.36020252538552 -0.594955 0.424978 0.29095802 1.0
1036.0780134083525 137.44935114318284 -0.309434 0.167233 0.33404416 1.0
1082.208006407951 143.4385369975624 0.22369 -0.42328 0.35488853 1.0
883.489541895997 142.27441039267242 -0.136479 -0.500929 0.2956471 1.0
819.6775472010854 120.96611242238842 -0.160399 0.078761 0.26504633 1.0
807.6306410396286 120.12976882981965 -0.143149 -0.070798 0.25855756 1.0
803.4666733320469 119.36593174470558 -0.17573 -0.04048 0.25658143 1.0
820.2986946300913 120.85341578887765 -0.450753 -0.080177 0.26540026 1.0
767.306423905412 111.9996969401632 0.03265 0.02806 0.24087928 1.0
734.8273007942865 119.14226004030907 -0.036786 0.071583 0.22570878 1.0
735.5401370880189 119.243483473423 0.007023 0.231101 0.22605227 1.0
835.3045702913507 132.8070104385975 0.214649 -0.152156 0.2677318 1.0
963.0074499291344 153.09174998723748 0.219893 -0.067247 0.3278862 1.0
770.6474248255685 119.85227924807185 -0.2444 -0.008616 0.24097987 1.0
820.1875277569035 126.92388128383847 -0.057731 -0.160787 0.2619116 1.0
1021.4727464258852 158.92047247057448 -0.457498 0.179145 0.35965872 1.0
737.4350684520876 110.41440732256075 0.731498 -0.116684 0.22572468 1.0
846.216293537041 123.90410437632782 -0.763166 0.105665 0.27200028 1.0
819.3349735937365 124.32504524930653 -0.004478 0.544923 0.26335436 1.0
934.1979352671805 138.130846262075 -0.397573 0.513412 0.3171066 1.0
958.0477787041385 142.07788279050735 -0.123175 -0.2085 0.32812923 1.0
839.2963483044882 123.20791153445629 -0.017508 0.109168 0.27047774 1.0
896.3191038180245 131.51883805605067 0.226508 0.471212 0.29854095 1.0
817.3136472720801 126.32718726432668 0.047873 -0.253636 0.25842136 1.0
632.1498550029379 99.15817753942422 0.196724 0.120639 0.18443406 1.0
730.3405733817538 117.70712868401121 -0.396743 0.333238 0.21959554 1.0
752.4128863120687 122.31750106748946 -0.027741 0.067856 0.22749682 1.0
765.8669758658317 113.03627034018707 0.015619 0.072485 0.24322368 1.0
903.534603968802 138.16811114113247 0.385001 0.792407 0.30255508 1.0
893.937395172053 139.2569898140863 -0.179711 0.418784 0.2974358 1.0
965.0550472487793 154.27940803322548 -0.001864 0.227504 0.32785174 1.0
845.4984712933308 131.28975425565196 0.016749 0.111072 0.2797488 1.0
1005.1325841211722 156.6406133427877 -0.654676 -0.520372 0.3599532 1.0
860.2890419166984 137.157461835979 0.184261 0.201032 0.28257054 1.0
856.9910652185198 136.6558879499329 -0.663852 -0.277621 0.28087258 1.0
845.4433075633743 135.18133615529493 -0.414466 -0.296092 0.27991438 1.0
924.8655232989008 135.6070235729254 -0.019609 -0.03706 0.28334233 1.0
1075.2662156659865 142.29920116432803 -0.002693 -0.134692 0.35375702 1.0
1030.2027646068916 134.70517911953598 -0.358117 0.022403 0.3326381 1.0
579.3720806177222 93.89021257872032 -0.386497 0.320588 0.1616784 1.0
613.384816482566 96.25802877021643 0.372174 0.523333 0.1785115 1.0
633.8127765889499 100.6975598672426 -0.027045 -0.00907 0.18284309 1.0
863.0378516358193 129.96173894040828 0.05109 -0.200003 0.27271265 1.0
989.3534143796892 139.24857983465395 0.032262 0.20511 0.33148167 1.0
582.7760245054953 91.45103340993474 -0.058434 0.19432 0.16246352 1.0
625.2209168705186 96.64161672580975 -0.359919 0.016465 0.17718421 1.0
640.5095246235824 97.83171673882121 -0.035677 0.161227 0.18309717 1.0
630.1823835146744 95.45711009653657 0.160696 0.04178 0.17898104 1.0
587.5872047335415 77.53401012260491 -0.185242 -0.087334 0.16415717 1.0
827.9874393363923 126.02527585250078 0.296801 0.118509 0.2502365 1.0
592.6538647934567 89.06739342484524 -0.299286 -0.368051 0.16146012 1.0
618.7857604568751 92.49209697242554 0.002339 0.085697 0.16983724 1.0
617.5900002341076 92.0172923695821 -0.034973 0.736278 0.1696456 1.0
886.6000742972739 129.71486373986713 -0.221509 -0.151139 0.2708995 1.0
879.2913225936187 128.72164366185504 0.54312 0.28814 0.26793477 1.0
1033.7004280812887 149.6957002262263 0.127099 0.188905 0.33928043 1.0
754.096537877688 122.28287905556127 0.109128 -0.168058 0.23022498 1.0
1016.574797296218 164.33804505950658 0.032303 -0.124716 0.35121667 1.0
567.86408547741 89.39413627971729 -0.261108 0.193425 0.16107813 1.0
625.9129299661145 98.21269974586839 -0.072954 -0.04921 0.18180397 1.0
633.1046261434365 92.81122348900583 -0.019644 -0.096097 0.18341866 1.0
622.591443812908 90.862956262603 -0.254301 -0.475569 0.17994367 1.0
1026.7516382586564 166.80148515634647 -0.221493 0.215176 0.35041833 1.0
1023.6089785367459 162.06636950803372 0.176762 0.046305 0.34699494 1.0
637.7679242294057 98.90493293459336 0.073992 0.052923 0.18299703 1.0
625.3416067837345 95.74326403024105 0.038622 -0.148532 0.17845978 1.0
958.7708636867661 142.77894020332047 -0.320546 -0.193714 0.3158157 1.0
638.9841023656065 92.8853614911042 -0.174239 0.175677 0.18322733 1.0
634.9239062429479 90.05387597896593 -0.120325 0.043798 0.18190648 1.0
638.5415921272923 89.87405038620714 -0.063763 -0.120854 0.18310131 1.0
635.9367730780983 86.72184431499484 0.165123 -0.44553 0.18230893 1.0
652.3073033977229 106.53036369646539 -0.160529 -0.015443 0.18630482 1.0
589.508257676599 92.66573359317657 -0.135967 0.495086 0.1636024 1.0
627.977015206694 96.42245404852865 -0.277929 0.103484 0.1770664 1.0
633.9991765421864 95.1140604636611 0.151966 0.004345 0.17855914 1.0
599.314816822463 85.04163359106985 -0.001381 0.010335 0.16639489 1.0
1004.412490401213 140.18712032304035 0.3994 0.077266 0.333293 1.0
645.2820091937386 88.19325068641898 -0.110765 -0.029317 0.18308325 1.0
641.352647444296 86.05389252926554 -0.136628 0.002556 0.181597 1.0
636.2111678041088 93.98816871334746 -0.015821 -0.187467 0.17733808 1.0
879.733468697811 130.33433866443988 -0.338988 0.054894 0.26996064 1.0
614.0293118133947 90.05284411829687 0.045347 0.184527 0.16947545 1.0
874.777709340807 128.45345361473835 -0.06016 -0.486216 0.26879153 1.0
1023.0193701164914 135.83925252758854 -0.089666 -0.076922 0.3356104 1.0
898.0950584701999 132.46629308455945 -0.290213 0.50752 0.27335703 1.0
600.140175785787 89.72946294900106 0.121157 -0.254175 0.16327931 1.0
888.110623503924 129.47966026351463 0.149797 -0.126865 0.27071974 1.0
1037.0642269199557 148.8325126520519 0.27283 0.630973 0.33936656 1.0
888.7267057309257 121.05249978429302 -0.356393 0.27806 0.27057993 1.0
907.4909878197894 121.69243515231489 0.029506 -0.089141 0.27995446 1.0
591.0806156979379 77.24527418724246 0.190568 -0.033188 0.1604989 1.0
944.1141224252877 130.8954300298981 0.623728 0.062937 0.29066646 1.0
833.923663499995 112.64474919209633 -0.108485 0.180479 0.24480438 1.0
781.9583363083717 126.15528504906669 -0.922974 -0.138626 0.24900067 1.0
853.786895429249 135.38421606341802 0.007165 0.06162 0.2814532 1.0
616.2821716435426 96.09062303445097 0.44467 -0.189105 0.18272178 1.0
901.1366283072248 139.04344068478565 -0.241142 -0.239166 0.30209076 1.0
935.0644593079189 137.9073920162751 -0.159339 -0.126995 0.3187328 1.0
815.7059605512427 119.85602865948356 0.096937 0.072924 0.26328796 1.0
805.4232200204224 118.206077007169 -0.008178 -0.179873 0.25827685 1.0
1019.3524968293694 165.12139911883875 0.093221 -0.267356 0.35911733 1.0
1002.3564947487527 160.72562509680407 0.42187 0.055848 0.35136843 1.0
708.2018457098299 111.3331063258745 -0.128713 0.269691 0.21452045 1.0
961.1775919800663 150.6671624660014 0.18172 0.173853 0.32830897 1.0
620.7534480662173 97.08521274816718 -0.068737 -0.0505 0.18203878 1.0
1012.0056374041035 151.24606713210406 0.123749 -0.056677 0.3539839 1.0
990.9210104422525 152.5723712805465 -0.408658 0.481918 0.3507143 1.0
608.2919230594855 91.83831339172379 0.076948 0.365842 0.18051314 1.0
819.9992310311117 124.58776099201697 0.106374 -0.150565 0.26348537 1.0
1002.700111650385 153.11425023748612 -0.134765 0.014902 0.35125756 1.0
1007.2809732221309 156.43593600888371 -0.018284 0.180249 0.3481838 1.0
1012.8557123655734 161.32499658150044 -0.457467 0.79072 0.35257152 1.0
623.4184949212718 100.72793618761754 -0.479894 -0.038263 0.18235748 1.0
889.4050310957049 142.5444339381453 0.362245 -0.22946 0.29612544 1.0
611.7221161698812 97.53463345382022 -0.17049 -0.039243 0.1829295 1.0
