X Y e1 e2 Z WEIGHT_SEEING
880.2029507757834 224.2473609751306 -0.024423 -0.012839 0.27727705 1.0
870.5339956582052 220.72563385807464 0.094287 0.226609 0.27263644 1.0
794.9164826172065 203.32812985625733 0.405837 -0.172725 0.23666307 1.0
960.7695420760185 244.21263968936478 -0.258007 -0.299756 0.30313334 1.0
873.9189906520114 223.04824133452712 -0.201045 -0.279099 0.27364463 1.0
852.7201026668527 293.7379078269475 0.088992 -0.213961 0.2874825 1.0
852.7168630775938 293.35511091905505 0.415966 -0.073974 0.28682593 1.0
800.4788560572333 266.3772976615517 -0.148846 -0.346246 0.2578156 1.0
965.2278701659795 307.73658856180094 0.077795 -0.043196 0.3321302 1.0
970.2042573444306 309.24512962938803 0.023493 -0.024857 0.33361754 1.0
882.4396505204459 275.4182351405893 -0.211676 -0.338568 0.28725204 1.0
844.0014166706161 253.50075295303466 -0.161774 0.196745 0.26627523 1.0
887.1943123112715 265.6975680327134 0.376299 0.428749 0.2857348 1.0
887.5602314251522 266.03039366823344 0.216808 -0.001336 0.2855255 1.0
696.2487660995001 207.60288653631795 -0.131479 0.650282 0.206228 1.0
899.135987127004 264.7344065755419 0.231934 -0.073312 0.28861025 1.0
784.2891251385557 225.41060315497504 -0.220313 -0.058499 0.2380973 1.0
931.0715582275819 267.58916170244896 -0.242766 0.253552 0.30219072 1.0
1013.8837327545667 275.69935518978053 0.32164 -0.065917 0.33682257 1.0
890.532480093253 297.984758815129 -0.479591 -0.911755 0.29488435 1.0
636.2953132490153 208.10560480274333 -0.722766 0.463863 0.18678054 1.0
664.9460558490431 212.37191965855172 -0.194106 -0.393249 0.19596805 1.0
895.2656223598095 271.16258924176145 0.162313 0.335966 0.2855257 1.0
900.3499824465202 271.22780210708834 0.132759 -0.486379 0.28504243 1.0
901.7296579039606 271.01149166056473 -0.167133 0.068625 0.28552565 1.0
860.7735505118444 258.48968880406096 -0.140642 -0.365554 0.2699325 1.0
1004.7787157863403 298.54149471868095 0.411565 -0.19204 0.33453688 1.0
704.9725281241983 208.59105660227712 0.343601 -0.443624 0.2059415 1.0
828.2131099356569 240.8898253971508 0.426419 -0.106781 0.25131688 1.0
918.1033003373084 264.09903562803316 -0.195682 0.070235 0.28917623 1.0
919.4236959210674 262.67432657051586 0.095416 -0.113073 0.2890077 1.0
940.5575671379514 268.45958479847695 0.304913 -0.390338 0.30085483 1.0
1045.4168848404172 289.7112892667532 0.236023 0.30437 0.3458507 1.0
921.776445360347 247.77899655787058 0.075474 0.131456 0.28595158 1.0
795.4954334837339 212.8824887325837 0.018857 -0.130369 0.23567939 1.0
781.0254439634318 208.60713449236928 0.279853 -0.148111 0.22960491 1.0
1030.2113928037859 274.679515375667 0.15007 0.214756 0.3372 1.0
808.8284531942902 213.34237712649394 0.183052 -0.30822 0.23852758 1.0
805.784529102187 212.378427905757 -0.784638 0.60245 0.23726486 1.0
801.0950864565967 210.60433967067172 -0.031842 -0.116332 0.23505004 1.0
869.5590485699819 223.02076527539631 0.319932 0.384286 0.26155078 1.0
995.2048893337183 319.01761980715617 0.163406 0.189379 0.3327903 1.0
889.9658727612651 278.08778651378793 0.041151 0.376446 0.27831972 1.0
1035.408638782906 316.01892054204797 0.227731 -0.150194 0.3437937 1.0
1063.7356645754496 308.43013957653966 0.164867 -0.148219 0.3539589 1.0
927.9207079806816 263.2111154987937 0.142154 0.221974 0.2859191 1.0
927.1680665905744 258.37982126343303 0.174711 0.120244 0.28659913 1.0
747.3518700747522 207.63836125961123 0.244733 -0.315264 0.21437933 1.0
881.8198465822311 239.08632863116418 0.150069 -0.014069 0.26617274 1.0
1061.7741359114073 280.72455997492193 -0.041468 -0.047017 0.34549743 1.0
1081.5063707529926 284.74136690023164 0.181546 0.069879 0.3549913 1.0
820.405510152963 240.04787094272493 0.171755 -0.075669 0.23942882 1.0
886.8466831550045 256.4383326345062 -0.538187 0.188874 0.26541513 1.0
1050.6873557393285 301.94329905240863 -0.311711 0.233183 0.33750543 1.0
1050.9669522086203 301.97207399122544 -0.248134 0.567599 0.33790094 1.0
1052.2807374450672 302.329993724762 0.283005 -0.022939 0.33859316 1.0
808.302041011108 227.2897287859138 0.196172 -0.329046 0.23192002 1.0
1048.9538037544248 294.84655771788647 -0.018198 0.012394 0.3347265 1.0
1018.0290754569207 274.5765157847696 0.166518 0.193006 0.31797755 1.0
1018.4397187961985 271.81207571930526 -0.179468 -0.167153 0.31570843 1.0
930.6848510767867 280.2251754763999 -0.136789 0.016355 0.28076625 1.0
940.3650348974152 278.0931810438323 -0.397299 0.284762 0.28256404 1.0
972.4181793785458 284.6593209397011 -0.110078 0.102127 0.2946333 1.0
972.495016201739 284.6358428718927 -0.011468 -0.043443 0.2946961 1.0
975.1775672924722 283.4481316224757 -0.286111 -0.567225 0.29605958 1.0
1081.118649302824 308.9764240069058 0.437106 0.539062 0.3447918 1.0
1085.6709876690602 310.635822427127 -0.041683 0.133844 0.3471122 1.0
1083.5732297376983 308.31709109304364 0.07561 0.149468 0.34607086 1.0
815.238994001416 230.72071732822562 0.255145 0.043025 0.23129225 1.0
1047.1047511257382 294.5843769406321 0.178597 0.725811 0.32781348 1.0
1113.574534197344 308.15193720098733 -0.222898 -0.054741 0.35459822 1.0
1096.7666472615178 303.1417034614501 -0.157427 -0.384047 0.34953755 1.0
1074.1209991929272 296.37816158136815 0.006208 -0.028217 0.33571002 1.0
792.8620528679623 217.543169639092 -0.045002 -0.177953 0.22031973 1.0
1094.6553962366215 300.83440676726514 0.56043 -0.224259 0.3477151 1.0
955.0477936994422 279.70120997521565 -0.043765 0.326579 0.28099588 1.0
1096.1147431637582 316.66475650414793 0.013148 0.105018 0.34387028 1.0
951.7013805223297 272.5502043023671 -0.029142 0.392022 0.27848634 1.0
947.7294482949077 270.03696148953287 0.018565 -0.105496 0.27639604 1.0
898.1598012182662 251.70066791806317 0.107905 0.079717 0.25588283 1.0
862.6894165242018 237.21409767740067 -0.33267 0.391234 0.24147564 1.0
1110.1342160780282 304.9827560867749 -0.043428 0.067659 0.34643063 1.0
790.4513656957315 216.5430124345582 0.464673 0.111087 0.2165359 1.0
1118.5997229536938 310.1072671810445 0.185544 -0.189638 0.34695145 1.0
1041.0635434501432 287.6424096020995 -0.017153 0.127481 0.3121567 1.0
753.457546793631 211.07846297038077 0.003936 0.54605 0.19782968 1.0
989.4291000250043 305.21764384396914 -0.22413 0.353253 0.32657263 1.0
1042.2913822567532 318.57041648452315 -0.222795 -0.780071 0.34497532 1.0
967.0454624305678 271.646208868351 0.269999 0.021671 0.27902523 1.0
1113.3943198046913 310.0948975984227 0.023327 0.150568 0.34383997 1.0
847.4672848291932 260.2296311224264 0.339298 0.106826 0.2682291 1.0
963.4204963538367 293.855567152685 0.419302 -0.063879 0.31946114 1.0
970.5764805216302 295.4754847389509 0.097609 -0.185828 0.3222601 1.0
856.6439822347328 257.9818578640713 -0.482062 -0.303177 0.26849082 1.0
694.7629374840311 207.9333126409447 0.155773 -0.257578 0.20468983 1.0
764.7456359612482 227.81042455036456 -0.550713 -0.243846 0.23073763 1.0
963.5424967863495 276.81703426208054 -0.289823 0.103637 0.31409043 1.0
976.6698107212653 268.5054866506061 0.711611 0.336002 0.3173218 1.0
1011.5040158850866 277.15809068229936 0.043258 -0.26349 0.3331206 1.0
1026.3307125769097 269.5414495999543 0.422785 -0.0814 0.3371747 1.0
792.0130313923287 204.75407984477582 0.208735 -0.245544 0.23393968 1.0
867.7878701187223 259.1624022767013 -0.124188 0.058008 0.2669729 1.0
997.2427034037751 293.9102430061258 -0.201725 -0.168568 0.3262475 1.0
936.843862076844 273.26972448944787 0.127342 0.004727 0.29507765 1.0
1065.3075880789281 301.402931411294 0.146628 -0.055258 0.35766825 1.0
1065.597937697512 301.96614574687743 0.039423 0.340336 0.35581616 1.0
1067.6338555125478 302.76482676254807 0.147249 -0.191995 0.35813615 1.0
992.400959742276 277.1717919059754 0.156978 -0.024294 0.31861243 1.0
929.7426751950087 257.10113803434837 0.299624 0.008185 0.29001358 1.0
800.7158951632252 211.77181006888816 -0.010766 0.029943 0.23488057 1.0
962.2541886170004 254.16576607378812 0.051114 0.018402 0.30213347 1.0
808.5771293462602 212.6381168701118 -0.031267 0.021914 0.23738432 1.0
1026.1650291693843 263.97798483440255 -0.165154 -0.300626 0.33129683 1.0
908.4134536306263 269.45037316227587 -0.10141 -0.245375 0.2796567 1.0
952.6075190890858 281.01555164330523 0.110464 0.043917 0.29893428 1.0
956.3995830796337 281.43893917336356 -0.363238 -0.371628 0.2980773 1.0
1058.9325658301404 309.5278952980168 -0.199399 -0.006474 0.3457629 1.0
1047.5394877640883 296.05978293000055 0.102926 0.331488 0.3369903 1.0
938.1908375956975 265.18631569919575 0.189865 0.186134 0.28760576 1.0
1088.22370667082 303.0912859433485 -0.336857 -0.141474 0.35806078 1.0
1044.0025567234406 289.85978827871014 0.025525 0.608981 0.3336075 1.0
1075.2590832255414 284.41222201104074 -0.450288 0.225144 0.3468068 1.0
1068.4005414644296 281.7064144046756 -0.169839 -0.324925 0.34541416 1.0
1097.6312861515107 288.6843818541671 0.57183 -0.123417 0.3599606 1.0
900.7142629970996 267.0715237306816 -0.415795 0.193469 0.27037835 1.0
1053.9216692494224 309.6965536841925 0.395038 0.691175 0.33760846 1.0
944.6793051060436 276.0684081943301 0.005198 -0.33239 0.28801975 1.0
960.8580572923892 280.5218881990309 -0.409954 -0.598542 0.293735 1.0
814.8682786980513 234.68730919943758 0.009065 -0.488094 0.23412006 1.0
1081.5729329603992 311.2843785508925 -0.185354 0.083212 0.34727708 1.0
1089.955081210781 306.20489006851983 -0.236168 -0.116538 0.35206652 1.0
951.7740911028145 265.869431169954 -0.054044 -0.273977 0.28672627 1.0
1094.0845374703697 304.5672907532338 0.030737 0.185938 0.35035494 1.0
1047.9019480104716 289.05103051634285 0.287021 -0.088183 0.32987303 1.0
1088.3913838060973 291.5647312747799 -0.147312 -0.207676 0.3471548 1.0
1064.5956847540604 318.9285432417538 -0.269348 0.184538 0.33641332 1.0
956.8482567788042 284.26519016588986 -0.040545 0.023255 0.2853079 1.0
1103.5342738980896 307.7891314749202 -0.526281 0.047423 0.3466005 1.0
1093.2008125634666 302.46873760993566 0.016243 -0.122782 0.34217763 1.0
1072.8758808780392 296.0352651282534 -0.008455 -0.218273 0.33432195 1.0
1107.5068261855947 301.8809949747852 0.02995 0.039242 0.34927955 1.0
803.7141132837615 273.38710963406623 0.244828 0.435284 0.2968594 1.0
806.8047073175194 240.37330698607678 0.218153 0.229145 0.27987346 1.0
881.0241792063255 261.16709096079995 -0.34162 -0.431655 0.31655976 1.0
871.5727231491483 306.352698643557 0.111856 -0.06406 0.33310205 1.0
807.2631843492038 277.4571019038206 0.249193 0.17708 0.295528 1.0
856.2012182979304 263.2188651742457 -0.007238 0.558705 0.30159262 1.0
899.6083638031288 270.76440826647155 0.79195 -0.284753 0.32351947 1.0
667.2683641492657 185.0525452791762 -0.37859 -0.066635 0.20835158 1.0
877.2223523005805 237.60434451694928 -0.245817 -0.092801 0.2986252 1.0
838.3498245118691 226.3943817413699 0.35817 -0.074473 0.28174102 1.0
840.697213626354 226.98343837902027 -0.096064 -0.033563 0.28168023 1.0
981.5475631118851 263.34271603989407 0.153893 -0.322641 0.35435605 1.0
855.4167604839139 226.72004974934515 0.063147 0.152369 0.28677475 1.0
938.6359944924329 239.67882593216666 -0.801109 0.257597 0.32679364 1.0
887.6604801373015 308.740025662737 0.008443 -0.853988 0.33398494 1.0
627.1370012603116 214.47758890841112 0.447822 -0.519451 0.20472085 1.0
899.7989491296928 305.7583804048713 -0.764369 0.08379 0.33456314 1.0
848.6398253249822 284.31213862339257 -0.011017 0.024832 0.3057187 1.0
781.3190877850509 243.53463271879045 0.103894 0.086516 0.2619311 1.0
861.7958676015838 264.248882955553 0.077903 0.21321 0.29903477 1.0
915.2604769235595 273.24679904855145 -0.3515 -0.016662 0.3225078 1.0
544.9772240947743 158.97038242303802 -0.087316 0.155227 0.16029775 1.0
749.9659641364856 214.68243045219606 0.019674 -0.196427 0.23973761 1.0
671.6716752975622 187.94693739865113 0.007356 0.11398 0.20582472 1.0
887.8947477214766 236.8713779212946 -0.082449 0.25379 0.2973086 1.0
936.5075456014285 249.89420996024472 0.052923 -0.023487 0.32096484 1.0
941.7406397345145 250.7397699183658 -0.560165 0.000816 0.3231503 1.0
953.5935811131495 249.5657433702165 -0.574884 -0.031211 0.32672787 1.0
806.9346511291609 211.0409829949648 0.516555 0.497867 0.25809273 1.0
980.0336059142966 255.08078523870856 -0.000792 0.02859 0.3407028 1.0
783.0367118448152 276.5201791524604 -0.003874 0.206695 0.27457002 1.0
843.4206822267308 287.23574652845355 0.06047 0.061806 0.29790288 1.0
824.099308445387 279.787069553357 0.353015 -0.640371 0.2865163 1.0
857.6928872165118 291.1579249463536 -0.07809 -0.270123 0.30431765 1.0
783.5838820900253 260.67212752088733 -0.02818 -0.260774 0.26434717 1.0
928.4319305269551 308.18614769884107 -0.111813 -0.740333 0.33561438 1.0
970.9064281493918 318.2882459738436 0.398849 0.012573 0.35679352 1.0
917.1370995895151 287.63823277544157 0.00107 -0.096874 0.32182485 1.0
662.9284707941802 205.8200332575702 -0.116857 -0.245444 0.20601219 1.0
660.0526057803467 204.51473281642438 0.061751 0.003783 0.20539698 1.0
942.7958689772792 292.1382700946087 0.659345 0.441564 0.3348333 1.0
941.3595817653409 291.354935264093 -0.130748 -0.045052 0.334405 1.0
992.2165211897897 298.3546727452132 -0.099954 0.124347 0.35430393 1.0
867.3625858043445 260.33717629667115 0.188859 0.092807 0.29042193 1.0
864.0350369559143 258.23327299919646 0.548282 0.016978 0.29060835 1.0
874.8635892779238 252.67966720689887 -0.172863 0.168232 0.29117802 1.0
734.2393742568775 212.094027531417 -0.27238 0.012539 0.22947732 1.0
918.4763355832011 254.28646757724684 -0.035338 0.005695 0.30670127 1.0
978.4456290947546 267.4582321130026 0.194256 0.022391 0.33689165 1.0
973.8920139824361 264.78498601868597 -0.018431 -0.092948 0.33383924 1.0
983.1778713096799 264.33538714987833 0.400691 0.276491 0.33670455 1.0
918.1628079797508 246.8260262648648 -0.34545 0.039759 0.30669063 1.0
985.0731526035959 263.2440936534444 0.260368 0.441014 0.3373646 1.0
929.0802468477732 242.37764651661547 0.02189 -0.213825 0.30746216 1.0
748.4302895570708 190.07943605403506 0.255176 0.040541 0.22773317 1.0
923.7221649098996 327.733201942618 0.621184 0.014234 0.33989346 1.0
596.4150961177552 211.12206758509373 -0.030237 -0.085007 0.18722486 1.0
626.7815635580596 216.35652869387087 0.420978 -0.587267 0.19605374 1.0
960.8429717407984 331.4734034491615 -0.187431 0.592053 0.35468084 1.0
687.5691594699372 236.01527298839946 -0.802705 -0.168681 0.22138071 1.0
625.5501981549136 214.48546650691745 -0.432994 0.6649 0.19585021 1.0
859.060810594323 291.151816509732 0.135129 0.095876 0.29635808 1.0
863.1876118811688 290.53915878418576 -0.431731 -0.424816 0.2976442 1.0
848.5454138351098 279.9931320742121 -0.199807 -0.203893 0.28830072 1.0
658.2637174257612 216.92409896070382 -0.029928 0.076967 0.20411256 1.0
996.9053260530237 308.3077519864841 -0.06397 0.036349 0.3533591 1.0
679.4299828442976 208.09991034178805 0.061057 -0.518929 0.20719206 1.0
832.9665712665811 254.17180502853566 0.384581 -0.051998 0.27052143 1.0
918.2650894234495 279.0114497586693 0.122787 -0.118288 0.31013203 1.0
994.732759919122 286.8534535254148 0.585427 -0.445904 0.34254298 1.0
981.2944619738847 279.5491530910955 0.050367 0.115 0.33608225 1.0
761.0774878450362 215.9564764430271 -0.254462 -0.077239 0.23407257 1.0
698.4237819875652 194.02746619285716 0.182076 -0.107534 0.20765103 1.0
987.7252399348096 272.0351737543121 -0.228336 0.050445 0.33688825 1.0
993.5297778405542 269.9979938711171 0.190661 0.090252 0.33820063 1.0
991.0720578263787 265.5631397252156 0.240611 -0.021373 0.33627358 1.0
798.3240171283023 210.14994131686078 -0.159629 -0.007752 0.2440433 1.0
866.7346001857303 225.93326827422354 0.095869 -0.063937 0.2746168 1.0
1000.8029068993759 258.716589037061 0.178764 -0.030212 0.33555713 1.0
751.3955630424177 193.24505566444253 0.073667 0.36351 0.22615671 1.0
882.8608698172122 274.62787704694114 -0.593344 0.363247 0.2909034 1.0
686.3507665133804 209.44833756985736 0.151256 0.438993 0.20615502 1.0
899.2737627892185 272.8365101125157 0.108751 -0.052002 0.29393435 1.0
900.0862426067857 272.3482968422918 0.15314 0.047243 0.2934321 1.0
917.7767194126707 274.523617164552 0.047998 0.154461 0.30171254 1.0
704.3776402684497 204.1661258967557 -0.185867 -0.210523 0.20811324 1.0
780.0037158274882 225.00560933795273 0.012236 -0.116179 0.23823881 1.0
700.7587738334615 201.8068917811013 -0.184551 -0.131274 0.20813054 1.0
1002.1660656487064 272.2483585030576 0.435198 0.402929 0.3338129 1.0
942.6243744542587 252.4182684308833 0.223807 0.142581 0.30355847 1.0
814.2313666042712 215.30653402174897 -0.146958 -0.32169 0.24714975 1.0
1027.4307765376225 263.8028152166093 -0.220721 -0.030789 0.3410708 1.0
861.6836205561889 293.04133795879363 -0.184995 -0.120206 0.33435103 1.0
861.8438764763208 288.9186093613875 0.07489 -0.164017 0.33206558 1.0
874.8450324004057 255.19616725551774 -0.021707 0.054335 0.31629467 1.0
750.2034203768995 198.73422087929734 -0.138042 0.016759 0.24776472 1.0
770.1327856840388 202.7813478907064 -0.457283 -0.167451 0.25669327 1.0
947.7610442661193 250.32179262242528 -0.299825 -0.210468 0.34591922 1.0
944.9556631421037 240.79039096895087 -0.058499 -0.063887 0.3386148 1.0
850.6797429918992 216.3484734077834 -0.20649 -0.370422 0.29095888 1.0
855.7242905686448 217.58627909442768 0.144335 -0.053076 0.29347688 1.0
870.2438730696035 310.6071715946781 0.360608 -0.256638 0.34187424 1.0
860.5276721612711 300.9023825361996 -0.189507 0.004259 0.328118 1.0
820.3349064078773 280.7153833853615 -0.301872 -0.036631 0.3039188 1.0
808.2034789445444 274.89657816505195 -0.082462 -0.516117 0.2956556 1.0
878.1891974586897 295.18544466639685 0.011878 -0.162617 0.33380893 1.0
880.1872451656856 295.6582720972373 -0.084926 -0.098427 0.334308 1.0
886.4567411510008 290.87619933110926 0.376535 -0.658065 0.3303568 1.0
852.79652865517 239.69894860917722 0.320635 -0.467347 0.2947875 1.0
977.9842790584985 266.0644467576754 0.136374 -0.105654 0.35617897 1.0
837.6565784998376 226.13708233889213 0.312618 0.09879 0.28193545 1.0
610.0829457745428 161.51555860147664 -0.232828 0.293366 0.18483979 1.0
862.9248258315959 228.6748497472046 -0.195852 0.064651 0.29288685 1.0
956.2206783112241 252.8654043759799 -0.104364 -0.058161 0.34301233 1.0
847.7665746768822 223.36831511779073 -0.155321 0.008813 0.28756392 1.0
855.1717775703215 224.14585055092186 0.182427 0.006016 0.28989884 1.0
954.226714756229 250.6925769010772 0.113887 -0.176959 0.3386537 1.0
859.1003865945969 225.0804648673358 -0.008457 0.16813 0.2909631 1.0
881.3464008640785 231.09251950098766 0.021102 -0.196701 0.30228516 1.0
955.5049244215953 249.46013797634075 0.532544 -0.088104 0.3386336 1.0
852.8018942588718 220.48643214745164 -0.007088 0.025477 0.28579408 1.0
959.2145795834767 247.6876247196607 -0.045769 -0.168195 0.339561 1.0
957.8463625759409 247.34583052009336 -0.146087 -0.455906 0.34079167 1.0
897.8615808572328 318.78035405170755 -0.158769 0.071855 0.3454504 1.0
902.2451544606834 318.6740682256741 -1.024018 0.031456 0.34725848 1.0
916.0559281468234 317.37847114257346 -0.230271 0.154698 0.35233125 1.0
868.3107966846447 300.3395265708555 -0.080899 0.505826 0.32584772 1.0
631.9455220192531 211.42921293807575 0.25069 -0.286751 0.20542341 1.0
941.5069978732417 309.75325959180253 -0.741881 -0.57364 0.35551432 1.0
952.5443297642199 309.10436214437067 0.521027 -0.074906 0.35954046 1.0
914.6432983180069 289.028255772172 -0.178065 -0.161762 0.33295208 1.0
803.790520377289 252.44110589415126 0.381514 0.302522 0.27674395 1.0
788.4873820169863 244.73168665475495 0.133363 0.551749 0.26682234 1.0
959.7125024556174 284.7755768118228 -0.323899 0.2997 0.34947243 1.0
836.7121669449086 243.2347219976706 0.193591 -0.25735 0.28190622 1.0
835.0363385882786 241.43345527539543 -0.552636 -0.750083 0.28298235 1.0
663.4204290271068 186.10798220020175 -0.014171 0.018037 0.20579094 1.0
868.2130057982957 241.89686815570792 -0.048906 0.299762 0.29330614 1.0
904.2467191911271 250.713266272541 -0.367195 0.02088 0.31098875 1.0
951.6083526472518 263.85306945799107 -0.511242 0.579983 0.33554494 1.0
991.8547928989217 274.47039627207346 0.004534 -0.012748 0.35816914 1.0
842.6765607895234 228.32853138176614 0.120029 -0.317775 0.2808935 1.0
880.9253839553342 236.90684669234992 0.186411 0.357155 0.2987716 1.0
884.7277057215604 235.6662400311065 0.007629 0.152641 0.29735062 1.0
991.3511709139775 264.23371948721575 -0.064728 -0.245022 0.35370356 1.0
846.1237951464697 224.3108900451109 0.136544 0.194096 0.27881727 1.0
903.476720561259 239.14447820888037 0.333632 -0.279438 0.306562 1.0
905.034275702255 239.4937129288847 -0.03428 -0.09904 0.30668658 1.0
902.2567679103586 237.39329485662773 0.295465 -0.1503 0.30677056 1.0
928.2487999120791 242.05435541898655 -0.402768 0.140448 0.31670305 1.0
956.0765842426604 249.80016321530584 -0.215293 -0.053621 0.33343837 1.0
970.3436642038475 250.6448058677045 0.401408 0.104602 0.3375567 1.0
976.660499786297 252.2086456078503 0.082623 0.195873 0.3435979 1.0
866.1500467564256 219.6123218556743 0.246779 0.141865 0.28683487 1.0
821.8465995543005 291.5611725071864 0.609695 -0.328658 0.29553238 1.0
910.2042481288147 324.92215117637227 0.431072 -0.254464 0.34722567 1.0
699.6473125131412 243.33101250441283 -0.278904 0.073418 0.23458776 1.0
626.042830670559 216.03564357711107 0.080231 -0.87054 0.20326619 1.0
838.7601156024323 283.00631001872785 -0.022268 -0.10436 0.29534394 1.0
837.84586227629 282.84926350456504 0.575649 0.201841 0.29539278 1.0
798.9113107200516 266.582213260707 0.096853 0.01409 0.27691874 1.0
798.0190575719201 266.0520038709654 -0.150778 -0.322083 0.2764743 1.0
896.7472133200706 297.82968611401407 0.353392 0.122117 0.3231668 1.0
935.8111139234891 290.4478465404255 -0.090842 -0.054408 0.33393028 1.0
895.2172042875462 275.59372218709615 -0.157107 0.333042 0.31146434 1.0
954.6149888794984 293.0891305888106 0.029769 0.169252 0.34210482 1.0
956.4707515494961 293.2099380478696 -0.389147 0.150504 0.3443881 1.0
843.1836057700584 249.45863409714178 0.186222 -0.081987 0.28281575 1.0
942.7766336475607 274.56291014268953 0.168795 -0.309648 0.3278541 1.0
723.6527630383249 204.505651465136 0.08684 -0.308209 0.22550996 1.0
867.9879550476057 241.31828776396682 -0.336719 -0.010964 0.28868234 1.0
965.3947571334555 265.40007855371886 -0.086774 0.22559 0.33660328 1.0
969.6860635369437 262.5323374893823 -0.017795 -0.11596 0.33653265 1.0
969.4591790013174 261.93389560916194 0.212718 -0.064316 0.33695555 1.0
974.1771249380012 262.72528322921875 -0.077619 -0.315977 0.33795953 1.0
972.0126348784928 262.95399224702174 0.298756 0.073568 0.33656955 1.0
865.93652459933 232.12549558262026 -0.282599 0.270245 0.28450862 1.0
867.8489734309803 231.3094201014463 -0.009878 0.022488 0.28509235 1.0
980.3023441597852 260.49379434932774 -0.000482 -0.024127 0.33885977 1.0
987.5666163101737 250.8106745761439 -0.065468 -0.017131 0.3389232 1.0
936.9133067729468 332.0646858944103 0.069226 0.033224 0.35316688 1.0
888.9700902432924 306.1662036648293 0.186381 0.112659 0.3189059 1.0
844.5509220932463 290.2626279746657 -0.179163 0.169134 0.29614744 1.0
919.6538672495121 316.4184249811465 0.257254 0.140594 0.3365096 1.0
843.0200212856814 287.96651862127834 -0.002836 0.073775 0.29510522 1.0
605.7990839074331 204.33240525483913 0.307605 0.007648 0.18786106 1.0
834.6597922861065 281.8281787917965 -0.014845 -0.299937 0.2886262 1.0
836.160621750651 281.7514898349788 0.244295 0.111051 0.28900185 1.0
843.2139074638418 278.8239326098992 -0.231055 -0.373704 0.28793743 1.0
789.6802519593228 260.17553598128785 -0.277498 -0.072423 0.26433018 1.0
791.974678408098 260.7452763996509 -0.084517 -0.141025 0.2651235 1.0
840.4024387996753 265.35190100511016 -0.059125 0.034619 0.28129378 1.0
988.2587115850431 313.05541904390566 -0.0986 -0.406529 0.35736385 1.0
943.2830156484073 281.8003537189905 -0.170814 -0.100232 0.32593343 1.0
859.621997336872 255.1163077344156 -0.19499 -0.149295 0.28441256 1.0
555.7139988518294 163.99749095205328 0.073389 0.21449 0.16074991 1.0
975.1730885037829 279.64459672958225 -0.206502 0.099335 0.33615085 1.0
744.5455848982444 212.86818184003604 -0.35296 0.005482 0.22950545 1.0
738.3254463610039 211.13516521082963 -0.060528 0.268794 0.22850607 1.0
763.1563682949867 215.53011997558252 0.537964 0.027086 0.23770072 1.0
999.9563451727066 270.3990825437393 0.089483 0.17144 0.3426777 1.0
1011.3342717273879 273.8929560282664 -0.086502 -0.044811 0.3484001 1.0
763.4383018153675 204.17396071940647 0.110522 0.260108 0.23395829 1.0
993.3658400427187 264.70909431369745 0.290148 -0.143845 0.33861125 1.0
936.168611440244 245.67434082724603 -0.064529 0.006274 0.3089379 1.0
860.7572929824306 224.26055352830372 -0.046305 0.366271 0.2746862 1.0
765.1426523311202 268.87495251130974 0.211499 -0.240167 0.25485846 1.0
720.8118599534603 251.19145342057283 -0.058139 0.084966 0.2343408 1.0
784.4274325877017 269.76855446499974 -0.079755 0.049815 0.2615273 1.0
841.8563135882637 287.1683948795077 0.015119 -0.12936 0.28778473 1.0
937.3175150757066 316.9094177015101 0.365622 0.306168 0.33325943 1.0
771.1981032499584 259.8576322414682 0.047791 -0.02859 0.25284535 1.0
874.4716264540509 287.705344482989 0.177604 -0.086836 0.29877105 1.0
957.4914949424257 314.8584972075456 0.141564 0.182772 0.33950007 1.0
879.6967738352589 287.8316098569447 0.167834 -0.178076 0.30012402 1.0
1000.7635590303292 317.22343462675497 0.45165 0.096688 0.35550523 1.0
949.3375634476517 286.4675850549288 0.090076 0.100868 0.32203442 1.0
1011.4121930952223 303.99137408087637 -0.248041 -0.084704 0.3542707 1.0
941.3269808557569 282.11925290037976 -0.317332 0.031137 0.3164642 1.0
978.6821682142604 293.2017833151724 -0.055252 -0.011473 0.33448845 1.0
872.7997513796253 259.7153998669679 -0.055724 0.145224 0.28463808 1.0
874.5338950221757 260.2028062177237 -0.234852 0.322927 0.28532603 1.0
920.1865312435924 266.28312692245277 0.043898 -0.030238 0.30489144 1.0
929.6178889940746 267.1799080687652 -0.314564 0.171525 0.30663183 1.0
765.9781886112175 216.604446181278 -0.254698 -0.271491 0.23311296 1.0
699.3474809268084 194.97925066224155 -0.072591 0.006681 0.20702046 1.0
908.3123100146173 247.15671804719298 0.180858 -0.174818 0.29119337 1.0
925.8504556325703 248.51698714250017 0.139144 -0.194152 0.3005571 1.0
1017.5128352271115 272.73371341993493 -0.005494 -0.000464 0.3459649 1.0
830.6057201227235 219.88281261034066 -0.303234 0.263227 0.257736 1.0
948.3235916438431 246.3195769934544 -0.067513 -0.100276 0.30687407 1.0
1026.754782600597 266.44968455425067 0.223818 -0.13346 0.34440687 1.0
994.2894194742291 255.03144745042613 0.300814 0.122843 0.33056337 1.0
950.669424940542 244.3597389302107 -0.133344 -0.031319 0.30648884 1.0
684.2194038081951 245.8927925491433 0.168465 -0.151906 0.27504727 1.0
779.9638301894175 280.13401352010334 0.28754 -0.058804 0.3317255 1.0
758.9748705886179 272.37584891633776 0.101019 0.167969 0.31802863 1.0
703.0995809028241 247.62858208437265 0.024187 -0.356497 0.27929717 1.0
697.519245036452 246.23805966459372 0.604269 0.836403 0.27797732 1.0
681.2179832219565 236.39911660819533 -0.688895 -0.518136 0.26728404 1.0
676.6507460665674 236.07006843995867 -0.293501 -0.413674 0.2650789 1.0
680.3608894413344 236.97778321728543 -0.021627 0.346971 0.26719397 1.0
731.7062890867471 254.32106520313104 -0.066419 -0.088381 0.2939421 1.0
819.2051197131063 284.6779052812063 -0.005073 -0.390678 0.34968057 1.0
757.8387473171824 262.16514781900975 -0.508038 -0.350915 0.31076986 1.0
686.1599568000644 235.84887552934552 -0.120947 -0.003478 0.2674934 1.0
806.2154509254307 246.57770174071268 0.371538 0.082984 0.31740928 1.0
741.8609903455649 226.81781710470742 -0.136428 0.380715 0.2789091 1.0
694.3256193308412 252.16295908985146 0.416249 -0.423734 0.2759096 1.0
778.4454414754201 277.5797304375282 -0.036812 0.114877 0.31976986 1.0
792.3821455356144 283.4586146221384 0.071497 0.001783 0.3309898 1.0
667.8549645969974 233.78078760204616 -0.242795 -0.336049 0.2553626 1.0
737.2668372569129 253.43389434620136 -0.0681 -0.006382 0.29043463 1.0
567.4613828813484 187.06823634937356 -0.380384 0.235865 0.19901222 1.0
732.0214392894246 236.39435825830378 0.413323 0.161968 0.276804 1.0
618.3415920388395 197.76454484750647 -0.271001 0.01934 0.21806562 1.0
738.5130876453314 227.50137419740773 0.846193 -0.038772 0.27224073 1.0
741.847546544379 226.61383111528264 -0.060283 0.24781 0.27458164 1.0
876.3821156756077 249.5569140586167 -0.648661 0.199112 0.3393268 1.0
822.5128189492505 233.8910571907879 -0.184785 0.171376 0.30803877 1.0
516.3698846483213 186.3537808695437 -0.278786 -0.20305 0.1814766 1.0
771.9249457759825 273.77173988264303 -0.019349 -0.192239 0.3064015 1.0
857.2625724683057 286.20200536158075 -0.534017 -0.440233 0.34768018 1.0
809.8045700690512 269.42645350063964 -0.022589 0.147879 0.31870282 1.0
787.7263773744048 258.24846244410855 -0.036236 -0.140523 0.3031673 1.0
721.4197059864014 237.7678242148722 -0.089405 -0.55685 0.26640853 1.0
767.7337123249914 250.9017225721759 0.15468 -0.036667 0.29027998 1.0
748.975851335933 240.30859729612757 0.28742 -0.043134 0.27778038 1.0
750.416558512954 240.28009836570274 0.067403 0.069348 0.27899253 1.0
655.5972845800815 209.84158468992328 -0.061986 0.076071 0.2324198 1.0
868.0188053035889 278.61758519841794 0.111376 -0.176403 0.34336382 1.0
759.7704085387186 232.08790399711515 0.177962 -0.410649 0.2778519 1.0
760.7927539373713 229.72928841439034 -0.210218 -0.039507 0.27548307 1.0
759.3355528917076 229.3029650039136 -0.464708 -0.078136 0.27549562 1.0
689.837204961754 198.15649118758168 -0.241645 -0.453175 0.2370149 1.0
740.1952716070188 209.87919723405898 -0.311578 0.690264 0.25945425 1.0
894.2382995721173 253.3025599771782 -0.107992 -0.002038 0.33994746 1.0
774.3140348543193 216.97173705999 -0.382579 0.001705 0.27346185 1.0
624.0250371856193 173.28461621442995 0.386842 -0.250323 0.2049768 1.0
745.4624508145566 269.2277921990189 -0.103567 0.62614 0.29070902 1.0
752.6846951235843 270.283955324254 0.090048 -0.083644 0.29129198 1.0
751.7840340562168 270.0788351230557 0.1953 -0.101143 0.2908214 1.0
801.1613381623399 287.3155542873519 -0.009429 0.276239 0.32112536 1.0
765.0057644395571 272.3772198244196 0.316392 -0.060434 0.29799214 1.0
826.5770355414733 290.18438278973616 0.152076 -0.051803 0.3295771 1.0
775.4428153945088 272.08385901032915 -0.146854 0.221152 0.30206084 1.0
713.6345755299541 245.79888489621757 0.285554 0.667129 0.26576495 1.0
543.8263230166748 185.61599153727835 0.566361 -0.185473 0.18382429 1.0
816.2429019994689 278.6512260301783 0.296937 0.057045 0.31887516 1.0
797.0396729047764 271.01923615642073 -0.384162 -0.166871 0.30718967 1.0
874.530356618047 295.7355837221303 0.681801 -0.130596 0.3510027 1.0
618.8765807732422 206.19663475171285 0.029363 0.017225 0.2149284 1.0
885.2340545674853 282.39225394795966 0.054868 -0.416272 0.34573296 1.0
914.5319436833605 282.82300780736205 0.265139 -0.416367 0.35625687 1.0
798.3811990075122 242.34097264926692 -0.254155 0.24674 0.2901347 1.0
751.3600852879041 227.8467234158141 -0.199118 0.181996 0.2664051 1.0
903.2829322098494 251.2524228794978 -0.10958 0.195415 0.33533823 1.0
872.774254472793 315.6205019996907 -0.419117 -0.184896 0.35898384 1.0
819.0047563214263 294.97722343114265 0.120525 -0.021503 0.3221411 1.0
829.1678857386273 295.53655589099935 -0.02172 -0.95937 0.328765 1.0
496.7022984362275 176.87852940298998 -0.759365 -0.07536 0.16578272 1.0
771.3478097367769 274.2030711094646 -0.015546 -0.079485 0.29313058 1.0
830.2301509570784 294.9060432445309 0.130268 0.217416 0.32882044 1.0
827.5293304488871 293.9062370996458 -0.053578 -0.146266 0.3271312 1.0
773.2814108656469 271.8011741282898 0.043437 -0.050021 0.29302555 1.0
808.4111963662496 281.63136107257014 -0.083068 -0.061219 0.31052807 1.0
588.2095201067651 199.47246356371934 0.027029 0.497534 0.19883019 1.0
520.4093606081541 166.7935241067543 0.536559 0.745232 0.16595449 1.0
739.3844573642666 228.12829647560716 -0.256366 -0.038038 0.2580603 1.0
842.6021794154638 259.49074866106326 0.369392 0.556607 0.30847555 1.0
837.8416877657929 240.86641169422091 0.197314 -0.17899 0.29745775 1.0
796.7640874220913 254.58771887129606 -0.173876 -0.011966 0.35278025 1.0
638.4682885510495 200.80215499047782 0.113558 -0.163195 0.25472575 1.0
674.2118236489415 208.88392189905275 -0.02327 0.117603 0.27122027 1.0
748.5626270240808 230.8775814088421 0.271304 0.12177 0.31589904 1.0
534.2597895365581 177.55444321233045 -0.017445 -0.062761 0.19883965 1.0
796.4009290331609 254.7471032925053 -0.408563 -0.05726 0.3345412 1.0
693.8106237214987 217.74112314054605 0.227949 -0.009796 0.27124155 1.0
698.9344052003992 216.76173868026225 -0.156246 -0.285811 0.2724141 1.0
650.8555558872497 189.35181642233852 -0.051431 0.091302 0.24021113 1.0
561.7661411363532 184.94951702448188 0.136072 0.129419 0.20546196 1.0
564.4884931850385 185.822174697645 0.797671 -0.267073 0.20648418 1.0
686.2290124776277 226.0518429637186 0.036968 0.221367 0.26947892 1.0
705.5266698304066 221.06602431026374 0.24531 0.422641 0.27222887 1.0
694.7837469812371 210.26649741256927 0.102808 -0.234109 0.26207727 1.0
699.9560738925032 208.30920028888355 -0.104085 0.134262 0.26104876 1.0
717.1637872573633 207.81428639843793 0.007823 -0.108264 0.26908383 1.0
705.8984539381194 204.28096907349556 0.399966 -0.412782 0.26167652 1.0
838.6217350453616 236.7783364669742 0.211749 -0.060223 0.33064163 1.0
812.2058323866304 227.26294168401895 0.50886 0.595389 0.31439885 1.0
752.5755547324571 272.88615060785634 0.014828 0.247161 0.31850347 1.0
742.2533100189742 267.8111474930699 0.232294 0.145203 0.31214306 1.0
753.3966567539633 272.7664425108545 -0.31592 -0.287352 0.32119983 1.0
677.3400359924216 242.78373474825986 0.447516 -0.06391 0.2723823 1.0
696.2919504987389 245.84688296430372 0.032509 -0.008102 0.28092587 1.0
685.714529323151 241.7487686871215 -0.413833 -0.203826 0.2752179 1.0
671.9872512818694 236.61267985175542 -0.191824 0.804293 0.26629916 1.0
749.4511198938316 262.71364248364563 -0.025281 -0.578881 0.3101225 1.0
696.7880915466513 239.33734645416544 -0.606575 0.256789 0.27703604 1.0
613.9318796769644 211.9977919148362 0.095113 0.26814 0.23347114 1.0
616.6281728445616 210.76206576133725 0.224361 0.476747 0.23262574 1.0
735.7918401617716 244.5149001297367 0.031868 0.576735 0.29353392 1.0
737.153891032217 243.66992191396827 -0.218112 -0.052911 0.29356453 1.0
639.2080047496479 203.10407717074878 -0.025771 0.080128 0.2358218 1.0
575.3513637701857 182.23090186254137 -0.219353 0.429579 0.2050844 1.0
724.1810725765977 221.5189661930051 -0.175262 0.312914 0.27435675 1.0
723.3834600234895 220.77313280811325 -0.160427 0.065409 0.27301136 1.0
687.0253858253911 208.8859169545691 -0.434903 0.637987 0.25458646 1.0
726.8997377781728 217.09158637139674 -0.150397 0.178877 0.27354723 1.0
705.4969705561538 209.84628224007508 -0.61263 -0.203694 0.2613795 1.0
707.4670733481267 206.05232151094805 0.148722 0.243494 0.2597499 1.0
836.1988431534716 241.649403038166 0.099332 0.017562 0.32964882 1.0
890.8068390053394 253.69892709997893 -0.277974 -0.135083 0.3592005 1.0
681.1845352448058 192.21808807031564 0.521319 -0.404963 0.24474706 1.0
595.9615753208786 164.48444278994876 -0.033206 -0.175604 0.20301172 1.0
769.9124796861942 277.21413143440935 -0.074262 -0.236482 0.31990296 1.0
776.0559853694382 274.17767362105775 -0.162865 -0.125062 0.3187233 1.0
793.4437869468854 280.0918122425193 0.034879 0.112282 0.33242518 1.0
725.6333805213862 251.78981171235023 -0.29032 -0.099593 0.28908125 1.0
731.2105517577269 250.55259252914234 -0.22547 0.07603 0.28858674 1.0
628.6593105600242 214.96992117593365 -0.709917 0.242581 0.23372076 1.0
606.0078941285877 197.67321571445112 -0.06542 -0.281573 0.2174403 1.0
813.6777292773048 261.2047446901908 0.068364 -0.054447 0.32617778 1.0
769.1226065063138 243.75971004906495 -0.062668 0.219916 0.29612252 1.0
802.4853744078664 248.04768755495647 -0.375313 0.226374 0.3117343 1.0
732.4962250639508 224.8189394539276 -0.403187 -0.118489 0.27289388 1.0
867.3483294780403 265.8510571269543 -0.020839 0.094174 0.34637666 1.0
732.1652501908017 224.07493041061673 -0.012189 0.019363 0.2730974 1.0
729.66609055512 208.86428078656022 0.052364 0.040203 0.2635714 1.0
722.1537959567685 206.19486307079717 -0.199993 0.482517 0.2605352 1.0
828.8405166755632 232.1155158161039 0.487532 0.158811 0.31367517 1.0
694.8804089108222 193.12926641709953 0.181915 0.918187 0.2437814 1.0
740.792915383683 268.31901127546746 0.151452 0.383263 0.29846308 1.0
750.8189778913815 270.16382659597184 0.000178 0.081048 0.3018009 1.0
801.7993521610565 281.92227867729156 -0.061935 0.368853 0.32855755 1.0
741.906512613973 260.3262597416361 0.178256 -0.077366 0.29074425 1.0
705.2420310759212 243.2542319065853 -0.038783 0.011542 0.2677574 1.0
743.037883074013 256.3377275578894 0.153159 -0.231833 0.29019225 1.0
575.9358794747726 196.6551460669943 -0.031376 -0.110631 0.20472555 1.0
584.0952766549027 198.40764882065028 0.318717 -0.301312 0.2081511 1.0
852.7919725243875 287.27010928653675 0.264741 0.601606 0.34758875 1.0
827.1791326691549 262.87042037477613 0.422756 0.098275 0.32438037 1.0
774.6471262702171 244.22463284094107 -0.24707 0.282664 0.2936088 1.0
816.7289826138385 252.74841600221202 0.108643 0.327387 0.3121763 1.0
803.9231217733169 244.95602452583523 0.153043 -0.195742 0.30414334 1.0
751.7345662781373 228.34837728888849 0.42817 0.022686 0.2741739 1.0
817.7285848756728 245.26597697442156 0.048924 -0.413254 0.30764377 1.0
652.9175353171563 194.26687907494247 0.597014 0.166485 0.22494216 1.0
842.6896243688711 251.0898116341211 -0.157528 -0.007187 0.32041255 1.0
837.4639037425874 248.3922198932031 -0.042207 0.062586 0.31900838 1.0
757.3057597539454 223.895019065577 0.08602 -0.262922 0.27508575 1.0
870.8347075815717 256.0767247229886 -0.01303 -0.648394 0.3353306 1.0
838.1703307850025 243.813798421732 0.025759 0.221594 0.314901 1.0
843.592065370673 244.4777246112098 -0.570643 -0.245598 0.31691825 1.0
847.6380476501968 242.81907086875054 0.051558 -0.007818 0.31756896 1.0
841.9571051732927 240.9267507423341 -0.246158 0.169268 0.314124 1.0
821.1696347808133 225.7984623364679 -0.056181 -0.151247 0.29907975 1.0
926.5422490992298 255.4869153610841 -0.087807 0.203674 0.35724017 1.0
852.8882244409863 221.0037484050435 -0.192636 0.494741 0.31081 1.0
790.8303011700443 287.71013329707887 0.130323 0.513153 0.31971934 1.0
738.0545708015765 266.8413952664897 -0.012473 0.428374 0.28847912 1.0
827.64752085051 296.4895828816019 0.497139 0.326558 0.33895692 1.0
827.4258183816829 296.2537565354445 -0.055336 -0.087072 0.33971575 1.0
760.8447627984324 269.3759420142443 -0.205253 0.678043 0.2977526 1.0
581.916271063882 203.40400891595547 -0.031475 -0.635051 0.20625855 1.0
788.0854023121752 269.8610253575564 0.176107 0.326925 0.30608785 1.0
605.2539902805001 204.7576653551368 -0.078694 0.029496 0.2119044 1.0
796.4590926557053 266.5668170965197 0.06953 -0.053004 0.3063884 1.0
813.8695717886546 272.3143808762517 0.791448 0.349694 0.31576207 1.0
806.6331725271941 269.77595186871196 -0.206863 -0.323899 0.3117143 1.0
790.0025910412733 262.29934826979195 -0.119574 -0.222268 0.30174163 1.0
709.364187407496 231.2620642439501 -0.044385 0.074733 0.25706205 1.0
669.7349483817586 213.26094306789 -0.414683 -0.614826 0.2360293 1.0
811.4450235494083 249.54972875762306 0.304839 0.428196 0.3001806 1.0
831.1852460715976 248.4296848275361 0.527313 -0.127579 0.3082777 1.0
835.7544622566976 245.8413355748813 0.161929 0.170232 0.30903673 1.0
683.8075723535524 200.34338412907465 -0.397424 -0.073052 0.23294987 1.0
750.0569568272838 218.0031353151558 -0.072084 -0.017243 0.26315033 1.0
528.6544420850109 150.7829055277158 0.29595 -0.322647 0.16633217 1.0
762.2638995343974 215.25988039658455 0.0226 0.331814 0.26758653 1.0
886.1245793473533 251.0896701265668 0.341625 -0.340993 0.33263937 1.0
748.1306823340237 210.11318662143682 -0.237744 -0.153481 0.25952953 1.0
767.5188045804479 214.49928785906576 0.10291 0.118588 0.2688655 1.0
896.2210886727468 250.425835934448 -0.006564 0.091258 0.33455643 1.0
835.0529529566404 232.34554155830426 0.046398 -0.049678 0.3000573 1.0
873.8627870504071 240.88202223891037 -0.426513 -0.165758 0.31939605 1.0
832.1507027682792 220.33789299500336 -0.209402 0.222697 0.2937464 1.0
824.0696790886209 217.17691825117012 0.12106 0.348319 0.29002443 1.0
634.7772839928917 166.01422217274828 -0.675981 -0.05339 0.20398231 1.0
612.2506028985367 159.0259619607324 -0.141416 0.080862 0.19504847 1.0
626.0688268384513 162.50694681031953 -0.020864 0.338963 0.20009832 1.0
620.9665142353358 159.50707041863885 -0.064691 0.024977 0.19835854 1.0
817.7144455678985 208.281666705058 -0.559855 -0.329176 0.2834636 1.0
737.1521819847184 186.85204960788363 -0.209741 0.102821 0.24593487 1.0
899.467337076019 226.41236432303748 0.186133 0.042522 0.32564294 1.0
799.5074552047539 290.1476145013356 -0.033624 -0.098294 0.31921276 1.0
767.4376427764174 275.30733071775984 0.174838 -0.337449 0.29825965 1.0
756.8640448019605 271.1083456758248 -0.12101 0.264967 0.29131407 1.0
751.3046202769642 270.1322700071665 0.014732 -0.042185 0.2889033 1.0
872.6947183743706 310.5723035890225 -0.495039 -0.252676 0.3592341 1.0
574.5997982560242 202.33911360072634 -0.189264 0.389499 0.19965294 1.0
794.0421001861794 274.6889250917015 0.13618 -0.388938 0.30385906 1.0
874.6809968677934 301.780781280353 0.217489 -0.101518 0.35155654 1.0
881.1621688540439 295.0042319684043 -0.271756 0.393256 0.34917212 1.0
897.2857907042832 287.0565725002207 0.092312 -0.170006 0.3480153 1.0
895.6784238479993 284.17855401730077 0.132305 -0.150433 0.34676147 1.0
868.3195933440162 273.40404925582027 0.12267 -0.062405 0.3307213 1.0
750.385537184907 228.20454461593977 -0.653586 -0.236722 0.26309207 1.0
900.3527310545232 270.7138250059279 0.162669 0.152579 0.3405417 1.0
785.3753202898971 234.22862813498188 -0.202539 0.108505 0.278735 1.0
788.3179969054304 234.81082490596924 -0.446699 0.579256 0.27970797 1.0
612.3164622873763 181.03814098804776 0.019738 -0.382603 0.19893135 1.0
820.4289519187886 235.0683965148211 -0.256857 -0.209197 0.29116622 1.0
836.1163629458437 239.12751568126723 0.098501 0.106633 0.29736206 1.0
772.5892841769256 216.53129273824462 -0.09462 -0.117358 0.2654436 1.0
909.681905002091 253.44048103654566 -0.173502 0.363412 0.33494225 1.0
758.7705072480828 212.16799333440733 0.11373 -0.049965 0.25750595 1.0
840.8984104843516 235.11714256792948 -0.024392 -0.09311 0.29854217 1.0
773.3087761790407 215.73185496487181 0.149097 -0.105328 0.2652031 1.0
951.8545019166821 263.86428099209945 0.162211 -0.63325 0.3559699 1.0
851.9376635821437 232.19082049994924 -0.113777 0.064452 0.3002605 1.0
694.7401883587518 185.17070408621638 0.173398 -0.089572 0.22574803 1.0
831.114000552944 218.42614234011563 0.084653 -0.076195 0.28644755 1.0
837.1572322375887 219.86396065893058 -0.054752 -0.137305 0.29062417 1.0
832.7027748210625 218.63309262585435 -0.21072 -0.105719 0.28773445 1.0
840.372331230309 219.20393344397306 0.085643 -0.05201 0.29249182 1.0
831.9758934657852 213.30358925983168 0.347755 -0.421319 0.2860122 1.0
837.8019136559132 214.99682231663493 0.250515 -0.353498 0.2897838 1.0
633.970262115622 160.58830654412822 0.231267 0.273521 0.19794378 1.0
493.83364323740545 176.45269905355283 0.124627 0.006088 0.16339025 1.0
841.3397735261233 298.69082103213213 -0.017916 -0.015275 0.3288401 1.0
605.5611862098147 212.6500867011104 0.129659 0.077719 0.20837297 1.0
817.5144926178524 285.97060629427824 -0.083825 0.010269 0.31255883 1.0
829.736262598944 275.4216223225519 -0.255481 0.282694 0.30874035 1.0
865.6855233190619 283.9964766712133 0.255559 -0.057094 0.3281442 1.0
873.6036252695243 283.3937396541078 -0.143494 -0.231122 0.33071986 1.0
874.1490141919061 281.4190520799615 -0.164069 -0.156437 0.32988533 1.0
788.148899493133 247.14687413100276 0.383303 0.670853 0.27907375 1.0
886.605673286556 277.29379957296777 -0.05178 -0.217975 0.33092403 1.0
817.2270510807447 255.5342232752214 0.080272 0.143628 0.29475576 1.0
933.8272093812708 289.09883476198684 -0.068306 -0.929494 0.3548927 1.0
731.4918087683991 221.0531217404935 0.390263 -0.320398 0.24846093 1.0
619.8597312147413 186.5403344799979 0.194971 -0.329019 0.19940151 1.0
804.7074548503872 239.70353399877894 0.077111 0.385912 0.28028876 1.0
831.0304084356532 239.6864159545901 -0.014431 -0.060984 0.29103208 1.0
846.7082769440378 237.7029283452926 0.260523 -0.048845 0.29505455 1.0
850.0298658773079 235.017133566179 0.696786 0.394477 0.29485902 1.0
844.2888537166057 233.41555513075824 -0.118574 0.121974 0.29298288 1.0
858.2217822387026 237.22282865728536 0.105315 -0.091365 0.29967222 1.0
968.7638244688712 267.7618935943515 0.367128 -0.133889 0.35813272 1.0
646.916780514793 176.1447749371106 -0.242623 -0.061705 0.20338702 1.0
927.512608665853 252.2208247589796 -0.850747 0.046377 0.33492082 1.0
704.3589969070091 187.9175407619741 -0.045345 -0.141546 0.22517008 1.0
918.865274993518 244.8142611818119 0.082545 -0.123565 0.32752657 1.0
946.608009960511 241.02095303085792 -0.448046 0.224684 0.3385412 1.0
708.3775100967412 179.15737621872296 0.182908 0.409946 0.22491865 1.0
813.8494001458995 223.6281098335675 -0.095608 0.499537 0.29767084 1.0
610.2317858386974 162.56228408343185 0.292596 -0.102094 0.20108952 1.0
865.9518107726185 229.73518191340824 0.102769 -0.704843 0.32377997 1.0
920.4310169840871 241.99619592648523 0.230424 0.16136 0.3527711 1.0
813.8800618752684 215.48760472393866 -0.088977 -0.345707 0.28851232 1.0
820.1411933433885 216.19126417440708 0.33168 0.041614 0.29012766 1.0
627.9895121656366 163.12365228435095 0.259044 -0.105974 0.2027147 1.0
801.4751615341997 206.14997542478852 0.40384 -0.272603 0.27922624 1.0
876.1106865207541 241.82134737554438 -0.382979 0.323891 0.3195986 1.0
877.3046963525953 241.22222997541326 -0.315925 0.636778 0.31908032 1.0
877.9852921624262 241.1127748555989 0.054876 -0.055392 0.32094795 1.0
720.8669924231605 197.54107430300684 0.589024 0.024827 0.24151017 1.0
945.3593886784552 255.95870755519502 -0.015996 -0.220922 0.35490006 1.0
810.3919681550954 209.71033769395945 0.056836 0.09033 0.279837 1.0
728.3320540184569 188.26735117325362 -0.025467 0.074849 0.24106088 1.0
892.8085810085863 230.20799032348 -0.169961 0.24961 0.32155582 1.0
739.0797747838566 190.06023808406295 -0.324401 0.527814 0.24517334 1.0
823.6678689348317 211.36989755515307 -0.135216 -0.054244 0.2844618 1.0
800.0255525226767 202.42432290527492 -0.01058 -0.037324 0.2716735 1.0
861.2286717237511 237.61816741006686 0.030673 -0.03658 0.30538112 1.0
897.2979336920158 242.85398372761009 -0.200874 0.107447 0.32227927 1.0
797.0991254728658 249.6091007013056 -0.170884 -0.25478 0.35307908 1.0
759.9103394077182 234.94983055620418 0.138924 -0.145674 0.3259616 1.0
643.0892854137848 204.41770218356933 0.304301 0.057401 0.25642464 1.0
734.3087647601654 249.88715860041742 -0.064804 0.115232 0.3114912 1.0
691.3218235750381 228.06159696122947 -0.597954 0.205658 0.28265268 1.0
801.4446949370546 250.41201005186912 0.556744 0.300024 0.33874425 1.0
535.6097608312726 160.34611629534263 0.548403 0.260618 0.19038604 1.0
692.3598301786899 200.02090578504612 0.306038 0.045079 0.2633647 1.0
650.1172248018881 224.40871525442728 -0.074355 0.107213 0.25921163 1.0
678.5164099261616 224.99544993221747 0.353162 0.420559 0.26944983 1.0
483.83930102697366 151.69766512482394 0.200856 0.06656 0.16883121 1.0
483.34575417341347 151.55801927695077 0.089939 0.135592 0.1684904 1.0
702.3577920429993 218.3319792858739 -0.012851 0.192333 0.27300707 1.0
666.0109490815566 197.01692495845694 -0.537062 0.556239 0.24711907 1.0
794.0339581109494 230.44590273879524 0.105989 -0.099827 0.31199175 1.0
769.8755551846812 220.80342695152711 0.074949 -0.026877 0.29964682 1.0
749.4217032068117 268.84146533782655 0.128652 0.42936 0.3169287 1.0
767.9954428367164 275.01257226608936 0.179702 0.178935 0.328873 1.0
730.9042379453504 260.24857614452657 0.071178 -0.131333 0.30580953 1.0
758.2992897432302 264.4346788073066 -0.098723 0.151794 0.31815797 1.0
521.567864156494 181.5572185294435 -0.591437 0.276115 0.19186041 1.0
668.701558624958 229.8514070289631 -0.252355 0.042844 0.26397055 1.0
677.9869548319749 231.20666568674739 -0.498345 -0.480523 0.26722524 1.0
796.743441427235 259.72193326362486 -0.047586 -0.521251 0.32721442 1.0
807.8999646572744 259.91480183873847 0.178755 0.149481 0.3319866 1.0
681.4276824647103 216.88618008939272 0.006468 0.583038 0.25867787 1.0
726.671400502853 228.7068589061561 -0.051738 0.132523 0.28213075 1.0
726.0727014108671 213.67762289759136 -0.172677 -0.159492 0.2725264 1.0
832.6234359880143 239.03355526299836 -0.044689 0.153928 0.32779467 1.0
678.9343077702362 190.74950867113463 -0.145865 0.35629 0.24420802 1.0
658.6359629025244 182.44768303209406 0.028283 0.438132 0.2325332 1.0
558.710187517935 187.70582446645423 -0.003889 0.576266 0.21119909 1.0
721.0635884894958 257.5433017893689 -0.09341 0.180649 0.30296087 1.0
697.1600927347974 248.3788468464029 -0.275686 0.154645 0.28798664 1.0
770.2269308029788 274.5503922950148 -0.478346 -0.085975 0.33243364 1.0
676.997276724462 239.7428044327359 0.092501 0.317992 0.27488467 1.0
679.5421108052623 240.40647674940706 -0.129168 -0.001005 0.27725017 1.0
542.751269153421 182.36058981500747 0.207109 0.260429 0.19959544 1.0
945.9179924273495 326.8799250949204 -0.061194 -0.151795 0.33757353 1.0
812.4152497540093 279.9274966985784 -0.168002 -0.153156 0.27078164 1.0
879.3562049446186 292.8716080255388 0.405851 0.253637 0.29766148 1.0
622.2017247010474 205.31113431896182 0.119189 0.060896 0.18817098 1.0
841.3727952205421 271.82283721734905 0.055019 -0.040228 0.27602702 1.0
638.3309337394691 205.93981748174943 -0.1022 -0.24559 0.18743569 1.0
998.2630649994396 320.7208208063813 -0.31366 -0.01875 0.34471363 1.0
1002.3815417605636 321.43846612636673 0.389525 -0.337612 0.34557694 1.0
767.9822676622172 246.07069010829488 0.47286 -0.585242 0.23168904 1.0
923.1637726291945 293.01325729163653 -0.233448 -0.259329 0.29981104 1.0
1023.6094158600598 319.435030595539 -0.39503 0.006758 0.34635225 1.0
856.6516913285699 270.70326182575826 0.250511 -0.069489 0.26161617 1.0
897.8219908655125 278.4620688240057 0.044738 -0.047706 0.2783036 1.0
925.4674971440287 287.8369462405771 -0.143022 0.623554 0.28961357 1.0
910.0777298500774 282.9246084895984 -0.060887 0.638951 0.27888018 1.0
609.1392124695745 208.63468109208696 -0.4116 -0.390222 0.18352911 1.0
880.467863760964 293.51932809171626 0.387717 -0.096284 0.29624453 1.0
796.0668185141039 264.7458881724159 -0.050402 -0.028617 0.2565523 1.0
676.6701361957396 219.03464365714973 -0.135533 -0.072058 0.20413814 1.0
651.7264315782713 208.17555048627315 0.211167 -0.165431 0.19379134 1.0
742.2245650026377 236.7194308387575 0.043009 -0.03995 0.22834733 1.0
586.8514941092872 172.87811899768377 -0.22454 0.177531 0.16534713 1.0
671.7962476454162 189.80495614076887 -0.289429 -0.343516 0.19406983 1.0
686.7438728363617 224.1986180206369 -0.187986 -0.189327 0.2046947 1.0
685.1675996191242 222.44062640209393 0.386139 0.082614 0.20497875 1.0
664.2129970322537 215.07049826669038 0.277553 0.045244 0.19519292 1.0
1008.081948484817 322.4459269352379 0.097346 0.17685 0.34689656 1.0
1014.041071825414 322.11629229700645 -0.130836 0.006492 0.3465282 1.0
765.4875470550764 238.82627645108482 0.404743 -0.036049 0.23246172 1.0
664.8039913134461 207.15903588630266 -0.206592 0.038016 0.19304428 1.0
892.1609713855014 273.7657052493895 -0.128125 0.073348 0.28505757 1.0
703.6202252981302 215.040397848539 0.23629 -0.054041 0.20665963 1.0
909.0023805014691 275.0491355831973 0.032542 0.021555 0.29109502 1.0
587.0864563405644 176.71672069089226 -0.070827 0.024977 0.16376911 1.0
737.942306056939 221.5578903208074 0.289927 -0.124954 0.21741475 1.0
939.3829081437411 280.9987056799731 -0.021552 0.207558 0.30255777 1.0
711.0272263092121 210.41649292545563 -0.099861 0.019035 0.20822527 1.0
917.1205622876628 263.8004221295091 -0.042663 -0.064621 0.28872034 1.0
779.1812886876351 208.40528087590317 0.012789 -0.127014 0.22923888 1.0
800.6428630291296 212.22617011490453 0.390332 0.145691 0.235495 1.0
795.9849187951047 209.5975634514245 -0.524442 0.079901 0.23322378 1.0
806.3537334856716 211.96128895292537 -0.014974 -0.202618 0.23740532 1.0
595.2670012352785 190.83159671860236 0.161934 -0.084584 0.16699634 1.0
594.7400689075305 190.38522268984954 -0.049697 -0.034332 0.16645181 1.0
839.4062511126108 267.7652086329644 -0.204877 0.215832 0.25776622 1.0
889.0088625583231 277.7764897510466 0.284928 0.041801 0.2778952 1.0
847.9419166940747 262.0803193099318 -0.07384 -0.164607 0.26011923 1.0
748.0174023490105 228.8050206866623 0.298968 -0.06685 0.21781963 1.0
1037.0385158396339 317.2969756054708 0.12484 -0.245776 0.34627548 1.0
694.3582170418392 211.52561385413233 -0.112939 0.330791 0.19932234 1.0
936.4915994902899 260.96106289269 0.077589 0.424547 0.2908922 1.0
751.9669167416913 208.19322838800724 0.136872 0.501395 0.2140795 1.0
1038.6119036192927 288.15822794954664 -0.075473 -0.02439 0.33612043 1.0
969.4421705682041 264.79309031765183 0.125302 0.144664 0.3038524 1.0
1041.141232500657 279.2494247420362 -0.301695 0.052822 0.33576572 1.0
912.0546628209236 279.34750857757916 -0.178929 0.05315 0.28120926 1.0
656.8273806292052 199.43328798676674 -0.104602 0.087595 0.18231739 1.0
710.2668036901003 208.6617440922278 -0.478168 0.385558 0.19894513 1.0
693.2174085330661 204.1619758891947 -0.003909 0.010977 0.19253168 1.0
626.8130004823745 182.79703862909938 0.014165 0.342731 0.16887742 1.0
819.3179521202628 239.879352088819 -0.272158 -0.648305 0.23924568 1.0
736.1333909083164 213.20094053450708 0.15026 0.198032 0.20626761 1.0
1046.9156962677648 300.8737330746104 -0.120191 0.1723 0.3359861 1.0
944.4851641788797 270.383943810391 0.116459 -0.106725 0.28754345 1.0
1083.6277762753075 309.6958384185365 0.010567 -0.088396 0.35167393 1.0
1054.920302850224 292.2177448005587 0.063217 0.205324 0.3383772 1.0
699.1820912384544 191.04052153278283 -0.404111 0.345412 0.19092494 1.0
988.676363540039 267.80238631896543 -0.092971 0.045676 0.30458704 1.0
668.8855989717243 200.3996745743641 -0.060817 0.040345 0.18116914 1.0
939.1101672518968 279.50694169696646 -0.218923 -0.087116 0.28299972 1.0
937.1565163176116 278.36240879672727 0.031024 0.00238 0.280774 1.0
1086.9861834141109 309.55452742707416 -0.525266 -0.436857 0.34636483 1.0
1097.805594127905 306.0915419180512 0.114441 -0.060248 0.34754702 1.0
1096.7365611797647 301.0511008397363 -0.272951 0.19771 0.3490896 1.0
1050.7823101063693 283.66967538000875 -0.345348 0.288096 0.3270904 1.0
956.0234318725833 273.28664010784445 -0.231089 -0.1818 0.27951092 1.0
897.9488720999165 255.93459579808857 -0.067096 -0.194163 0.2573233 1.0
1066.5134641277104 296.4110068913537 0.101111 -0.227105 0.3278067 1.0
1108.2941349762752 304.06732374588904 -0.250891 -0.197366 0.34560534 1.0
841.4884171183619 241.29498732124824 -0.257166 -0.028033 0.23358142 1.0
659.0329157153967 188.3063240302864 -0.022584 -0.027303 0.17161147 1.0
761.3773603886028 215.5838412407864 0.35465 0.169467 0.20515218 1.0
761.2182990554903 215.25825503926458 0.123774 -0.011474 0.20497714 1.0
780.6100302623589 238.37335254451003 0.029152 -0.226294 0.22936626 1.0
644.1995704319986 197.59213859217718 0.023331 0.327117 0.176721 1.0
924.38463457456 281.2235566256734 -0.161233 0.151054 0.27998516 1.0
773.7032076183577 233.04198477866925 -0.028661 -0.18904 0.21683885 1.0
889.0516056572378 253.947071853843 -0.134431 0.697101 0.24924189 1.0
754.4279658231926 211.04477767993677 -0.164543 -0.110367 0.20026627 1.0
999.5956371186816 306.84310203479004 -0.051492 -0.188777 0.33750623 1.0
695.859038566251 212.17339271629103 0.167245 0.075834 0.2061981 1.0
893.7680600635362 269.3393427777359 0.005106 -0.124712 0.28533837 1.0
789.0756626093414 223.65458161116476 0.207644 -0.13858 0.23767395 1.0
932.3556490454753 260.50881162452 0.121956 -0.109398 0.2961984 1.0
794.1981696182426 214.46280245602387 0.699981 0.250148 0.23685163 1.0
792.459819327469 213.45772893711805 0.349025 0.056837 0.23501623 1.0
697.1774435390192 179.56326172555984 -0.100352 -0.158082 0.19871068 1.0
688.8493614614257 210.0845017654407 -0.029627 -0.285956 0.1981798 1.0
1025.5470817077435 296.487600093518 -0.473999 -0.253141 0.33686957 1.0
1067.5748500533282 303.77570452333083 -0.036889 -0.087901 0.35703176 1.0
733.7245676620515 205.34959181943273 -0.506394 0.073681 0.21051085 1.0
848.9262879503781 223.60132987897853 0.176065 0.099126 0.25191942 1.0
808.4230650378587 211.5449530037387 -0.070816 -0.028635 0.23705395 1.0
922.5023689735496 275.537941505527 -0.036367 0.148438 0.28510073 1.0
725.3602682934397 215.22515797240902 0.005034 -0.047598 0.20587586 1.0
956.9665635905922 281.57716467026836 -0.274953 0.039436 0.29792044 1.0
806.1641735608481 229.10021011349787 0.732628 -0.337602 0.23465502 1.0
1078.7680406117565 306.07787588532267 -0.12619 -0.16653 0.35461688 1.0
1057.7072564269297 293.51743369508 0.019555 0.156058 0.3403105 1.0
1040.4327840401684 288.77370259695596 0.255382 0.186613 0.33284014 1.0
980.5321672656908 268.40951908241925 0.152076 -0.185809 0.30416742 1.0
801.6229186101472 216.1775674968604 -0.226175 0.26506 0.22918053 1.0
1077.252946417334 289.4139194613022 0.105548 -0.131826 0.34985033 1.0
736.8275379501164 221.24626869207262 0.233187 -0.162157 0.2064001 1.0
625.5723906906588 187.26319512753875 0.120348 0.032785 0.16841672 1.0
927.4738242657905 278.14011658768226 0.198383 -0.045274 0.2807566 1.0
1054.7822371579728 308.8523013809484 -0.068301 0.158812 0.33824393 1.0
749.0186168336153 209.45312086390726 0.088698 0.138967 0.20701487 1.0
814.156522043572 227.09048370486124 -0.112789 -0.328871 0.23198792 1.0
806.4850546545097 217.94042103138983 0.00024 0.0839 0.22806486 1.0
1029.369811038106 276.96069703774384 -0.31923 -0.204106 0.3185612 1.0
804.9292112031071 215.64941631823464 0.002337 0.05037 0.22720826 1.0
717.8645331948017 209.12130721194356 -0.143523 -0.138207 0.19420964 1.0
723.3914079522841 207.54272748912732 -0.464698 -0.208561 0.1950218 1.0
1096.4725648539093 307.4782250224395 -0.175345 -0.132501 0.34710282 1.0
628.6638665992307 172.837220860886 0.056479 0.076465 0.16277735 1.0
852.2370391826702 234.02270064767075 0.433075 0.080661 0.24063484 1.0
1104.0859008290615 300.92111147189013 0.419321 0.024625 0.34638393 1.0
501.2947135058421 175.10441894027593 0.19914 -0.106621 0.16217233 1.0
554.3829482869058 171.63198482730442 -0.264096 0.191752 0.17349471 1.0
649.2518184403398 176.53360052680287 0.003642 0.511496 0.20346634 1.0
882.2744401415797 236.18611540322988 0.057335 -0.079828 0.30602455 1.0
879.5969835969082 304.3767959254146 -0.210934 0.184587 0.33259892 1.0
620.7786260508216 210.58226905806228 0.03497 -0.494584 0.20568214 1.0
623.8539469784039 210.90133935176334 0.140983 0.043322 0.20488428 1.0
627.6621670391697 192.71413019389914 0.451178 0.495049 0.19838455 1.0
762.5563969967737 229.6228333853621 -0.041233 -0.252696 0.2541365 1.0
552.9596343711703 165.63680917742863 -0.051202 -0.114065 0.16770999 1.0
546.8796326408994 163.91897399218607 0.067618 -0.073998 0.16549693 1.0
550.6843176607285 162.55136488953454 0.179536 -0.18533 0.16619511 1.0
657.5329259224912 185.4767028457814 0.089744 0.026159 0.20617814 1.0
984.37178227863 264.05990440042285 -0.080782 -0.252178 0.35514626 1.0
959.7559401386455 254.44952808710894 -0.152103 0.118582 0.33854836 1.0
768.4063553041597 196.58620142201482 -0.256574 -0.276814 0.24556413 1.0
884.7066617560378 310.5397447265975 0.017484 0.161503 0.3339686 1.0
925.7949381123989 320.87676074417203 0.170198 -0.069268 0.35444912 1.0
925.424041555247 320.056520440638 -0.181318 0.032574 0.35324696 1.0
618.6960682417928 212.1717889999368 0.091098 -0.146889 0.20104757 1.0
625.2979319871886 213.80123224031627 0.150094 -0.001623 0.20425582 1.0
597.0015989829662 203.00967037348835 -0.208942 0.280489 0.19067757 1.0
903.0864590029265 305.90503538751085 -0.268094 0.075775 0.33478257 1.0
904.0791507128225 305.2823471090098 0.049701 -0.024618 0.33469397 1.0
796.2095720770546 266.44775249766474 -0.031708 -0.585077 0.2765365 1.0
799.2446643203905 266.65359894950603 0.380718 0.043963 0.27727476 1.0
576.6230447325057 175.41490560304172 -0.116245 0.178302 0.17555285 1.0
625.2300201594612 189.97009873914482 0.051712 0.356918 0.19352494 1.0
657.4657920205048 196.36038576151904 0.022986 -0.007203 0.20569843 1.0
546.7911484560307 160.51248396653511 -0.080955 0.133811 0.1620925 1.0
801.9568692608311 234.03136075558177 0.023476 -0.067135 0.2649977 1.0
629.4507012112433 183.08896155091847 -0.093545 -0.030392 0.19228792 1.0
665.2879216418143 192.81868642406894 0.305691 0.031057 0.20626602 1.0
871.1987117884028 244.14418142835459 0.125735 0.310432 0.29173842 1.0
854.5213752004378 238.37046948776697 -0.120461 0.20285 0.28413033 1.0
971.2202373603437 262.1683526081625 -0.150652 -0.27523 0.3383041 1.0
975.9527052343399 253.78079106165572 0.066392 0.038946 0.33924776 1.0
524.2912639217503 181.22608935912226 -0.177238 0.019861 0.1606998 1.0
828.0653621996051 280.211509583519 0.02772 0.410446 0.28775078 1.0
796.1546603112648 268.3392287611446 0.025349 0.012385 0.27390036 1.0
662.9338905432534 204.0824741750041 -0.133473 0.141021 0.20534623 1.0
666.2017245635427 204.1477988349448 -0.246351 -0.161876 0.20681192 1.0
859.6939928975181 257.47694482816644 0.138083 -0.24656 0.2886782 1.0
867.5425453834494 255.86935113236765 -0.080932 -0.095245 0.29037565 1.0
557.5807554161909 162.99078498786577 -0.28141 0.017221 0.16320868 1.0
734.4151388054312 211.57884926019693 0.336858 0.63136 0.22883035 1.0
867.9224041508002 239.21741352654405 0.017919 -0.211187 0.28549585 1.0
670.6413291960828 174.95193702825077 0.160807 -0.099643 0.19950297 1.0
664.5098536564643 170.88474837171773 -0.062709 -0.030312 0.1959075 1.0
960.2748349930425 331.08046997220924 -0.004016 -0.471829 0.35462877 1.0
630.6784391034053 216.25847697474538 -0.071208 0.022734 0.19780551 1.0
544.5426871976969 182.41523748013543 0.038954 0.650425 0.16236027 1.0
615.4850595662363 204.89781903036808 -0.140218 0.142246 0.18973063 1.0
582.3367330079095 192.4545780322283 -0.078595 -0.371526 0.17530838 1.0
705.3310781378584 217.11548012805935 0.030481 -0.174486 0.21778747 1.0
676.0941484565773 207.1249416238714 0.086064 -0.165144 0.20614634 1.0
961.315207880184 293.3807497717905 -0.063976 0.544663 0.33400378 1.0
964.2386692573184 293.6852404158086 0.1428 -0.036151 0.33339435 1.0
1013.336888016759 294.0573332145478 0.377773 -0.092169 0.35504434 1.0
891.1722390833171 249.2708270413541 0.021131 -0.233853 0.28995043 1.0
713.8671991741157 190.74043146531767 -0.314215 0.308925 0.21132717 1.0
624.9899351559629 164.81241256617912 0.877824 0.3068 0.1790551 1.0
745.7387293006366 232.49124923261795 -0.059875 -0.25003 0.22971824 1.0
691.7148181382711 210.7667062051546 0.199009 -0.345566 0.2081223 1.0
700.800690586339 208.36618547869085 0.464049 0.01008 0.20861132 1.0
780.3770060254519 215.93047041296606 0.121163 -0.037631 0.2352424 1.0
709.098481034612 193.6801482924189 -0.12777 0.200637 0.20773433 1.0
1026.9169348207367 280.90372437423565 -0.174455 0.259563 0.34854993 1.0
1003.6523398853085 271.12819698276917 0.034888 -0.160595 0.3333404 1.0
1051.357187557641 277.8527927037476 0.313384 0.008724 0.35438165 1.0
824.0570515200642 216.5728283759756 -0.291886 -0.204846 0.25010997 1.0
501.66735435813695 168.49874017198732 -0.186046 0.299914 0.16190739 1.0
585.3619605861995 190.06834069091002 -0.164195 -0.251731 0.1928584 1.0
546.8895902980906 171.0676651347279 -0.063674 -0.056927 0.17406966 1.0
847.4871506974672 237.430777441073 -0.157678 0.134698 0.29792008 1.0
641.7441616933249 174.65897145623813 0.308778 0.227251 0.20271477 1.0
500.7270160866243 176.10445492452052 -0.118882 0.111461 0.16209693 1.0
503.72987983419955 176.33265301701107 0.292455 -0.132689 0.16194312 1.0
796.2458764320618 278.6941072939121 0.691415 0.603972 0.2951036 1.0
614.6587631904847 213.50141447027372 -0.560199 -0.053666 0.20732695 1.0
801.6756070775892 276.7373760922948 -0.036876 0.041737 0.2954793 1.0
513.6857080088042 169.56845686074521 -0.300647 0.755632 0.16123241 1.0
547.8573693123025 154.91521531750305 0.313821 -0.113688 0.16517927 1.0
770.5276302624737 216.46551483738008 -0.280258 -0.35124 0.25553593 1.0
975.7248216765811 268.91151534162196 0.036463 -0.200077 0.35844296 1.0
977.0755170620241 269.1408757615235 0.020149 0.005766 0.3589624 1.0
979.8000074377481 263.0747721660058 0.258892 0.577691 0.35416082 1.0
542.651771355018 144.1018952817178 -0.272082 -0.350469 0.16070828 1.0
859.5813983859767 227.6918752988041 -0.254339 -0.690334 0.2922078 1.0
544.8036935422156 143.03664153256403 0.085486 0.027652 0.16044438 1.0
957.9409730368193 250.10592972325017 0.144367 0.172946 0.33991432 1.0
855.1254391479063 220.54394366806847 -0.138303 0.055747 0.28714204 1.0
648.0386582346281 164.93834840783694 -0.028647 -0.104456 0.19842397 1.0
673.3773028950964 238.53934235023007 0.008347 -0.024551 0.23067273 1.0
561.8731405394908 196.12212400252145 0.233373 -0.24124 0.18161035 1.0
883.7518528220471 308.5016234614011 -0.488213 0.395969 0.3348716 1.0
891.1804346950884 309.5089553362623 0.040193 0.072987 0.33734825 1.0
890.2801600279138 307.44707058266346 -0.249426 0.3904 0.3357352 1.0
584.4060256749044 200.87255769998862 0.663624 0.047181 0.18974724 1.0
894.436868675663 306.0405776677354 0.034963 -0.242768 0.3360977 1.0
898.9231327042372 304.13394058075926 0.297619 -0.050468 0.33700144 1.0
623.5938290520145 210.4858578117258 -0.185099 -0.062775 0.2032597 1.0
620.4230203682462 209.22986106527813 -0.394647 0.184115 0.20297159 1.0
629.3630231434946 210.53269338709467 -0.306694 -0.393762 0.20447841 1.0
592.8169176690931 197.54661078363372 -0.223567 0.221379 0.1893724 1.0
633.2671303071266 192.62759501578182 0.225215 0.138119 0.19840448 1.0
911.6408544408766 270.9174224044021 -0.2019 -0.331388 0.3213833 1.0
965.4239323050037 283.88223265003427 0.212745 -0.280239 0.34938207 1.0
557.6771259427088 158.99171784314382 -0.04571 -0.074556 0.166403 1.0
651.4306795974024 183.03231280217 0.103667 -0.00246 0.20055589 1.0
869.7236854330883 239.93907859798435 0.443141 -0.296254 0.29272863 1.0
964.3962216647866 256.4422809412962 -0.098541 0.293989 0.33945188 1.0
655.4511491013965 167.40119222574404 -0.106685 -0.041321 0.19793728 1.0
702.3331205444574 244.23431489303815 0.244023 0.147357 0.23566182 1.0
606.054946843325 210.04609717961944 -0.041752 0.20315 0.19516471 1.0
825.4238859195117 285.6607466696682 -0.024078 -0.10097 0.2950112 1.0
837.4297311149619 282.7461183978987 -0.117463 -0.175913 0.29490665 1.0
687.5652977692565 221.3528429111624 -0.029017 0.63829 0.22135736 1.0
655.8480356002448 201.2921403779064 0.017096 0.055152 0.205026 1.0
556.7606666237809 167.9626181626347 0.14499 0.089446 0.16506629 1.0
985.5442732406849 293.4974121784256 -0.151065 -0.356039 0.35641834 1.0
745.9484270450517 219.8622356890481 0.175898 -0.174256 0.23832649 1.0
749.0131826879807 220.18890169331652 0.490075 0.16403 0.23917963 1.0
751.6770073894248 220.6413004135629 0.22458 -0.217463 0.23942691 1.0
810.9797852210141 235.93405586384486 -0.08661 -0.150023 0.26530215 1.0
847.8357405607671 242.81178639423337 0.257223 0.17947 0.2810698 1.0
821.4731180240323 230.72673128020904 0.456397 -0.056175 0.26861623 1.0
681.4514552476793 183.90516814419485 -0.520162 -0.064637 0.20665516 1.0
970.7366892872534 258.15432074751135 0.342396 0.1655 0.33641058 1.0
979.7765338181101 260.3087811427855 -0.24239 -0.066012 0.33857948 1.0
919.3667519939381 242.99672763478108 -0.274153 0.247548 0.30794176 1.0
687.3524533949324 231.91046292691757 -0.125063 -0.221729 0.22230464 1.0
836.119175277801 280.7166190077579 0.084789 -0.262488 0.2878198 1.0
689.5181268897289 228.44823375225934 0.255667 -0.04476 0.2210295 1.0
643.4225111014887 210.12978810679795 -0.011469 0.21687 0.19940205 1.0
838.9016738675537 272.2478126781828 -0.122775 0.110719 0.28321254 1.0
662.0098344098396 207.92549882630277 -0.750002 -0.091628 0.20456235 1.0
662.7927960798838 208.71084923056196 0.154883 -0.15347 0.20520179 1.0
934.9918146326512 291.4068264194247 0.006233 -0.087929 0.3280767 1.0
550.934847714058 164.82667621758586 0.085772 -0.055914 0.16023111 1.0
561.3283616660735 167.6335420412473 0.035315 0.079001 0.16287984 1.0
561.7701888086849 167.0273244676402 -0.05356 -0.05604 0.16284886 1.0
784.1497554497782 214.63139488312083 -0.260713 -0.003887 0.24320391 1.0
826.2274083686294 217.46604388646128 -0.17048 0.081273 0.25827578 1.0
930.6956094508186 244.15344631542962 -0.022183 0.305793 0.30674335 1.0
821.4381823035592 213.236428737955 -0.166353 0.468656 0.2556504 1.0
754.7944721427814 193.8954288539779 0.215013 -0.079515 0.22837733 1.0
545.8138662613114 192.93003607898058 0.055162 0.485115 0.16591151 1.0
835.0449606748632 293.6217777125774 0.008849 0.001589 0.2882248 1.0
632.3077882401903 218.0431347795948 0.117404 -0.359362 0.19711198 1.0
826.0562987767911 259.9328528688786 0.188966 0.145217 0.26902696 1.0
950.7341604597857 297.3756528847838 0.184636 -0.263413 0.32917094 1.0
873.2595425486746 272.79939487503873 -0.069674 -0.045422 0.2902229 1.0
680.3046267793396 206.4498991296479 0.603491 0.031791 0.20499161 1.0
978.91584444827 296.6062081017481 -0.1876 -0.070493 0.33575878 1.0
772.4985595616425 225.72758408049054 -0.103242 -0.815217 0.23863952 1.0
769.9851821242888 217.15806744052972 0.134131 -0.178405 0.23474984 1.0
571.4439149493613 161.19674927251492 0.178427 0.046121 0.1614484 1.0
895.920588896661 246.5065304786426 0.350702 0.135841 0.28745463 1.0
1025.8620213739496 282.98802068152094 0.182925 -0.134335 0.34938765 1.0
671.7468824987351 176.6293732656234 0.027846 -0.021615 0.19422702 1.0
945.0449245078992 246.43463856949506 -0.090744 0.058061 0.30664828 1.0
756.5375309392739 196.60117890591417 -0.056013 -0.012063 0.2244634 1.0
610.4913888342068 218.76300130313436 0.142008 -0.03966 0.23444834 1.0
555.5581828668381 196.68400135881745 0.056399 -0.008054 0.20641981 1.0
680.6157571671911 236.2899565280244 -0.005171 0.055769 0.2664185 1.0
681.5876503652795 237.7464067563482 0.133366 -0.490391 0.26810524 1.0
681.18602909751 237.20911029934803 0.019371 -0.039996 0.2676134 1.0
681.4728372570044 235.41519371025566 -0.002009 0.052145 0.2659181 1.0
621.448417178873 212.76503015245208 0.070478 0.15125 0.2325016 1.0
687.3195172191272 235.88531871252707 0.154305 0.396152 0.26697272 1.0
586.7673305451679 197.26084449562623 -0.11588 -0.147653 0.21381153 1.0
492.7260438158923 163.9236779961379 0.157103 -0.550478 0.17105359 1.0
694.0482136250332 228.53423244056762 -0.004971 -0.149992 0.26482671 1.0
815.6798043353662 261.95393823349923 0.079273 -0.044152 0.3277658 1.0
558.8714796953218 165.6697625338996 0.792869 -0.163175 0.19100285 1.0
845.1318703692251 242.5222135579465 0.053066 0.04552 0.3298259 1.0
740.8962501176052 269.40102675487236 0.055146 -0.333949 0.3004814 1.0
791.3642379878777 285.32393011780744 0.283559 0.124635 0.33082634 1.0
734.4943471055002 258.26623987887575 -0.078194 -0.164965 0.29072037 1.0
627.9350925763772 216.84768123940512 -0.429534 -0.415849 0.23285888 1.0
480.5071188647885 161.98902548686172 0.030497 0.01072 0.16355386 1.0
795.2381739423237 267.83724616950883 -0.060719 -0.65677 0.31707913 1.0
742.658122006341 228.38868187965323 0.043995 -0.196813 0.27493492 1.0
844.3772976022473 257.5719969939011 0.602965 -0.092724 0.32929885 1.0
861.400619499132 241.6919950166681 0.115723 -0.030929 0.32584643 1.0
807.3342424897204 293.65517754791165 0.144094 0.329476 0.33529818 1.0
750.0964653317159 268.09983014981833 0.037104 0.008535 0.29582027 1.0
590.476068472316 202.26981086133563 -0.036316 -0.000178 0.2086332 1.0
852.7849586988627 267.7566546487149 0.19727 -0.068416 0.33087474 1.0
677.0361187702846 203.12795592754915 -0.008278 0.036107 0.23388419 1.0
744.0874157615001 210.93494566028534 -0.173655 0.009789 0.2613114 1.0
883.2298899078024 251.4117343787481 0.099422 -0.372622 0.3329043 1.0
624.3328682661855 174.56121482828888 -0.04922 -0.03355 0.20539401 1.0
585.5966755720484 212.34970119449784 -0.128065 -0.125427 0.20990922 1.0
487.28049972135614 175.56578388348638 0.025799 0.120075 0.16648014 1.0
747.0994068133824 269.6195383956273 0.205936 0.1749 0.29031655 1.0
484.59356131631864 174.50703626686553 0.544056 0.455921 0.16548756 1.0
753.0955709233997 268.3232294874032 -0.059796 0.021224 0.29146937 1.0
751.6125234160123 266.6530083522715 -0.093963 -0.040286 0.29060397 1.0
829.7306492346112 290.26641133849284 -0.449165 0.078189 0.32966587 1.0
845.8778808106251 292.84209655300214 -0.158695 -0.009926 0.33748126 1.0
573.9417432826278 196.68026847253012 -0.438508 0.289311 0.1976684 1.0
642.9566596587986 203.98513175063275 -0.186972 0.026101 0.22016318 1.0
507.12826995361877 159.07762290622227 -0.190276 0.215615 0.16241796 1.0
593.4551415047624 183.2882735354673 0.10052 -0.137714 0.1956096 1.0
585.6999677620717 179.8286816195624 0.033115 -0.06896 0.19189268 1.0
616.5503807683401 177.0484746335463 0.03125 -0.11207 0.2011738 1.0
903.6174036878718 251.1741949848829 0.001161 -0.010758 0.3350837 1.0
587.0925401763354 199.02648453684398 -0.572028 -0.132607 0.19839418 1.0
837.6940322205055 259.47456993724006 -0.205144 -0.271957 0.30661127 1.0
813.8212848670568 246.23063701961794 -0.292152 -0.161579 0.3532487 1.0
608.4647653669505 196.81957287930277 -0.503847 -0.227617 0.23594163 1.0
773.7630893542897 245.00136033827837 -0.575781 -0.261038 0.3287063 1.0
503.6452912123933 157.67838410883758 0.07897 -0.151773 0.18228614 1.0
597.1240282915231 193.72626475862927 -0.061283 0.061957 0.22550023 1.0
794.1342030443584 254.6597596365982 0.009674 -0.342131 0.3330041 1.0
495.1567585566773 144.2760173300616 -0.400548 -0.016399 0.16911273 1.0
705.0339730612013 220.49407002934038 -0.268202 0.029296 0.2719235 1.0
711.5585776988967 217.83969486894472 0.075725 0.120457 0.27227083 1.0
740.9388426986611 219.28830246746793 -0.031577 0.073391 0.28463355 1.0
799.1940511092382 236.54450186124686 0.567297 -0.389966 0.31698003 1.0
699.0292794198066 206.7827087312686 -0.000776 0.137646 0.261254 1.0
701.9791266010503 203.20210479899467 0.201556 -0.1321 0.25969228 1.0
848.1372146400137 238.87243951413444 -0.259033 -0.464748 0.3388509 1.0
749.3842924345463 270.54751582788674 -0.165859 0.175339 0.31676227 1.0
753.4097771253571 271.63806624407573 0.065759 -0.027538 0.3174884 1.0
738.1677554367795 261.5515487321589 0.082672 -0.019798 0.30741808 1.0
720.4803148539644 254.7641236196348 -0.141876 0.470741 0.2935729 1.0
524.071448090004 182.28280722677806 -0.084084 -0.285253 0.19175541 1.0
768.5476616749058 264.3971664000487 0.736539 0.098053 0.3185729 1.0
772.2816415181679 265.27623944948056 -0.113059 0.295348 0.31981477 1.0
470.6045614952929 160.9709987636952 -0.192032 -0.014394 0.16554022 1.0
696.3435688273512 238.50197765224425 -0.176913 -0.080996 0.2759489 1.0
729.8667739574056 220.4440609825756 0.12887 0.021798 0.27530676 1.0
594.3731908857377 173.14351483036788 0.204152 -0.086291 0.20659022 1.0
613.0669746339271 176.20912238972193 0.094437 0.002823 0.21344896 1.0
714.8171413126436 200.69982640161643 0.02175 -0.064417 0.25971636 1.0
581.4756597827792 159.9104661346054 -0.197304 -0.300068 0.19717549 1.0
660.6075107463774 181.78860174314121 -0.153424 0.035117 0.23179053 1.0
783.5199206211095 284.2110091702044 -0.00244 0.335208 0.33168727 1.0
769.7779622109342 276.8968711656284 0.032131 -0.147873 0.31955272 1.0
552.2956652963015 189.34128380813135 0.137555 -0.243815 0.19807622 1.0
694.4089859812993 237.73375681244445 0.292002 0.192012 0.26880696 1.0
837.7057140569759 284.9424437586612 -0.370089 0.029838 0.34970522 1.0
812.5938452658207 250.26035210387485 0.174981 -0.239263 0.31794178 1.0
735.3002869380178 225.69600420711996 -0.122024 0.000558 0.27437526 1.0
629.3932013840147 190.2135115540685 0.09163 -0.344387 0.221322 1.0
743.7214125418321 221.18534240248798 0.283589 0.007891 0.2752399 1.0
891.1421331486795 263.34305267873617 -0.405385 -0.312679 0.35701978 1.0
724.4796385747331 207.57125326187497 0.113158 0.065701 0.26113024 1.0
592.1200940418436 161.9208111345114 0.405349 -0.464406 0.19763835 1.0
829.028861567547 291.43651613743424 0.227481 0.373398 0.34528685 1.0
550.086616996663 192.36529658429384 -0.099172 0.23594 0.19527063 1.0
552.035024789733 191.43904317797865 -0.134108 0.09698 0.195185 1.0
734.799590624883 255.14911915801176 -0.02174 -0.240068 0.2853994 1.0
585.173940176358 201.26065080584866 0.021065 0.019681 0.20865934 1.0
743.0189535687416 255.41931199709455 0.085031 0.204021 0.29053253 1.0
585.6319388917752 200.01881318681944 -0.110085 -0.239638 0.20902705 1.0
586.626642635184 200.26014679204226 -0.320799 0.001822 0.20967534 1.0
579.6894766824942 197.7643552268794 -0.02774 0.186326 0.20600969 1.0
741.0625704009217 248.3445034516275 0.023951 0.028301 0.28412548 1.0
626.2668023116584 199.5125893152522 0.122655 -0.011605 0.21912216 1.0
862.4210631987058 260.9022405163788 -0.202301 -0.042043 0.33358508 1.0
565.4949439678454 170.16312473366037 -0.764883 0.085999 0.18785335 1.0
841.3871075407706 251.2594467215563 0.040394 0.050438 0.32004708 1.0
758.6734002053531 222.33203996651207 0.123475 -0.05212 0.27529725 1.0
840.9403090980808 246.29445156897157 -0.065783 0.036119 0.31763497 1.0
870.0124240112234 254.49402544388812 0.048361 -0.047971 0.3339626 1.0
829.0151882415042 241.87008177799333 -0.227303 -0.114895 0.3101617 1.0
841.4210095315302 244.29573382458116 0.131397 0.11302 0.3159557 1.0
863.0217335391961 249.9802729037149 0.113595 0.167611 0.33074525 1.0
841.0230676715993 240.71277692054284 -0.077727 0.160239 0.31359175 1.0
683.698720725471 190.0974796521727 -0.145597 0.503851 0.23378693 1.0
800.9235253515402 215.87516287101084 0.072164 0.010583 0.28663793 1.0
857.3456585935162 222.1733758202527 -0.150084 0.240901 0.31280798 1.0
765.7919906352525 270.61896120588636 -0.300059 -0.089471 0.29902688 1.0
804.9259096147324 281.4781580031655 0.190176 -0.003717 0.32006678 1.0
596.4596895152583 205.78410912377893 -0.31177 -0.046189 0.20968674 1.0
529.6192458991364 182.87971490441015 -0.193557 -0.317863 0.18209432 1.0
569.7468229919506 194.5051445335675 -0.14908 0.040717 0.19757336 1.0
787.4848728536168 269.452694563624 0.225984 -0.193801 0.3055444 1.0
800.8635493254013 272.4467991110627 -0.003793 0.651485 0.31197423 1.0
600.7241695043131 204.0140063731727 0.072626 0.150959 0.21174014 1.0
802.6887090587077 269.00606170834624 0.162023 -0.258708 0.30912706 1.0
801.9773319618809 267.9889952520285 -0.056343 -0.065926 0.30891284 1.0
498.8230530066294 158.1390185063596 -0.054876 0.241132 0.16138466 1.0
753.7112610834882 238.4915217310107 0.207453 0.314558 0.27699938 1.0
643.7070084441092 201.7206766766123 -0.107739 -0.190132 0.22129847 1.0
773.2372981053227 231.626246409039 -0.00801 -0.226248 0.2780771 1.0
603.8888243959844 178.30479299419463 0.043864 -0.257839 0.20005259 1.0
607.257663779794 175.03133988488995 -0.234488 0.259156 0.19838388 1.0
631.7587168130963 180.89650684193296 0.239837 -0.035678 0.20838168 1.0
629.0695777744812 177.79881889698498 0.689823 -0.235871 0.2072913 1.0
892.784153235941 251.85481903180195 -0.350528 -0.155351 0.33388007 1.0
615.4243241882475 172.9439304037975 -0.52637 0.15983 0.19996081 1.0
873.9326107334751 241.3363619860255 -0.100393 0.358464 0.31977713 1.0
853.7902512179833 232.84925804694873 0.067134 0.290692 0.3081763 1.0
877.3551788827438 238.50140152967506 0.118866 -0.332451 0.32057962 1.0
877.0337058753124 236.2598780472083 0.258073 -0.518831 0.32115597 1.0
623.5314695324204 163.54967443218655 0.124557 0.082028 0.19924189 1.0
623.2638104254503 162.21859525929764 0.064302 0.042624 0.19982518 1.0
623.561994270811 160.04684586408388 -0.063407 0.073095 0.19924477 1.0
585.3707209924639 150.27972019297414 0.508194 -0.00779 0.18348767 1.0
896.4537721082411 226.38050033214626 0.050886 -0.067569 0.3242919 1.0
787.394262990017 272.35571559012493 -0.08503 -0.211359 0.30014023 1.0
873.2114415889756 301.2605072654315 -0.156293 0.059818 0.35067484 1.0
839.9102366923362 287.49533904373436 0.108072 0.241744 0.3298798 1.0
544.5241915853716 185.82185836771646 -0.094621 0.06848 0.18370904 1.0
826.363948443005 281.64949313691824 -0.137177 -0.007265 0.32149565 1.0
770.9699293991774 242.09491686706215 0.13698 0.13537 0.27799064 1.0
688.5070165114911 202.9070636131005 0.028965 -0.075792 0.2322086 1.0
635.4883932386255 183.45904536478287 0.275181 0.030186 0.20765284 1.0
948.2887140887339 266.24485064205015 0.397909 0.289565 0.3589007 1.0
963.7048360195691 255.54448988911628 0.60361 0.067757 0.35736766 1.0
865.5201031508968 227.20066379079245 0.165267 -0.134443 0.30401942 1.0
675.588638513997 172.12644416492614 -0.26529 0.050978 0.21649075 1.0
830.3018964564773 211.42412244974398 -0.429113 0.160492 0.28521878 1.0
495.7767508479288 177.62525864109773 0.01557 -0.483657 0.16407226 1.0
601.2931978932904 209.81138168823125 0.028702 -0.142069 0.20547974 1.0
754.231941380755 263.09152102238954 0.076742 -0.39301 0.27910045 1.0
805.2698459964056 259.66639161723833 0.297957 0.052862 0.29143697 1.0
937.6811076071576 290.0332122690188 -0.032017 -0.07854 0.35712427 1.0
619.7029409782698 186.5871486057261 0.142529 -0.2634 0.19941628 1.0
707.5921800922581 210.3345973147995 0.148384 0.340294 0.23465857 1.0
669.486265415856 190.9275505019922 -0.109107 0.169487 0.21595348 1.0
899.5247136164767 252.8065929440655 0.245894 -0.169419 0.32370734 1.0
851.6321451104257 238.9454075935344 -0.467548 0.310347 0.29821214 1.0
844.4374580991563 236.2539541188599 -0.065602 -0.053968 0.29545245 1.0
890.1417990411544 246.71551447314678 -0.168961 0.052087 0.31733984 1.0
856.7877444711962 236.4882170036487 0.319834 -0.189729 0.29878432 1.0
857.2349581807968 236.41892928990646 0.022587 -0.026741 0.29920527 1.0
857.225840808141 236.2725695402084 0.009963 -0.027729 0.2986905 1.0
963.1773048480763 262.89098638288067 0.062274 -0.034954 0.35239583 1.0
930.914060140201 253.11187249860942 0.205635 -0.010951 0.33660334 1.0
746.7773521388017 201.73782018066012 0.07919 -0.355052 0.24402744 1.0
703.4894720383136 188.29093177184146 0.038386 -0.324873 0.22528362 1.0
945.4098551576665 249.50681467994085 0.151138 0.161463 0.3397111 1.0
951.8277382146838 247.54553659751573 -0.223303 0.46177 0.3410824 1.0
875.1454345507145 223.2356607025393 0.237175 0.233376 0.29916513 1.0
726.6140614553186 195.80837161811172 -0.426522 -0.023663 0.25848797 1.0
911.391041541877 242.31280481498388 0.063892 -0.11205 0.34985158 1.0
914.048140379843 241.50306400128954 -0.35331 -0.304952 0.34952128 1.0
863.6281977165933 227.937462343407 0.147418 0.247309 0.32191396 1.0
619.5960666235744 162.13471537606063 0.004057 0.16506 0.20289744 1.0
856.490228874972 232.81090713406908 0.056718 0.346532 0.3143242 1.0
675.6456258404393 183.07226628285608 0.528019 0.28309 0.22673312 1.0
879.5773429397736 233.68437705245617 0.106431 0.23676 0.32332313 1.0
721.0891539414815 197.66219750652712 0.46537 -0.799375 0.24151774 1.0
864.3442815697704 227.04482339545888 -0.089717 0.176321 0.30632868 1.0
839.90700915808 218.2810785006219 0.059889 0.087079 0.29268497 1.0
740.8009593619217 190.2977686268342 0.371655 -0.129958 0.24592178 1.0
893.8399443945375 241.82773567827985 0.338279 0.346453 0.32058144 1.0
467.0864423742232 149.10078559833792 -0.072092 0.05522 0.16878696 1.0
644.5931827639403 204.86956052536993 0.045449 0.282774 0.25652325 1.0
787.1092720352194 252.96954563959065 -0.002368 -0.031329 0.3330277 1.0
615.6514689040297 196.43976459787606 -0.164507 0.14497 0.23535933 1.0
478.444052287338 147.24167208425453 0.140666 0.032658 0.16846645 1.0
740.3582079061924 218.91220549134783 0.38216 -0.064432 0.28457314 1.0
545.7310077366487 160.5134508233624 0.028121 -0.195643 0.19052862 1.0
584.0959223352136 167.55174476976853 0.263433 -0.347482 0.20617333 1.0
699.8345076285367 199.78936846878432 0.801998 0.089454 0.26073095 1.0
735.9032791242435 263.74200782856434 0.001849 0.239139 0.31083426 1.0
476.2089315268694 164.69114565287663 0.319801 0.110527 0.170058 1.0
760.4420242398076 263.4332227097038 -0.32564 0.080113 0.3182906 1.0
560.3987717072331 190.670784432413 -0.100273 -0.02635 0.20720546 1.0
824.5854926749198 280.6844217153231 0.109761 -0.156723 0.35581678 1.0
580.2297944673518 195.842431512024 -0.440651 0.282863 0.21557324 1.0
679.1319686435273 215.71956378529435 0.094562 -0.002446 0.25849187 1.0
720.7867753693401 209.52801312686708 -0.503697 -0.005203 0.267916 1.0
584.2607013964624 163.75708081529942 0.149449 0.068549 0.20030499 1.0
748.2410348353528 262.67569466930087 -0.049798 0.169532 0.3181664 1.0
601.4320897455949 210.79267648342739 0.14947 0.066364 0.23353702 1.0
845.1928506469814 289.3884763159609 -0.029442 -0.017486 0.286935 1.0
846.811648082264 289.73203730626454 0.017117 0.129969 0.28768432 1.0
780.8424219787903 263.94831889366975 0.233851 -0.386772 0.25580966 1.0
620.3228316812518 206.72528393744292 -0.38228 0.062547 0.18762319 1.0
626.7981443113844 207.72804276802842 0.173222 -0.113856 0.18864056 1.0
628.6642469847221 206.61572641704578 -0.71289 -0.176768 0.18911351 1.0
816.715329977669 268.3343262801407 0.198142 -0.3411 0.26762643 1.0
594.2530377225804 194.4172335835318 -0.000537 -0.097389 0.17621693 1.0
591.0403683909401 193.29111876266805 -0.298337 -0.316023 0.17597154 1.0
949.0074150936372 306.8591100027975 0.100188 -0.402434 0.32985827 1.0
664.150374742064 213.78328165768986 -0.092149 -0.013664 0.20083384 1.0
954.0500689189371 306.4124611744593 -0.073893 0.044582 0.32999265 1.0
650.1673648356043 207.31843150883338 0.130268 -0.008948 0.19480245 1.0
607.9243682874999 193.56914346003327 0.048419 0.114514 0.17924319 1.0
1000.4767444207486 317.61762709871067 -0.52877 0.012232 0.35243756 1.0
961.2377520425994 319.20039324508406 -0.034437 -0.126307 0.33235922 1.0
611.3525117156925 201.5468453739695 0.001577 0.25304 0.17964031 1.0
973.1067311295052 319.69791887169606 0.477845 -0.405004 0.33570537 1.0
634.3601910660652 207.02664119498098 -0.185679 -0.070058 0.18827887 1.0
736.3848217201271 240.27085557436712 -0.119236 0.05675 0.22786294 1.0
738.9308466015561 239.35084018500643 0.14299 -0.060593 0.22827522 1.0
637.076147228753 205.83282422832247 0.315309 0.158261 0.18742584 1.0
714.9940436387297 223.90505189668582 0.02105 -0.01859 0.21046802 1.0
719.5356009607556 228.30678636704783 -0.145031 -0.094263 0.20873845 1.0
