X Y e1 e2 Z WEIGHT_SEEING
-838.6753172502906 -192.8518469283245 0.211233 -0.629104 0.33632678 1.0
-540.8595584038073 -135.09952007433242 0.132285 0.034917 0.18388343 1.0
-577.5092201958371 -142.03482862006322 -0.444696 0.131331 0.20277235 1.0
-573.5914479531484 -140.76640285677564 -0.101739 0.258674 0.20181379 1.0
-719.4557791436755 -170.7274664774681 -0.029525 -0.023749 0.28507382 1.0
-795.6450584854782 -187.50931592365092 -0.137213 -0.187458 0.33331496 1.0
-777.7046140781792 -190.76990331600086 0.036459 -0.677079 0.29819247 1.0
-555.5480532907235 -135.6736223970994 -0.299274 0.171352 0.1912652 1.0
-560.0032740041603 -135.41339309739436 -0.045571 -0.004204 0.19360384 1.0
-874.3477222736738 -211.20732724182088 0.011919 -0.235123 0.3573561 1.0
-717.2176394119163 -174.43730705515196 0.165371 -0.000632 0.26851082 1.0
-725.6157830587208 -173.10107009011125 -0.042815 -0.233176 0.27451006 1.0
-726.7517803845416 -173.9632330855593 0.271894 0.062755 0.27671164 1.0
-509.6677506533475 -121.40001162813512 -0.467685 -0.320078 0.1748416 1.0
-704.7449266099079 -166.80750184265543 -0.160302 -0.831307 0.26786917 1.0
-725.9467711509183 -168.87484502377202 0.125001 -0.297185 0.2859218 1.0
-810.1175155134277 -186.46429474638776 0.253622 -0.105367 0.33661798 1.0
-687.0160198633058 -158.21567085948436 0.064071 0.31995 0.2672331 1.0
-768.9894719975638 -176.89433306111627 -0.220202 0.289109 0.3147952 1.0
-609.1082311109063 -136.4084930403763 0.076629 0.09328 0.22996186 1.0
-563.0114832113193 -125.92011301243856 0.159618 0.303321 0.20874159 1.0
-543.9424087506712 -121.50027234231018 -0.228221 0.120009 0.20087178 1.0
-797.6262565340954 -177.5772820007077 -0.020824 0.122901 0.34032142 1.0
-794.4234796511743 -176.57969497347764 -0.06881 0.020559 0.338235 1.0
-595.2655747261215 -130.98450546567545 0.331718 -0.234873 0.22696011 1.0
-568.3405249159229 -134.14237724598877 0.134403 -0.144583 0.19607691 1.0
-564.4043774109849 -132.97848753968796 0.177977 -0.274686 0.19432247 1.0
-846.1313194516002 -198.29378895850343 -0.007753 -0.122085 0.3375927 1.0
-725.2086394744639 -171.20794940632308 0.030436 -0.068429 0.2716116 1.0
-594.2979139439578 -138.5267893751332 -0.251372 0.116622 0.20798588 1.0
-565.9730376838985 -132.70407987507534 -0.046449 -0.188324 0.19595568 1.0
-703.7575346522024 -165.12989619338848 -0.310033 0.374839 0.26193482 1.0
-838.736719778791 -194.65909888059093 -0.066272 -0.362784 0.3373193 1.0
-632.8518947068274 -144.5650337773749 0.192636 -0.377098 0.23065935 1.0
-635.7941436359321 -145.30061754694427 -0.309908 0.061634 0.23352472 1.0
-633.009847745956 -144.56927272304853 -0.030986 0.161336 0.23220152 1.0
-768.6231248638776 -175.7604649863539 0.117019 0.405084 0.30390877 1.0
-768.6126080105173 -175.724129289635 0.012686 -0.152251 0.30399713 1.0
-766.1901612697952 -172.51512666487625 -0.263523 -0.401311 0.30519977 1.0
-778.7493826854037 -176.3714608766054 0.058309 0.01985 0.3140086 1.0
-702.0965401309472 -157.84715282304114 0.289764 -0.409945 0.27180475 1.0
-815.0514897788405 -181.094906625642 -0.182088 0.167187 0.33836907 1.0
-833.8179098951002 -185.98775836675614 -0.718973 0.077335 0.35061094 1.0
-779.3579945864714 -172.80718532720485 0.513709 -0.152096 0.319044 1.0
-696.3398796587838 -153.8385532519791 0.309391 -0.108621 0.27174577 1.0
-518.0468146751886 -113.71046846671358 -0.121563 0.072146 0.1865425 1.0
-684.8773640446806 -149.41837945826285 0.183804 0.071915 0.26935205 1.0
-733.9497409940352 -169.06702392504602 -0.022639 -0.065203 0.29494125 1.0
-593.902194037044 -132.411733883658 0.22032 -0.533184 0.22776425 1.0
-701.716185919269 -165.81427794893102 0.059146 -0.239919 0.26393798 1.0
-820.0162711463481 -186.50549542759694 0.050377 -0.112741 0.33792874 1.0
-621.4860384572809 -142.55233744042118 -0.033019 -0.206969 0.22930726 1.0
-818.3871653717667 -186.153355685734 -0.442954 -0.048072 0.3369929 1.0
-573.4778975085745 -130.38159183210652 -0.038486 0.77612 0.20673403 1.0
-779.54906579302 -176.59470015006627 -0.01758 -0.120178 0.3154361 1.0
-781.718263057029 -177.10054284686515 -0.261032 -0.764636 0.31669998 1.0
-555.7550470298695 -126.36088777559794 -0.01068 -0.018003 0.19965462 1.0
-552.3808708933487 -125.97255933243626 0.370616 0.342132 0.19922179 1.0
-517.4720506807669 -116.04460358471358 -0.28633 -0.02383 0.18528499 1.0
-700.66985074181 -154.6432601617729 -0.471468 -0.139775 0.27725175 1.0
-612.6725035526968 -135.26392914375853 0.088999 -0.16646 0.23121358 1.0
-779.2325636007912 -172.64309774614554 0.139105 0.624955 0.32542512 1.0
-798.4654854547965 -175.1114156576965 -0.329442 0.068855 0.33875975 1.0
-819.341247121525 -219.25404908535978 0.035681 0.343994 0.32726702 1.0
-506.2022674206286 -134.77260653009927 0.130468 -0.012555 0.17240024 1.0
-755.7735052725363 -202.20439230618933 -0.004766 0.056047 0.29391834 1.0
-817.2971293449933 -217.27198274245873 -0.042932 -0.10608 0.3292928 1.0
-812.1947093841313 -216.6169946373227 -0.024071 -0.00117 0.32743478 1.0
-706.93186408612 -187.779446565081 0.591823 0.051167 0.27039635 1.0
-803.5998334846205 -210.9004504016525 -0.518006 -0.428187 0.33136636 1.0
-755.3678392781322 -189.53200929984067 -0.159416 -0.064658 0.3261139 1.0
-723.8512062233112 -180.0267839972366 0.588348 0.3416 0.30912971 1.0
-825.9405976882397 -215.21396319651925 0.258006 -0.006813 0.32675526 1.0
-825.0054096139179 -214.41841335724456 0.03421 -0.25682 0.32803157 1.0
-723.9921331578877 -189.96730989220757 -0.219208 -0.485327 0.27259016 1.0
-514.9214632424101 -133.83044094576937 -0.177529 -0.463602 0.17487079 1.0
-736.4476871708597 -193.31621219677623 -0.376503 0.090024 0.27957308 1.0
-863.0409821880365 -223.90496941093275 -0.012346 -0.139111 0.35240445 1.0
-839.7578351297035 -217.98767513138895 0.619466 0.284696 0.3394705 1.0
-716.8020224982083 -186.42933171488207 -0.127629 -0.335788 0.27121982 1.0
-744.4508016075458 -191.47876942655373 -0.065545 -0.236986 0.2922813 1.0
-749.8816585730061 -191.1474648911033 0.562265 -0.073833 0.29615068 1.0
-818.9651758115501 -207.90434743753394 0.010099 -0.00151 0.33796793 1.0
-784.163727595389 -197.50530007612346 -0.273295 -0.232581 0.31909326 1.0
-606.8595355486168 -153.84999304039968 0.37172 0.30413 0.22568525 1.0
-690.5361252788346 -172.2158553094471 0.296842 -0.265643 0.27334982 1.0
-754.0682149781942 -188.22235240861428 -0.492874 0.630376 0.3113654 1.0
-800.6587476701599 -197.35239727649233 0.103545 -0.349872 0.3414619 1.0
-795.2717804639705 -196.19761669612535 0.017273 0.097798 0.3385212 1.0
-700.913214163646 -171.9522368888215 -0.195366 -0.299799 0.2830598 1.0
-600.6765218670498 -148.9221368886295 0.145931 -0.133809 0.2302275 1.0
-516.5886787008019 -132.19487867891812 -0.422256 0.046973 0.17457363 1.0
-514.6014993989321 -129.97990643632957 0.17662 -0.225144 0.17412744 1.0
-830.0525692763753 -209.9441835043932 -0.071165 -0.285057 0.33188808 1.0
-830.3037148048132 -209.6261511592426 -0.06684 0.015289 0.3325856 1.0
-869.7860432626933 -220.64408638428935 -0.264731 -0.564682 0.35891092 1.0
-842.4630927974163 -211.9389675394714 0.03974 -0.072253 0.34171513 1.0
-609.6593385671749 -152.87293430704312 -0.182686 0.399412 0.2188176 1.0
-547.6737352878648 -135.38074208784712 -0.113458 -0.034069 0.19323488 1.0
-767.7899490316875 -190.59849290561445 0.08251 0.159509 0.3061018 1.0
-849.4780441191949 -209.8778009651585 0.031132 -0.020132 0.35952944 1.0
-820.1367271658088 -200.8979463745939 0.4562 0.487163 0.3430715 1.0
-833.1032704617094 -203.84513400054618 -0.29472 0.360411 0.3536989 1.0
-815.7828940628636 -195.5852071591622 -0.294338 0.175119 0.34952223 1.0
-607.8096180410415 -145.46507089196504 0.151185 0.069675 0.23172952 1.0
-678.8057407925891 -161.03053276060567 -0.02275 -0.299371 0.27074367 1.0
-706.2527545206187 -167.86447505280262 0.366162 -0.184475 0.28625718 1.0
-683.5858378059199 -162.27190257652674 -0.254949 0.22504 0.27621764 1.0
-677.5112063269981 -160.8325067886182 0.006928 0.089872 0.2736637 1.0
-652.9968245000052 -154.01767207978335 0.013544 0.539671 0.2627288 1.0
-731.4130814242019 -182.81619796935775 -0.598767 0.05698 0.27236232 1.0
-540.1923965835814 -133.67748652515724 -0.400225 0.026364 0.18328023 1.0
-729.8962006474343 -181.30378724188554 -0.19431 0.438913 0.2722829 1.0
-781.3775394618144 -192.5121794449174 0.084903 0.020624 0.30039003 1.0
-780.38551588673 -192.12662564276292 -0.131914 -0.169322 0.3014983 1.0
-712.1273831101953 -174.18557105341998 0.035617 -0.225916 0.26828963 1.0
-847.4954585031074 -204.1919607180319 0.277444 -0.359651 0.34867078 1.0
-827.9707558448213 -199.3542060080881 -0.001481 0.176924 0.3387142 1.0
-811.2536179732931 -192.99856578922072 0.156062 -0.126362 0.33436382 1.0
-696.5824192757563 -165.16854762335333 0.060697 -0.056308 0.2684117 1.0
-592.7781313928853 -136.31456304641108 -0.271745 -0.016829 0.22821154 1.0
-592.6990391780972 -136.40179300012286 0.427298 0.594136 0.2282968 1.0
-876.4115059131408 -211.05716291802844 -0.125046 0.038379 0.35693297 1.0
-779.807971059978 -186.04833409530565 0.368093 0.030069 0.3007138 1.0
-721.6356147940048 -171.60091452552666 -0.465183 0.081865 0.27086502 1.0
-869.9152077649019 -207.16306226239527 0.03192 0.214429 0.35584795 1.0
-758.1172726146408 -180.19980946477818 0.332697 -0.006209 0.29104865 1.0
-568.3895986421037 -132.1031895918657 -0.237758 -0.611184 0.1969449 1.0
-720.8805379889707 -191.1817373926021 -0.094283 -0.004927 0.2711356 1.0
-719.8439949493345 -189.41088272952493 -0.019991 -0.016328 0.27076218 1.0
-582.4360090569074 -153.92210747744468 0.029958 -0.118423 0.20491259 1.0
-598.5180592408957 -156.09418837439677 0.000406 0.017959 0.21500523 1.0
-717.0271330032059 -185.5032553184523 -0.161651 -0.19998 0.27581587 1.0
-796.9019343885038 -206.6938428605093 0.283398 -0.266587 0.32095096 1.0
-744.3684592112762 -192.7279200385486 0.014902 -0.041588 0.29274786 1.0
-818.4479438093827 -210.51175256296568 -0.056052 0.273074 0.33837882 1.0
-755.1386023814066 -192.22784154903707 0.120366 0.028286 0.30574226 1.0
-753.9961198003843 -192.7185486049429 -0.09864 -0.860361 0.3059535 1.0
-773.3209635696961 -196.66609335309698 0.306654 -0.075412 0.3179091 1.0
-800.3128940814298 -202.5882663601581 -0.49562 -0.244446 0.33778074 1.0
-796.4501350258117 -201.07015363589773 0.044396 -0.08033 0.3396675 1.0
-652.3279554007589 -162.85524923530886 -0.170414 0.45612 0.2566233 1.0
-670.4985268325775 -166.14996421300938 0.375717 0.292217 0.26853424 1.0
-672.6302185426645 -165.222927134458 0.106285 0.427197 0.2740855 1.0
-489.816865248835 -119.68583995406397 0.493876 0.10976 0.18212889 1.0
-788.4056775506989 -193.9617783911143 -0.332547 0.317176 0.35017648 1.0
-725.3225563299295 -188.87182599327147 -0.345019 -0.294698 0.27105546 1.0
-865.6354122702885 -224.1955168239019 0.5973 -0.014059 0.35274056 1.0
-721.8360414584412 -185.01843835458857 0.144915 0.137327 0.27106622 1.0
-822.6907168255998 -212.11292639310014 -0.267551 -0.053588 0.32681718 1.0
-722.3822226270545 -184.98163044443936 -0.307931 0.36457 0.27138412 1.0
-539.860179267904 -137.93467840647637 0.131897 -0.026038 0.18748833 1.0
-743.8459086679018 -188.4404353073385 -0.40496 0.08637 0.286414 1.0
-768.9447436436852 -190.63256853985826 -0.056572 0.55267 0.31018972 1.0
-711.4161308687762 -177.115467304733 0.078786 -0.204634 0.27864775 1.0
-795.5536297861531 -198.68684324697816 0.320276 0.109073 0.32888153 1.0
-793.0699481463913 -193.18433699419302 0.292461 0.020199 0.33330867 1.0
-604.8953881610898 -147.21511331205284 0.300314 -0.361302 0.2311572 1.0
-738.0343220226262 -176.65557482374086 -0.206057 0.107988 0.30998334 1.0
-727.991758294812 -183.50598270756507 -0.133759 0.276888 0.271755 1.0
-728.6381737460194 -182.72786734334028 -0.018305 0.009835 0.27141127 1.0
-855.7808494247125 -214.12912457410567 -0.925404 -0.054666 0.34386256 1.0
-711.2546779472352 -176.28450602095484 0.188799 -0.031138 0.2658845 1.0
-708.6456505369076 -175.67945917716673 0.128874 -0.047833 0.26456833 1.0
-540.0595951536694 -133.1596345422306 -0.067971 -0.098609 0.18688194 1.0
-675.9030810626746 -165.4107016776679 -0.113047 -0.32932 0.25396103 1.0
-833.9766621611492 -205.85327620596917 0.018105 0.116017 0.3428047 1.0
-829.2597084464504 -203.1618877394206 0.005615 0.248379 0.34248862 1.0
-785.6834384146763 -191.43773875610177 -0.110216 -0.552251 0.3159575 1.0
-767.8480980032127 -187.11640501785254 -0.11667 0.311602 0.3082014 1.0
-779.8746194226503 -189.62689688651085 -0.217467 -0.195005 0.31551126 1.0
-695.3837999403595 -166.56472709389013 -0.569802 0.169688 0.269867 1.0
-696.499710600027 -166.61185924598297 -0.0323 0.051961 0.2712541 1.0
-603.2844717713978 -141.74381426209024 0.034745 0.024955 0.23089507 1.0
-528.02978345781 -123.09399889683573 0.03991 0.106189 0.19590783 1.0
-803.5360784341043 -185.49927960400134 -0.103806 0.153368 0.35160795 1.0
-553.7330375186799 -135.25770838120837 0.113164 0.13639 0.1906161 1.0
-708.1312858676523 -170.57559712268193 -0.08169 0.076921 0.2683922 1.0
-807.1428301046619 -190.91844018679967 0.208907 -0.029466 0.32952815 1.0
-775.0967712959697 -182.20657165079436 0.290277 -0.07722 0.30998287 1.0
-483.3609139197382 -114.22094122914454 -0.038325 -0.233925 0.16671725 1.0
-616.738282275194 -145.17906814770578 0.03021 -0.352605 0.22760579 1.0
-781.9918385875594 -179.9086260239129 -0.081726 0.303954 0.32538018 1.0
-691.0356123384748 -156.5748811401297 -0.048434 -0.369736 0.27491298 1.0
-790.3120817600889 -178.90464396791714 -0.04393 -0.037735 0.33818644 1.0
-704.5891472083971 -201.69637519174262 -0.018252 0.009702 0.26514778 1.0
-710.8021265910248 -202.35787396169027 -0.648593 -0.178152 0.2688361 1.0
-773.3993687115945 -220.7751137552467 0.329225 -0.361356 0.30395404 1.0
-814.9844380363529 -231.7339223240207 -0.419531 -0.240814 0.3291279 1.0
-505.5380607984284 -144.2180234662099 -0.084716 0.255345 0.17393285 1.0
-786.8713047528971 -222.54500199450516 0.155932 0.096041 0.3211951 1.0
-785.4425977778899 -222.36020463843818 0.188911 -0.15864 0.320472 1.0
-726.6491628141539 -203.98244438797548 0.216266 0.180011 0.29135382 1.0
-706.2675936980017 -198.00262616793262 0.147474 -0.009851 0.2822482 1.0
-815.8099263551477 -227.8337463017083 0.572408 -0.394637 0.3490419 1.0
-574.483424028149 -159.04264550954116 0.069689 0.04074 0.22034816 1.0
-653.5150353799855 -177.05062704689476 0.490335 0.16395 0.26843667 1.0
-795.2461286237293 -222.73446048538392 0.02966 -0.157348 0.31320286 1.0
-822.8562667792161 -228.38456827351075 0.044039 -0.096592 0.33038935 1.0
-703.1754389876749 -195.79872538322485 0.25282 -0.38265 0.2669792 1.0
-708.3414824747523 -196.1654698640804 0.424999 0.373973 0.27008682 1.0
-701.3436588131121 -193.49308784006396 -0.18484 -0.462549 0.26842868 1.0
-484.2612589060973 -131.03480348043811 0.28221 -0.609616 0.17491184 1.0
-635.1587601095546 -173.42649573848064 -0.306933 -0.671744 0.2284126 1.0
-822.9045311914397 -225.30226152688365 -0.151997 0.337876 0.32798883 1.0
-819.9961622074227 -222.99581148700608 -0.096695 -0.628301 0.32814005 1.0
-580.9065819086396 -156.67291390327608 -0.00762 0.157459 0.20514968 1.0
-687.3087060339574 -186.86786284587168 -0.289468 -0.490005 0.2569683 1.0
-848.411341260092 -230.84347366532978 -0.391496 0.339958 0.34796122 1.0
-686.6453433082523 -186.27975723674263 0.007701 -0.09362 0.25725275 1.0
-596.3004320544575 -158.65024562319823 -0.213188 0.393825 0.21729498 1.0
-801.551734995756 -213.5774121416689 -0.087247 0.202828 0.32733628 1.0
-593.8994770991078 -157.9716112266287 -0.297093 -0.019159 0.21706869 1.0
-737.8987619340777 -197.3817608764068 0.525289 -0.232501 0.2923838 1.0
-722.1773958562059 -191.77202953820455 -0.048838 -0.16535 0.2847275 1.0
-779.5903487317016 -205.50253578542956 0.340483 -0.40864 0.33001566 1.0
-467.8994509005742 -121.78774395717558 -0.116283 -0.123022 0.16948861 1.0
-665.6774544390483 -173.4218942155676 -0.358935 -0.079414 0.26875186 1.0
-806.6530932022197 -212.33966508310832 0.229903 -0.032917 0.32573903 1.0
-734.2479625617706 -191.93249794245975 0.130922 -0.294246 0.2895491 1.0
-556.5825165187562 -143.40232613351466 0.027517 -0.068626 0.20296407 1.0
-800.6706822146419 -206.00418913332643 -0.014503 -0.085438 0.33916816 1.0
-604.8095944713641 -153.7700619758672 0.232885 -0.490957 0.23287539 1.0
-694.9039641899999 -175.56699713500223 -0.046666 -0.065957 0.28221312 1.0
-632.929063869181 -159.24404352059065 0.483926 0.019907 0.24942958 1.0
-776.0126046178843 -226.8256929852094 -0.067685 0.163477 0.33686957 1.0
-569.5908071220393 -165.98804593694535 -0.564326 -0.288651 0.22149664 1.0
-667.412965279003 -195.94949713828356 -0.803789 0.311498 0.27600983 1.0
-736.4243535160329 -214.47423151423115 0.720233 -0.187694 0.3190021 1.0
-574.7489026915629 -168.03001941599086 0.604505 0.54032 0.22650819 1.0
-830.0766628049419 -240.54130579547393 0.134316 -0.213319 0.34239253 1.0
-730.9550218348696 -209.9432714705527 -0.284608 0.200454 0.3012459 1.0
-698.0181292514277 -200.24222248170784 -0.095009 0.115489 0.28286186 1.0
-686.5157665874882 -195.37158153787936 0.300292 -0.072548 0.28158635 1.0
-675.8407950776434 -192.81415073073683 0.184162 -0.015448 0.27557027 1.0
-563.9765456296354 -161.54551110958366 -0.697275 -0.582596 0.2177657 1.0
-583.1474689210133 -166.23714672635006 -0.051486 0.145899 0.22799896 1.0
-634.0557010070933 -180.19523496036538 -0.213102 0.39666 0.25495657 1.0
-649.2587532393521 -185.36500539231972 0.134382 -0.134656 0.26616165 1.0
-702.5403500627864 -200.6745762291222 -0.186674 -0.046991 0.29773378 1.0
-578.5273586716703 -163.3772556307797 -0.2044 0.13157 0.23288682 1.0
-582.3071944346104 -165.35892876949626 -0.103162 -0.216797 0.2365965 1.0
-640.2454994770754 -181.55056578099197 -0.186354 0.149012 0.26824424 1.0
-569.6584673211202 -162.11733445192064 0.27042 0.074569 0.2295735 1.0
-542.5231539042371 -152.70798944706135 0.019601 0.144489 0.2150738 1.0
-576.9387254338488 -165.044927462881 0.103517 0.277507 0.20606308 1.0
-575.3060635594571 -164.11110356140884 0.025638 -0.026464 0.20538022 1.0
-801.806326691083 -228.2467235282513 -0.13257 0.174616 0.32839963 1.0
-679.3248718971555 -191.8816554221255 -0.288175 -0.361569 0.2680579 1.0
-813.5519681589936 -229.4628390042472 -0.216728 -0.447018 0.3479015 1.0
-800.8082192381062 -224.84669574971443 0.005225 -0.079853 0.34075534 1.0
-680.154790406733 -189.8041572871963 0.138254 -0.12676 0.27574855 1.0
-789.7372341328021 -219.50591651237005 -0.177519 -0.072351 0.34451088 1.0
-590.0977064512081 -163.53888251112352 0.142042 -0.089857 0.22917728 1.0
-668.8992469251907 -185.91894509432555 -0.110529 -0.197521 0.27910817 1.0
-728.8315495825119 -200.38162871784934 -0.19748 0.077162 0.3148366 1.0
-700.6363252444407 -194.0611444399598 0.139657 -0.15643 0.29977146 1.0
-680.9967504816874 -188.31734879607063 0.085202 0.087616 0.29038742 1.0
-686.4155184346363 -191.09418729991964 -0.1317 0.345465 0.260641 1.0
-796.7439045772871 -220.2292374210872 0.140571 -0.19832 0.32734695 1.0
-693.8351544693372 -191.87059789086356 -0.013577 0.031332 0.27097 1.0
-733.4507084171782 -202.40834725427328 0.041665 -0.01963 0.29344326 1.0
-727.2718935604216 -199.92122462468308 -0.323469 0.08297 0.29109737 1.0
-675.7859445836192 -184.66038668647764 0.062794 0.201059 0.27086985 1.0
-733.1076899814683 -199.79704907634084 -0.167159 0.121052 0.3065477 1.0
-612.8601399332384 -166.17789973463547 0.199594 -0.57201 0.24364631 1.0
-784.2863266463058 -212.10266514166076 -0.011941 0.057113 0.35364857 1.0
-831.0655094862298 -225.87738993564832 -0.070762 -0.190191 0.3390695 1.0
-666.7351552858306 -179.33133497082537 0.116756 0.103676 0.25734797 1.0
-813.0091209864847 -216.38991113645343 0.179327 -0.009374 0.34774318 1.0
-707.7964883405737 -187.37429434123302 0.035014 -0.022314 0.2860242 1.0
-602.9708273377668 -159.53985765209833 -0.491167 0.046524 0.2338199 1.0
-603.9222297431581 -160.2682525047453 -0.102363 -0.089128 0.23425461 1.0
-604.0077877166244 -160.02263148567442 -0.284143 0.852757 0.23428303 1.0
-740.7281023785696 -195.32533661408365 -0.367143 -0.345401 0.31113634 1.0
-666.1648636649461 -175.83596139870323 -0.261751 0.142278 0.26922336 1.0
-742.7276428368491 -195.56425000898682 -0.035897 -0.111414 0.31502977 1.0
-659.6187704704673 -172.5736200236573 -0.305374 -0.148657 0.2665118 1.0
-598.4458927795176 -156.80341846958427 0.129718 -0.099284 0.2344539 1.0
-795.2669094180071 -209.51693233408136 0.145288 -0.03479 0.35150784 1.0
-789.597783062856 -207.24576678371662 -0.289656 0.194009 0.34942785 1.0
-514.794203445801 -135.70395917918813 -0.194167 0.133264 0.19520266 1.0
-679.9426197223476 -202.61538246391385 0.110291 0.133017 0.28261504 1.0
-672.7897038882752 -200.50105430394672 0.476926 0.030625 0.27835456 1.0
-802.3564891455297 -232.3955832234891 0.175148 0.098477 0.3462283 1.0
-794.2616135513531 -231.1081266018243 0.137155 0.177773 0.34199163 1.0
-629.221393936504 -181.64714348978924 -0.312324 0.102701 0.24959478 1.0
-584.3619264669826 -170.16380908366554 0.465509 0.385484 0.22689007 1.0
-632.0367803682831 -181.94809679051167 0.502226 -0.686392 0.25132486 1.0
-631.5685039666306 -181.38441753655025 0.138362 -0.010306 0.25431654 1.0
-629.7506533091522 -182.93234120854723 0.224825 0.090335 0.25416765 1.0
-599.2461801042593 -172.4271197858837 0.612716 0.676314 0.24154049 1.0
-729.3610605234462 -208.90546085868803 0.003072 0.049739 0.32261264 1.0
-588.4788896265 -167.6484698812226 -0.066439 -7.9e-05 0.24001314 1.0
-638.4595971087311 -182.41541007904448 -0.09592 -0.172421 0.26813686 1.0
-517.1214640180378 -148.5529861166527 -0.820376 0.021126 0.2036014 1.0
-552.641838423194 -158.52190312072142 0.26954 0.13805 0.22194704 1.0
-677.0800374414205 -192.7018654285252 -0.260653 -0.114375 0.29330936 1.0
-679.9752732818982 -194.25219341441127 0.023366 -0.070007 0.2964811 1.0
-854.8046688846905 -245.3800211256576 0.177459 -0.267305 0.3540948 1.0
-836.7402426852284 -241.62460170391222 -0.319433 0.191272 0.34368932 1.0
-577.183811504973 -166.31372499886538 0.944921 0.142068 0.20597683 1.0
-824.3984054267247 -238.29350864285067 0.396731 0.545145 0.338648 1.0
-821.2255828472032 -237.4061498466148 -0.153535 -0.055792 0.33726048 1.0
-821.0065037522515 -236.24248933172663 -0.190894 -0.046964 0.33927923 1.0
-703.1252487876634 -199.44580850586377 0.462617 -0.068238 0.28160068 1.0
-795.0657551831082 -226.75062100474517 -0.488462 0.011482 0.3417057 1.0
-793.8702197872819 -226.13717727096216 0.150293 -0.060375 0.3409611 1.0
-787.6694134586553 -224.31899705173814 0.214 -0.337061 0.33950344 1.0
-642.4616902927826 -180.7978848311081 -0.606181 0.104471 0.25370136 1.0
-685.1667043570429 -194.22519702886356 0.555768 0.190293 0.2801123 1.0
-653.7912293799922 -185.20345912776247 -0.021003 0.093021 0.26455414 1.0
-583.6552617335902 -163.6227501862276 0.068485 0.142571 0.22697249 1.0
-629.9431297808396 -178.16214565782494 0.041823 -0.035885 0.2526353 1.0
-786.1108746622308 -220.21126870757482 0.133343 0.17036 0.34702405 1.0
-733.9315206401042 -204.8794526066862 -0.09811 0.416454 0.3162354 1.0
-579.9605668495295 -163.17246297091592 0.685476 -0.246138 0.23273216 1.0
-787.2629673947698 -219.6454345136894 0.237903 -0.031951 0.35806397 1.0
-705.8195856022036 -197.29006952809885 0.227666 -0.049872 0.30670676 1.0
-539.5285281229584 -149.78655208257362 0.137086 -0.013248 0.2139748 1.0
-612.735440735178 -171.85462603990857 -0.65055 0.263365 0.25427336 1.0
-732.8128735021975 -204.34078805294544 -0.155515 0.077768 0.32764223 1.0
-822.9211618126866 -231.59948609355934 -0.058715 -0.832054 0.32955378 1.0
-819.2532760660687 -230.35143172458834 -0.105413 -0.263761 0.32924932 1.0
-837.946912081728 -235.65518428894285 0.032738 -0.662391 0.34035283 1.0
-823.6354265952816 -232.4699523103903 0.755125 -0.155588 0.33158723 1.0
-837.8742133478189 -235.69297619214927 -0.148977 -0.024416 0.34073877 1.0
-580.2037378752236 -162.53543639684804 -0.211417 0.015309 0.20589273 1.0
-730.2695905269347 -204.54191223091388 0.070883 0.16784 0.28122288 1.0
-706.1821005728826 -197.48456842405795 0.104969 -0.223729 0.26897258 1.0
-683.1854832234698 -192.706223984015 0.087882 -0.124769 0.25802183 1.0
-807.7337723213229 -226.65263498667957 0.570889 0.177639 0.3281226 1.0
-693.5370944530715 -194.07471678743826 -0.140935 -0.169724 0.26555693 1.0
-823.2484186904497 -232.02350002096827 -0.139141 -0.346411 0.33961496 1.0
-679.50310023661 -190.38142035203123 -0.001837 -0.108984 0.25843126 1.0
-695.4822278481168 -194.972634778566 -0.041777 0.302229 0.26914352 1.0
-710.8250546910778 -199.3885132782491 -0.115492 -0.097785 0.27952904 1.0
-688.6639207570539 -191.85152268170683 -0.069085 0.027571 0.26940605 1.0
-724.6060879975345 -201.3786552077841 0.333064 -0.046804 0.29071316 1.0
-812.944390543798 -226.25776114738633 -0.22444 -0.673205 0.34681258 1.0
-814.3170938780477 -226.7376831307755 -0.202692 0.161999 0.3480956 1.0
-796.3132629903216 -221.17778702830665 -0.360728 -0.167947 0.34253007 1.0
-788.1947487448227 -217.08409488347442 -0.085799 0.226136 0.34144467 1.0
-581.3258305885548 -159.12784660395425 0.020918 -0.635653 0.22335188 1.0
-662.5478638789652 -181.44572856248308 0.031667 -0.093497 0.26938233 1.0
-635.8273216048011 -173.83506679294987 0.02655 0.177675 0.25482896 1.0
-529.8201598504643 -144.95641969045928 0.163908 0.140089 0.20138763 1.0
-620.4020474151238 -170.72377587965553 -0.259961 0.112664 0.24814467 1.0
-616.853521409824 -169.79121735766537 -0.774524 0.147661 0.24635954 1.0
-621.7654320726648 -170.65476814602297 -0.267092 -0.048428 0.24899402 1.0
-459.322435319721 -125.00620444125863 0.173694 -0.447781 0.16934885 1.0
-756.6876005592399 -206.9389750839543 0.116428 -0.035397 0.330614 1.0
-776.0428712132648 -209.95419750518997 -0.18146 -0.156545 0.3537218 1.0
-821.421353225495 -227.47947000723147 0.031233 0.069472 0.32845733 1.0
-837.8174170880995 -230.6566457574795 0.198748 0.283101 0.33855826 1.0
-820.1280221445546 -225.52322014968277 0.12356 0.13579 0.32808647 1.0
-824.2430429850735 -226.53161358801114 -0.053741 -0.444122 0.33076712 1.0
-809.4736698842264 -223.6710253828265 0.078595 0.477366 0.32265577 1.0
-848.448014162794 -232.52428553332254 0.154403 0.126539 0.3470838 1.0
-817.4960617075607 -224.61280726967775 0.32435 0.117371 0.32797328 1.0
-707.9611885418499 -195.11757713350244 0.341977 -0.396028 0.26822838 1.0
-845.7364941387052 -232.34672874172372 0.050962 -0.340828 0.34902617 1.0
-704.6885005112578 -192.08790658114432 -0.103369 0.255307 0.26937103 1.0
-703.3607875363783 -191.29353202239344 -0.076042 0.24236 0.2687857 1.0
-683.3435967294073 -187.01725721640474 -0.16035 -0.048483 0.25922048 1.0
-705.8078462099072 -191.0230252883424 0.395985 -0.461466 0.27411145 1.0
-736.6895995685351 -201.67736200419938 -0.106833 -0.148259 0.29178986 1.0
-766.0276650169277 -205.58842788051004 0.172255 -0.191089 0.3305003 1.0
-732.2645642788073 -194.8673989535576 0.211562 0.162964 0.31230605 1.0
-732.0061292513719 -195.46811020666024 -0.07808 -0.410235 0.31324893 1.0
-780.5085136584325 -208.3564878917215 -0.244301 -0.121551 0.3483774 1.0
-785.3629502285778 -209.02924312002702 0.080585 -0.133899 0.3524567 1.0
-809.5271412908129 -216.20104534465608 -0.055982 -0.015773 0.326984 1.0
-539.8932283611891 -141.16768270821825 0.005395 -0.02302 0.19738282 1.0
-683.1094481529077 -176.66582515618043 -0.240264 -0.098757 0.28488153 1.0
-791.1162050801956 -202.85512160977626 -0.183545 0.067415 0.3554205 1.0
-829.5338347438881 -216.54213242355738 0.010688 0.007055 0.3539936 1.0
-590.1875330234188 -153.78610398077956 -0.135609 -0.032408 0.2197707 1.0
-669.5106749241716 -172.75600738654003 -0.15034 0.11769 0.26908717 1.0
-674.5840602144149 -172.47323310006223 0.030292 0.109098 0.27683967 1.0
-641.6207761604787 -163.9992981571076 0.070124 -0.144441 0.25926346 1.0
-686.7012528245045 -162.4653744789163 0.141925 -0.084172 0.26873562 1.0
-546.1499955419575 -159.45131549085008 0.110382 0.289048 0.21556653 1.0
-689.066264177633 -201.5402028613126 0.112228 0.082897 0.29560712 1.0
-688.2139975293226 -201.05052551998247 0.302667 0.205439 0.29619884 1.0
-760.5465352575392 -220.94771507379986 -0.36883 0.11979 0.3420857 1.0
-633.3900690177855 -183.83724135511818 -0.094061 -0.108763 0.26817545 1.0
-703.8038710521664 -188.1106085634864 -0.298197 0.12076 0.2993536 1.0
-700.4286679422266 -188.77746487027025 0.103052 0.488501 0.29895607 1.0
-785.0177241376088 -211.7630144174512 -0.05869 0.21413 0.35435703 1.0
-778.3001886116414 -208.70029656072202 0.266354 0.239919 0.35326284 1.0
-782.9262429491207 -209.7001628109755 0.507248 0.662312 0.3567851 1.0
-498.6777375967318 -129.70254140422605 0.285299 -0.165021 0.18746082 1.0
-750.1242822541019 -226.33957004398945 0.040819 -0.044563 0.33120292 1.0
-768.7501164857183 -228.59879810669662 0.098226 -0.534529 0.33545047 1.0
-771.6095327650407 -229.73079673719909 -0.115658 0.036927 0.33771622 1.0
-672.8973730738513 -198.60576453786467 0.194039 0.249958 0.2797583 1.0
-666.4237051640437 -196.98970229697176 -0.093726 0.002318 0.2761577 1.0
-661.5472759443785 -195.428887720885 -0.068452 -0.042059 0.27350542 1.0
-677.2931164479216 -200.80014732199191 0.011232 -0.255927 0.28311136 1.0
-653.7314328303482 -193.8175293958774 0.068559 -0.101243 0.26961502 1.0
-679.4918102899056 -202.1170574204121 0.247281 0.027015 0.28500104 1.0
-572.8803641208635 -169.76424617879533 -0.126263 -0.229848 0.22608553 1.0
-573.3842929806874 -170.55183519570343 0.504671 0.591845 0.2265154 1.0
-682.0693619411973 -202.6868959184603 -0.064974 0.246522 0.28884944 1.0
-682.9423148651767 -202.72310979419265 -0.083098 -0.061591 0.28891855 1.0
-591.5251500976531 -175.7138440127855 -0.219307 -0.123288 0.24702156 1.0
-830.0139665543649 -240.77192551954886 -0.034339 -0.125047 0.34201849 1.0
-824.2205936561677 -239.0197597298524 -0.344577 0.120572 0.3389351 1.0
-680.5684188044377 -203.47240910349097 0.392505 -0.249443 0.28183728 1.0
-676.1859883680169 -201.93428934626635 0.039185 0.160898 0.28038245 1.0
-675.7075054111591 -202.23884790949398 -0.117774 0.368814 0.279874 1.0
-679.7123828017557 -204.27063977649152 -0.814263 -0.49845 0.28239745 1.0
-664.4928023837438 -199.2469650679696 0.303541 -0.001023 0.27487624 1.0
-601.1889815418276 -180.67182341443214 0.04393 -0.015633 0.240634 1.0
-758.9249827841511 -226.98936121414857 0.407172 -0.184478 0.334546 1.0
-626.9203643256494 -188.15624364125082 -0.283506 0.182439 0.25601298 1.0
-463.76793035456114 -139.5397522153145 -0.117498 -0.196154 0.17388421 1.0
-533.8911332439233 -122.42999963081577 0.363649 0.047626 0.18301468 1.0
-543.1255542727016 -132.81881463030436 0.306983 -0.307417 0.18913849 1.0
-826.2668152708088 -199.54565137514132 -0.172878 -0.253883 0.3389103 1.0
-692.1532743475335 -160.77727753533108 0.291399 -0.141878 0.27438095 1.0
-485.8987716223047 -112.9444647438556 0.178714 0.080981 0.17278795 1.0
-710.9249410188854 -165.3374697832295 0.006616 -0.068621 0.2885071 1.0
-489.5240839047997 -113.10815539408225 0.048574 0.044629 0.17680906 1.0
-487.8652052273829 -112.65850649739701 0.486577 -0.129933 0.17627284 1.0
-723.8551481507927 -167.55853631710974 -0.172566 -0.339252 0.28334665 1.0
-720.3438186519941 -167.10501312944112 -0.21226 0.182973 0.2824728 1.0
-515.2845690573253 -115.58681648800814 -0.585835 -0.088362 0.18574643 1.0
-795.7170190115698 -177.26184640925382 0.133243 0.078058 0.33910576 1.0
-779.976001477895 -172.33909204349234 0.010647 0.103242 0.331334 1.0
-608.8759288253001 -140.84400096265304 0.051555 0.258777 0.21621396 1.0
-544.0331471244888 -126.21099806930879 0.407507 -0.329185 0.1874502 1.0
-565.1701830972755 -131.00235177867194 -0.178412 0.306073 0.19660835 1.0
-537.738867165445 -124.21761190147382 0.703125 -0.273726 0.18486379 1.0
-564.4405705848137 -130.55772993638766 -0.067681 0.166465 0.19778143 1.0
-535.6189480089878 -123.97140708792784 -0.229987 0.156514 0.18552966 1.0
-821.8454850655578 -186.4819826537367 -0.167599 0.213513 0.33375028 1.0
-628.3384672498296 -143.6458993827601 -0.061987 0.049516 0.22995709 1.0
-769.7731810094193 -173.28766993355592 0.061493 0.074823 0.30727115 1.0
-532.5031416557506 -118.88132117797736 0.29758 -0.372644 0.18816756 1.0
-557.6334857226702 -124.22018895374468 -0.144834 0.016627 0.19974175 1.0
-816.8336075979771 -181.85425392580353 -0.002696 0.016133 0.33853891 1.0
-490.95867740090716 -109.98485138387677 0.070611 -0.042724 0.1708268 1.0
-779.985025700065 -175.05117624635724 0.254206 0.076088 0.31590608 1.0
-499.8363319235157 -111.42141460004319 -0.225728 0.115439 0.17610382 1.0
-614.584552060051 -135.4405494176025 0.180963 0.280007 0.23203117 1.0
-517.104594037592 -113.42630315015806 -0.453122 0.010846 0.18576613 1.0
-532.0091107203662 -116.78980841914309 -0.074668 -0.183697 0.19299102 1.0
-780.1397913340777 -170.2115744440581 0.030878 0.07945 0.32598862 1.0
-511.6185595807118 -118.71032128121253 0.28322 0.216651 0.18314283 1.0
-481.01670129013945 -112.99030204362447 -0.021162 -0.211356 0.16326742 1.0
-768.319461565272 -178.30691654529642 -0.177499 0.496831 0.3008599 1.0
-767.4453255349459 -177.8185207362551 0.143613 -0.192848 0.30258146 1.0
-827.8793913228446 -191.0360404861957 0.221468 0.433287 0.34210736 1.0
-781.4879526799851 -178.9415520497508 -0.22745 -0.471544 0.31743398 1.0
-831.171682814746 -187.3579893079054 0.147592 -0.39816 0.3536894 1.0
-515.4252696007308 -114.10283989384276 -0.144206 -0.095336 0.18606924 1.0
-481.4564005887038 -109.94901821198455 0.509617 -0.217522 0.16242951 1.0
-593.3906767840404 -155.26973797720763 -0.247565 -0.257724 0.21826118 1.0
-589.3688053237832 -152.93724621988633 0.411503 -0.29301 0.21897705 1.0
-473.3571550178665 -118.14035131218358 0.091853 0.125992 0.17377008 1.0
-538.4346386275143 -134.97179410962818 -0.063479 -0.216568 0.20459673 1.0
-540.1145292833511 -134.6679422366797 0.383346 -0.188608 0.2052442 1.0
-588.3824809004263 -147.49283808805853 0.025505 0.01349 0.21695538 1.0
-602.7763236823147 -148.9787569372766 -0.306097 0.13028 0.23103389 1.0
-541.2295263167462 -132.1177589199447 -0.340637 0.014206 0.20339905 1.0
-447.6631085217983 -108.30918223863084 0.090673 -0.423623 0.16109692 1.0
-722.9333306467212 -181.50216201503986 -0.040317 0.044556 0.27592617 1.0
-563.8372397902717 -141.3997357449063 -0.000712 0.029781 0.19930974 1.0
-505.15077890578283 -122.02884794417089 -0.069176 -0.200234 0.18030177 1.0
-523.951885314584 -127.24157045866217 -0.481069 -0.040335 0.19000691 1.0
-604.506983847194 -145.49463629763937 0.23842 -0.101499 0.2296179 1.0
-680.3392230256864 -163.47455883623817 -0.081547 -0.202857 0.26926714 1.0
-603.3052224275762 -145.11890009372615 0.017917 0.09003 0.2301705 1.0
-509.2181424794879 -121.2291812390878 -0.246473 0.084191 0.18560709 1.0
-515.0152276960071 -123.66437766051948 0.41942 -0.208683 0.18877237 1.0
-540.5460959040154 -128.55192083366927 -0.240794 0.089507 0.20042443 1.0
-532.246829776944 -126.2545160813554 0.090145 -0.158138 0.19805156 1.0
-461.57788635038963 -109.57943718520778 -0.789814 -0.288041 0.1664416 1.0
-508.4724231673151 -120.5710372495315 0.063971 0.0049 0.18804254 1.0
-508.9612169293101 -120.65735316555426 0.46066 -0.084799 0.18826208 1.0
-515.3036945481247 -121.12436835530188 0.731935 0.160154 0.19106913 1.0
-625.8093376777387 -148.58239022989503 -0.041461 0.036488 0.23265886 1.0
-509.05500573185503 -116.43565002668247 -0.219898 -0.379667 0.18748708 1.0
-534.4217405839102 -123.4641100139717 -0.028867 0.147693 0.18302403 1.0
-542.3704885105042 -125.03879070263532 -0.292691 0.191307 0.18698396 1.0
-803.5840717225457 -208.60432109301613 0.012844 0.352875 0.32486776 1.0
-708.2689013827767 -182.0550124311563 0.23527 -0.112649 0.27778178 1.0
-543.0039014035691 -135.2293833107622 -0.356738 -0.244975 0.20327264 1.0
-507.17897522978035 -125.95969839584882 -0.065763 -0.293482 0.18839657 1.0
-510.8462790213372 -125.79780569177515 0.011915 0.209113 0.18977046 1.0
-810.7573504741484 -201.85786287137879 -0.241479 0.215482 0.3585483 1.0
-467.8016700254502 -115.34202327743704 -0.039356 -0.147739 0.1726834 1.0
-836.7182590715023 -211.34681085053379 -0.015817 0.14482 0.34425455 1.0
-534.8079129494822 -134.55268800058394 -0.189173 0.023042 0.18742849 1.0
-493.8363973267559 -123.47395455252673 -0.320029 0.125976 0.17077452 1.0
-842.1344644576021 -211.69905965365328 -0.069579 -0.169983 0.35297465 1.0
-690.0653981886232 -170.986237773264 0.675491 -0.300429 0.26797575 1.0
-512.3730793102923 -123.08045936767094 0.025403 0.407826 0.18792737 1.0
-511.5741732401557 -123.9004428067125 -0.026226 0.06896 0.18901332 1.0
-510.1019962026507 -123.26610338456116 0.364707 0.030148 0.1885616 1.0
-784.4890433021949 -186.21081510137415 0.288333 0.318608 0.34182748 1.0
-486.06981842644717 -115.10159302524461 -0.428304 -0.304798 0.17889382 1.0
-570.7218726742252 -141.05215397312688 0.199877 -0.165987 0.2015322 1.0
-507.72905122771067 -121.83127158603804 -0.01557 0.104141 0.18136626 1.0
-695.1392112417012 -165.3269530225193 0.062019 -0.057433 0.2756752 1.0
-693.7701267941809 -164.37500851940985 0.00909 -0.22186 0.27579477 1.0
-607.3951392066632 -142.70429182337222 0.012629 -0.158164 0.23039144 1.0
-707.1939540035439 -165.91170496066428 0.078771 0.167745 0.28504154 1.0
-711.2482739067392 -166.7368777650574 0.089389 -0.201525 0.28894797 1.0
-610.3429942364038 -146.9387528641973 0.044534 -0.179179 0.21962272 1.0
-713.8603466404454 -165.88735929462396 0.165857 0.036186 0.28020933 1.0
-546.0636509247058 -123.7410368792956 -0.041283 0.297652 0.20223723 1.0
-801.2216827016176 -224.1828612272568 -0.007475 -0.001843 0.34168288 1.0
-483.5803185372311 -134.39010601505132 0.12294 0.297366 0.17538843 1.0
-795.098768851776 -218.46809215150455 0.080392 0.090149 0.32606894 1.0
-497.3027364464117 -136.1518549486908 0.118228 0.286967 0.17703915 1.0
-600.7504989597318 -162.0656986851202 -0.086461 -0.491682 0.23267074 1.0
-801.0435696204521 -213.35684832505706 -0.256422 0.322048 0.3269171 1.0
-809.5238100522781 -214.69964688291626 -0.253777 0.066064 0.3375999 1.0
-676.4998545944334 -178.53860718235424 0.0409 0.327767 0.26729578 1.0
-542.920137239477 -140.95982805771143 0.511684 -0.09156 0.20632344 1.0
-640.5782638167635 -166.48215496704378 -0.055982 0.541835 0.25767156 1.0
-638.0954755651663 -165.50743360485114 -0.051356 -0.144902 0.25657013 1.0
-605.331559768338 -156.0395166451517 -0.115107 -0.253786 0.22628501 1.0
-589.0137735626125 -150.17205773553772 -0.209857 -0.02304 0.22278243 1.0
-471.5255130187687 -119.29431196605495 -0.154057 -0.645658 0.168603 1.0
-506.08618963821635 -127.85024877144083 -0.017123 -0.006751 0.18693827 1.0
-678.8730003397803 -170.62138457197582 0.213737 -0.080285 0.2756096 1.0
-791.1672457590497 -232.53009586739014 0.069606 -0.165114 0.34009764 1.0
-791.705610489909 -232.9559883359549 0.03555 -0.60307 0.3406036 1.0
-702.1829935363173 -206.17904811943075 0.174641 0.262791 0.28599465 1.0
-778.9905338540443 -228.1130849815343 -0.233564 -0.172981 0.3386749 1.0
-631.6452794244871 -184.02359114770323 -0.045866 -0.78566 0.2552416 1.0
-638.859899479248 -186.00910191998423 -0.400329 -0.160034 0.2609672 1.0
-636.1119488590934 -184.67986583981636 0.262379 -0.68369 0.2614048 1.0
-783.9987117971854 -224.9298151988384 -0.077866 -0.046873 0.33779812 1.0
-536.140353384975 -152.80748743970037 0.00135 0.14093 0.20191078 1.0
-467.838035620108 -132.98667246622765 0.268079 0.095431 0.17019998 1.0
-678.4303976467029 -193.15956479644112 0.024325 -0.0599 0.27699465 1.0
-677.6339782593129 -193.22867485448364 -0.015705 0.105415 0.2763812 1.0
-636.3273257435447 -180.45246881040578 0.103024 0.154959 0.25609666 1.0
-616.6235759160742 -175.2282973822017 -0.328776 -0.088113 0.24677709 1.0
-463.76508826195663 -132.25465532631102 -0.269999 -0.201033 0.17383479 1.0
-770.09060214609 -219.59238235190972 0.217654 -0.129085 0.34442884 1.0
-638.3016389307535 -181.55403908096355 0.700753 -0.237152 0.26763582 1.0
-676.8640803693087 -191.63323029168203 0.075651 -0.2126 0.29200143 1.0
-771.5503913814899 -218.75693891838478 0.024124 0.270359 0.35682333 1.0
-817.7621824688877 -231.8279705262583 -0.161552 -0.072024 0.3399215 1.0
-531.5805363952555 -149.22812268810603 -0.051618 0.231195 0.19553939 1.0
-537.9204469368281 -149.72043958833922 0.08552 -0.139841 0.20032176 1.0
-542.4355798064865 -151.00702166519133 -0.070711 0.186263 0.2024075 1.0
-791.3854301094425 -222.39601993955398 -0.421037 -0.007308 0.34134808 1.0
-793.6797880850165 -220.29999450302347 0.027818 0.10995 0.3488649 1.0
-543.5871297413023 -151.71001245963683 0.199055 0.06118 0.20757581 1.0
-532.5217374571611 -147.7642513152344 0.330394 0.060208 0.20218545 1.0
-530.1565516065178 -146.34532508877058 -0.716128 -0.067284 0.20162202 1.0
-683.4930423375354 -188.99137081456848 -0.022799 0.246534 0.29192623 1.0
-813.0329919214067 -223.71775609534407 0.203715 0.286003 0.34117186 1.0
-809.5637876441695 -222.75724988508586 0.133143 0.193527 0.33900696 1.0
-710.4644270932172 -193.78365372757364 -0.285772 -0.282981 0.28825703 1.0
-671.5430912358773 -181.95784199527083 -0.02976 -0.185072 0.26814318 1.0
-679.5650479132792 -185.18566570486277 0.042178 -0.258351 0.27290043 1.0
-464.28078637560145 -126.5097472917573 0.122805 0.22059 0.16750295 1.0
-728.0725134619576 -198.28974073682235 -0.257549 0.151177 0.30334055 1.0
-656.1528996826295 -178.00652632102506 -0.295407 -0.130661 0.2670697 1.0
-761.2672905983684 -206.02695194303868 -0.111828 -0.288672 0.33139732 1.0
-592.9388094492989 -159.6024941052267 0.251265 0.250862 0.21672808 1.0
-680.8898066487094 -180.9985473305946 -0.135624 0.063692 0.26748493 1.0
-515.610315627402 -136.6621429513695 -0.030361 -0.001024 0.19065253 1.0
-639.8082663697985 -168.93804521878178 0.027737 -0.376661 0.2549004 1.0
-662.5353933551544 -173.6762963754225 0.139741 -0.079959 0.26815763 1.0
-568.7185126940616 -166.83758176183062 -0.404154 -0.066927 0.22824381 1.0
-791.5445125948048 -231.0308269048882 0.270224 0.567516 0.3393424 1.0
-790.0917198529306 -228.85229967543924 0.310734 -0.057142 0.34032953 1.0
-778.2104588843215 -223.9971370513675 0.167244 0.420099 0.33813208 1.0
-654.3839334573853 -188.95677356313593 0.292488 0.087098 0.2710209 1.0
-543.6564810633691 -156.2833313508523 0.08854 0.073231 0.21326928 1.0
-675.2232534129212 -192.98827338504148 0.139442 0.044021 0.28762498 1.0
-768.3228682962563 -218.83504152146568 0.136817 0.265751 0.35410073 1.0
-677.4558901759686 -192.09984768578622 -0.07378 0.247499 0.27569944 1.0
-630.919162494954 -178.59218060491054 0.139894 -0.231735 0.253162 1.0
-519.1374526372913 -145.70033541319924 0.033406 -0.254141 0.19983153 1.0
-553.1257630319432 -154.0719275873266 0.334172 -0.219107 0.19807163 1.0
-726.7620453284886 -200.9679933977828 -0.055084 -0.183011 0.2896794 1.0
-677.7445208917892 -185.64689643305522 -0.380315 0.092942 0.27359042 1.0
-793.2428607038419 -218.08375542407722 -0.458703 -0.022885 0.3439757 1.0
-787.6402639526889 -216.72544369599427 0.367942 0.133859 0.34082568 1.0
-529.2881107341551 -144.28719038346748 -0.046797 -0.004384 0.2001899 1.0
-527.3436223402207 -143.76230583143044 0.060447 -0.238084 0.19990692 1.0
-652.6990255907751 -178.340691359063 0.270374 0.212896 0.26752058 1.0
-467.91344917381457 -126.862696264181 -0.05647 -0.08818 0.174136 1.0
-543.7068656091564 -147.4315606564718 -0.670503 -0.180899 0.19801123 1.0
-798.5267928174956 -213.72070274857396 -0.200269 0.11963 0.35243922 1.0
-710.749244626752 -190.15824237961027 -0.342581 0.218132 0.3002237 1.0
-702.835914143816 -185.26818733140462 -0.124306 -0.024552 0.29771057 1.0
-539.845206567691 -140.2023817605268 0.151096 0.290466 0.19942115 1.0
-683.691666081207 -176.75231852280606 0.14368 0.231582 0.28465766 1.0
-689.829395609462 -178.51231472714107 -0.182443 0.292372 0.2906632 1.0
-683.6320404604294 -178.11393619508348 -0.186717 -0.240077 0.26757994 1.0
-671.7909699463106 -172.0905777803966 -0.139602 0.363274 0.26858672 1.0
-528.529404234181 -134.2854794844894 0.166898 -0.092235 0.19965315 1.0
-463.30198605052504 -111.69607347704216 -0.066934 -0.378284 0.1686705 1.0
-677.7964798272955 -196.67817804932815 -0.28202 -0.215747 0.28758132 1.0
-670.9062541143023 -194.4564115856837 0.222022 -0.426211 0.28849235 1.0
-470.6514787104871 -137.3458155337235 0.064049 -0.333516 0.18181857 1.0
-471.9302182283675 -127.35609765266629 0.364241 0.146564 0.17638226 1.0
-778.6558603316893 -208.73613973819403 -0.770889 0.005879 0.35406992 1.0
-712.1851501575566 -186.30366631229953 0.088862 -0.476072 0.30206433 1.0
-652.5074546068287 -164.85927560397081 0.083805 -0.243392 0.26745155 1.0
-579.1070025628804 -174.91775348639382 -0.535018 0.157028 0.22984645 1.0
-751.9952969930443 -226.89685536536425 -0.338212 -0.144277 0.3325114 1.0
-774.1515123250915 -228.2447823781335 -0.579191 0.022373 0.33718002 1.0
-542.1653917222909 -160.70061194588183 -0.104052 -0.005798 0.20763993 1.0
-770.3044881357504 -229.24811886028988 -0.062676 0.185574 0.33658388 1.0
-670.0619179115055 -197.7133039476306 0.056398 -0.182535 0.27808082 1.0
-466.4693800819298 -137.77523443771054 -0.140822 -0.038287 0.17358944 1.0
-653.1529083444545 -193.90394946179524 -0.004048 0.04243 0.26924115 1.0
-673.466231193771 -200.45087365385845 0.359766 0.633624 0.28090882 1.0
-666.9451601849928 -197.7256637608992 0.085606 0.045756 0.2772374 1.0
-668.030198103256 -198.21031202729958 -0.136661 0.123337 0.28096908 1.0
-673.290274762494 -198.99212765736502 -0.122844 -0.024926 0.28575212 1.0
-487.15477143530137 -141.01805282225865 -0.133742 -0.75108 0.18827118 1.0
-767.5390593836853 -222.21770727353456 -0.150032 0.074537 0.35433513 1.0
-681.4865214462712 -196.83889632559266 -0.473883 -0.088562 0.2985426 1.0
-674.8719547099691 -201.91833293124046 0.06379 -0.052881 0.28062034 1.0
-468.71853672867354 -139.89056200267126 0.541125 0.146082 0.17517537 1.0
-653.7641423405041 -235.56404314322603 -0.134673 0.126359 0.26411286 1.0
-773.9360385816968 -277.6223992846735 -0.205021 -0.275574 0.3380524 1.0
-665.9739860980737 -239.23038495431445 0.518059 0.10114 0.26960367 1.0
-659.2088564512106 -238.26252515925486 0.090963 0.834825 0.26567864 1.0
-517.2482087361002 -180.22482377255636 0.013994 0.089183 0.18552035 1.0
-782.4106342404461 -273.91213360494856 0.101267 -0.173396 0.32778412 1.0
-724.0815244377882 -253.4821647404399 -0.070545 -0.137673 0.29648212 1.0
-717.4020425052321 -251.3901281214809 -0.325415 -0.44766 0.29312184 1.0
-730.2959184006412 -255.29064595426564 -0.617912 -0.301361 0.3006166 1.0
-591.7208946274102 -207.9624734483603 -0.029507 -0.281443 0.22557002 1.0
-593.0311584023086 -208.569495506093 -0.117732 0.457896 0.22631952 1.0
-750.1789389939919 -263.7081047313272 -0.072205 -0.365864 0.31647292 1.0
-785.7356996605274 -278.8428563672977 -0.227606 -0.073903 0.34191388 1.0
-650.615747400254 -230.74816461955126 0.085722 0.219705 0.2624832 1.0
-705.1354877842193 -250.083748589541 0.011706 -0.201556 0.29535246 1.0
-706.9177708780283 -249.9490911860537 0.245964 0.220097 0.2961294 1.0
-723.7196666539519 -258.0691933212316 -0.195399 0.119096 0.31692177 1.0
-482.9972863385615 -165.66326024180523 0.199058 0.606187 0.16980396 1.0
-785.6493123444194 -272.5670012556809 0.6067 0.263662 0.3424165 1.0
-444.81548992781154 -154.56330497954335 -0.145734 -0.343504 0.1627547 1.0
-599.2989561335573 -209.13583230005472 -0.568045 -0.060323 0.23929164 1.0
-739.8031676935582 -258.83363512364497 0.188786 -0.276999 0.32047942 1.0
-742.7198722840895 -258.9919883339495 0.191749 -0.129818 0.32574737 1.0
-767.8115937122539 -270.1313018368815 -0.3528 -0.028454 0.34394857 1.0
-737.4686021882978 -259.4932095313701 -0.184946 0.1554 0.32601953 1.0
-591.3988203475594 -208.32460337742322 0.075908 -0.30877 0.24264316 1.0
-705.414194857582 -250.02196605263472 0.088083 0.042827 0.31282723 1.0
-654.6765246659832 -223.47371738629624 0.054445 0.081107 0.26475626 1.0
-445.06584506667167 -152.21179364938078 -0.380943 -0.082568 0.16226368 1.0
-648.2765457120541 -221.32466338282177 -0.036571 -0.258447 0.26324153 1.0
-643.9486556025998 -220.9697684647509 0.183526 -0.21327 0.26300624 1.0
-623.448116965801 -213.3195474123048 -0.221172 0.172823 0.2520319 1.0
-519.6987536887851 -178.22246076244397 -0.071806 -0.12573 0.19930676 1.0
-520.3868641964069 -177.8349177418808 -0.158592 0.250682 0.19955766 1.0
-614.1323714323256 -211.7753640954077 -0.092389 -0.00098 0.25192392 1.0
-785.8388865799261 -271.3023923278524 -0.523512 -0.138129 0.3595612 1.0
-762.6615477974043 -263.2748279608461 -0.085365 0.159553 0.34446952 1.0
-621.6401717638744 -214.6738332527259 0.229174 0.196978 0.2573185 1.0
-554.989394011448 -191.61669034490993 0.795077 0.150068 0.2223448 1.0
-554.683465461716 -191.00748504949945 -0.035167 0.039954 0.22215189 1.0
-710.6480909492748 -245.03197559097225 0.380012 -0.21389 0.3132163 1.0
-705.7037682215796 -243.96287885382418 -0.297561 -0.389154 0.31176928 1.0
-746.1280141008 -257.92389706001313 0.006087 -0.606435 0.33926645 1.0
-723.5559770039179 -252.10648472951442 0.295977 -0.062897 0.32832307 1.0
-502.9685245756687 -175.8227171782648 -0.256666 -0.154973 0.204501 1.0
-523.3249304877087 -185.3181460919722 -0.322053 -0.112663 0.18999356 1.0
-698.9602692854216 -248.3081035589714 0.047521 0.055044 0.2831166 1.0
-781.5514267629991 -271.0397787845587 0.027622 0.139702 0.32514682 1.0
-629.3077114722934 -218.3374376053437 -0.36117 0.205285 0.24096741 1.0
-722.1921274393551 -251.90222925153205 -0.085452 0.059746 0.29633826 1.0
-577.2393519474496 -201.83255109540144 -0.009649 -0.03406 0.219306 1.0
-666.0478773211631 -232.67876601119957 0.043533 0.191449 0.26704305 1.0
-707.2866267265032 -247.0805979083649 -0.335839 0.002463 0.29158723 1.0
-616.9572344819987 -216.2715677856527 0.180385 -0.079715 0.2451453 1.0
-640.363670371742 -226.27939927653114 -0.102251 0.200821 0.26156142 1.0
-738.3979001682444 -261.6355553234099 0.006055 0.009609 0.32103595 1.0
-575.3556221327954 -203.88426184456375 0.130034 -0.363454 0.22782874 1.0
-636.3913106854443 -225.4852097835573 -0.007461 -0.248546 0.26199806 1.0
-458.3824521505615 -161.64572341465413 0.554716 -0.718075 0.17167802 1.0
-726.0315851052268 -257.4713955432092 -0.220996 0.142737 0.3164794 1.0
-628.4053887435642 -222.02044693691576 0.176219 0.10137 0.260195 1.0
-634.6847972760029 -224.9285643870289 0.193841 -0.35245 0.26548287 1.0
-503.19863202091574 -178.93234224720442 0.164057 0.011119 0.19658324 1.0
-530.7498976477629 -179.8115228142373 0.366933 -0.040698 0.18913205 1.0
-638.3523185515031 -217.3651427340277 -0.263734 0.265298 0.24230371 1.0
-675.8980915688112 -230.5984161366079 -0.030001 0.041655 0.26278555 1.0
-818.9158235961831 -278.4592215656631 0.516449 0.777173 0.34619975 1.0
-615.503082770215 -210.9630682767879 0.138484 0.010663 0.23260564 1.0
-615.4361291614098 -209.16186977100747 -0.255871 0.56846 0.23259366 1.0
-634.1779145531706 -217.11748091287123 0.356813 0.289206 0.24278696 1.0
-818.2340042116776 -280.2970836612078 -0.345145 0.454479 0.35754123 1.0
-766.9960869268424 -263.78365664079354 -0.119193 0.57038 0.32661402 1.0
-705.3015817725761 -243.45050375045912 -0.109839 0.165217 0.2890266 1.0
-813.3759178826488 -279.365755564607 -0.063978 -0.422054 0.35759374 1.0
-773.0125015455599 -266.5295637103096 0.183133 0.153335 0.33416617 1.0
-809.6305686640953 -278.7678123993804 -0.107815 -0.070841 0.3576707 1.0
-806.6470867613581 -278.049496785793 -0.272184 0.216713 0.35560235 1.0
-689.1133802312438 -237.3432307914608 0.083914 0.409696 0.2834643 1.0
-772.8911767370105 -265.485768193738 -0.372391 0.148394 0.3349105 1.0
-713.6933275320094 -246.27171911721715 0.196173 0.086339 0.30396423 1.0
-779.6456544965721 -270.3962278363964 0.054634 0.011644 0.35060436 1.0
-740.122911187216 -257.44950458042143 0.509566 -0.417155 0.32833743 1.0
-632.2381774985162 -220.00113615572744 0.242953 0.490423 0.2624457 1.0
-624.439362557861 -216.84992026464573 -0.05191 -0.06228 0.25874493 1.0
-738.995827150348 -257.26736393721075 -0.182599 0.1069 0.32905987 1.0
-735.4603139320876 -256.1348739584137 -0.054469 -0.33475 0.3311114 1.0
-549.0581887505298 -191.25004059702692 -0.017359 -0.007151 0.22135204 1.0
-504.0246203394389 -175.90539921726543 0.217997 0.35262 0.19996266 1.0
-744.0914746403689 -261.27040919695287 -0.103542 -0.284164 0.34173435 1.0
-598.8049281590966 -209.54032998701558 -0.27403 0.032326 0.25171608 1.0
-646.0066628088886 -226.94272523147336 -0.058425 0.004163 0.2810717 1.0
-820.3710086804351 -274.5429606174641 0.144606 -0.015796 0.3431871 1.0
-481.7558704987559 -161.41251864466244 0.274278 0.14132 0.16894773 1.0
-629.1798313545034 -210.61118209633952 0.279789 -0.297202 0.23862337 1.0
-781.7596484881226 -260.7644946633075 -0.368023 0.086744 0.3223546 1.0
-783.7225404242213 -263.30990575254543 -0.214028 0.179775 0.33635804 1.0
-716.7795579922387 -240.68571415910088 -0.008071 -0.094062 0.2952243 1.0
-688.6009234506083 -232.33865246554427 0.168171 0.075662 0.28414327 1.0
-733.3530595237211 -248.96709029757363 -0.313008 -0.218655 0.31090492 1.0
-652.7041040809886 -221.5112786328893 -0.075746 -0.001548 0.26415685 1.0
-652.9966347168978 -221.44523194972618 0.01604 0.27418 0.2643908 1.0
-602.8230926647691 -203.67901284244076 -0.003326 -0.375137 0.23958579 1.0
-761.4958792934056 -258.03267523086106 0.034004 -0.184807 0.33528814 1.0
-636.0617669732268 -215.95122348287154 -0.164872 0.100699 0.26123738 1.0
-777.4850489533575 -265.03740730391524 -0.019328 0.028492 0.34976307 1.0
-782.1534726806452 -265.7719903670141 0.340165 -0.332153 0.3527888 1.0
-627.5356933328754 -214.1552396638249 0.110072 0.161205 0.25839597 1.0
-631.9137854350038 -214.84464433265526 -0.168402 -0.690872 0.26207688 1.0
-728.9488307931501 -248.61387127639455 -0.073265 0.071734 0.32176003 1.0
-737.1139963272079 -251.8651926860162 0.054279 0.083999 0.33098984 1.0
-562.4440388411675 -192.36715311821763 0.151541 0.33681 0.22723591 1.0
-692.9406879421578 -240.73113313860154 0.287742 0.408566 0.3180127 1.0
-627.5201291509856 -200.37838700850625 -0.268136 -0.63501 0.23403646 1.0
-625.8336621489436 -220.29585062342593 -0.322377 0.077344 0.23903482 1.0
-673.8280253876202 -238.3066673967665 -0.227015 0.410309 0.2674294 1.0
-671.4413386254326 -238.02614060773064 -0.468786 -0.40883 0.26748753 1.0
-738.4260784528261 -264.903588101879 0.359975 -0.20522 0.3215385 1.0
-644.2731360106184 -220.74302041476787 0.140564 0.237957 0.24380265 1.0
-486.01545963245337 -166.96740856512133 0.252269 0.101222 0.17064644 1.0
-480.6157258034599 -165.56746898599894 -0.024673 0.005936 0.16911587 1.0
-629.5057523807335 -218.13135771894073 -0.754702 0.374202 0.2411122 1.0
-510.0922214816228 -176.78249723888095 -0.096141 -0.237146 0.18394373 1.0
-596.2346447739578 -206.05574283322736 -0.054913 -0.30614 0.22663258 1.0
-682.1284061850819 -236.92667394757788 0.12471 -0.04382 0.27577862 1.0
-730.2627460243414 -255.63179447377678 0.103888 0.067887 0.31051695 1.0
-506.30228250910034 -178.53939362654836 0.360696 0.215163 0.20212182 1.0
-532.3707956141305 -179.3289708265642 0.130945 0.135645 0.18929647 1.0
-655.4611185157559 -219.85036543227915 -0.263643 0.047392 0.24854943 1.0
-656.498270898257 -221.84431512510957 -0.120671 -0.135712 0.24936105 1.0
-485.4233621593688 -164.37021099916413 -0.554118 -0.045457 0.1704422 1.0
-589.2601989273742 -199.99325961482498 0.078314 0.110909 0.22002064 1.0
-711.3750912753371 -242.66933041498802 0.225113 -0.25572 0.29404473 1.0
-705.1177248517308 -245.6504311609012 -0.092289 -0.216254 0.32582527 1.0
-759.1864219476037 -249.59663710495624 0.372624 0.119169 0.3031138 1.0
-522.8557686422266 -172.5510170373651 -0.216683 0.214035 0.18544875 1.0
-623.9570583368665 -210.57687208836944 0.247404 0.04043 0.25677043 1.0
-619.4302612846695 -207.58302472678184 0.376095 0.293874 0.2544758 1.0
-764.7666224516743 -257.8151878528101 0.067268 -0.102531 0.34854507 1.0
-673.2587643251957 -228.28160697463264 -0.322928 0.194915 0.2904744 1.0
-843.8503934734435 -272.46578749107044 -0.386798 0.003728 0.35382938 1.0
-767.3944518435261 -247.68717809336468 0.046938 0.417117 0.30744848 1.0
-660.0104478700099 -212.34593907481093 0.192262 -0.046419 0.24901734 1.0
-790.8247892264351 -255.5131206237707 -0.418745 -0.215854 0.32462612 1.0
-485.6352134795102 -163.69293717430216 0.012058 -0.148151 0.17028348 1.0
-484.1300384756975 -163.68037627312555 0.127128 0.143327 0.16994977 1.0
-792.5575202355967 -266.84791500409585 -0.160796 -0.103341 0.32843795 1.0
-708.9598762200834 -241.0132587034182 -0.11788 -0.123096 0.2915686 1.0
-714.2389227683547 -241.953407278749 0.115191 -0.002325 0.294542 1.0
-681.7391930332857 -231.7849377174832 0.016545 -0.02579 0.27966455 1.0
-644.9107695462195 -220.02334467134818 0.152814 0.011713 0.26202974 1.0
-652.7589157882135 -215.15860135452837 0.496371 0.35738 0.24787018 1.0
-484.2736360425473 -160.29082134265846 0.207805 0.868837 0.16953853 1.0
-833.2918896210416 -274.64210932716503 -0.08 -0.266931 0.35214835 1.0
-468.0171181255288 -155.02180374954153 -0.173772 -0.096214 0.16356593 1.0
-485.1127256307229 -159.4819566265706 0.015604 -0.01755 0.17133568 1.0
-483.47307965341383 -160.3569773217273 0.063052 -0.236061 0.17129478 1.0
-482.8433347473565 -159.39489172712453 0.292731 -0.475055 0.17220126 1.0
-815.354464369577 -268.61822490211 0.526303 0.141154 0.34944105 1.0
-810.0532776869497 -268.3117626405389 0.349699 0.257664 0.35237518 1.0
-818.557468408414 -271.19439769891306 -0.381752 -0.500219 0.35906342 1.0
-601.5980070251953 -199.6172967794429 -0.496965 0.039315 0.23577528 1.0
-662.5448343036552 -218.90787983751068 0.12171 0.687658 0.26955208 1.0
-606.881262902731 -200.86272948918582 0.026357 -0.102577 0.24245244 1.0
-601.858776791417 -198.9904143317878 -0.183635 0.24613 0.23940358 1.0
-603.8077867221295 -200.01024158900424 0.329889 0.130492 0.24076325 1.0
-598.1101629240301 -197.79518664184306 0.088851 -0.124319 0.23791975 1.0
-638.4628526391838 -212.0972893095908 0.269424 -0.669169 0.2620426 1.0
-758.4883317592717 -252.87465160411182 -0.11725 0.007162 0.34225467 1.0
-824.7188895385603 -265.4678367373433 0.150277 -0.25841 0.344504 1.0
-651.3028586781413 -210.9369225507928 0.56476 -0.339414 0.24841148 1.0
-651.2068356475328 -211.1968049280423 0.069921 0.193763 0.24853495 1.0
-757.68391330564 -244.09171565097802 0.693939 0.18511 0.30749813 1.0
-701.539352164654 -228.70687579855965 0.900334 -0.040387 0.2882206 1.0
-605.1681240365124 -197.1291054754277 0.258993 0.640981 0.23602343 1.0
-573.5077715541378 -185.8054852922252 0.365528 -0.633376 0.22199023 1.0
-629.3571017339566 -199.48865018507757 -0.05894 0.027827 0.23498672 1.0
-666.2289054466253 -207.059305346789 -0.542443 0.167306 0.25386834 1.0
-506.7771457221352 -168.8547844827265 0.168098 0.332852 0.18344142 1.0
-666.7626540442321 -223.13859728988834 -0.30942 -0.470604 0.2682145 1.0
-704.4801379397361 -236.04680193757278 0.06748 -0.246567 0.29033253 1.0
-776.1985051444943 -259.5136498559896 -0.011256 -0.077941 0.33647087 1.0
-659.4869506645258 -221.55129875446644 -0.081876 0.009183 0.26741564 1.0
-782.881930041951 -261.6460440790336 0.050917 0.130659 0.34483913 1.0
-578.5556895564187 -194.90047740735008 -0.499954 -0.328072 0.22757325 1.0
-622.1432428819741 -208.93434201200608 0.13303 -0.026047 0.25168929 1.0
-780.8253403074391 -262.92737941501986 0.006871 0.616525 0.34819874 1.0
-781.1923998397883 -261.8723328285339 -0.503319 0.258031 0.34977853 1.0
-780.0237905074412 -261.70595221648483 -0.224635 -0.199062 0.3491106 1.0
-768.4308435787459 -249.472241747193 -0.188395 -0.084222 0.30766326 1.0
-798.03835234718 -261.45622426673975 0.08071 0.176442 0.32900387 1.0
-649.5938785403382 -211.22208526232356 -0.387011 0.242724 0.2485461 1.0
-672.1037299395233 -220.47813783043924 -0.137303 0.118267 0.26102734 1.0
-602.0077536752875 -196.69198216067113 -0.404904 0.365692 0.2353871 1.0
-685.274054081079 -225.86187915358542 0.203495 0.573379 0.2829589 1.0
-686.9034510954183 -226.0279302905399 -0.011689 0.020282 0.28613535 1.0
-616.6093640598893 -201.91257748150807 0.22623 -0.092067 0.2477948 1.0
-619.6672036881486 -203.63583050157007 -0.201656 0.231327 0.24938583 1.0
-619.3325756879602 -202.74229551828017 0.514773 -0.372538 0.2493844 1.0
-617.5560386288365 -202.97546871262577 -0.208337 0.280857 0.24809523 1.0
-522.3873724131195 -171.47535955083382 0.174971 -0.007364 0.19991349 1.0
-853.0417509166806 -272.1077784836393 -0.306229 0.145075 0.35997212 1.0
-851.0580541519062 -273.22235146492875 0.040286 -0.200008 0.3590192 1.0
-750.9409699448754 -264.00224423048417 -0.419384 0.188651 0.31653124 1.0
-732.974189896172 -259.83642728628803 -0.152506 -0.008904 0.30883694 1.0
-654.1654210139449 -231.6052867165302 0.318456 0.432991 0.26458153 1.0
-703.1387479503924 -249.47910386217967 -0.209181 -0.239838 0.29441693 1.0
-469.2072027138583 -166.56749396681093 -0.016452 -0.127788 0.17508681 1.0
-444.69381317459494 -159.23894115701393 0.447485 0.525336 0.1640961 1.0
-455.4033225191667 -157.69924466445184 -0.083061 -0.133751 0.16506404 1.0
-450.94154090336093 -156.7588931957015 -0.017731 0.721712 0.16346823 1.0
-704.50886608191 -245.51120110363055 -0.469746 0.221914 0.2932596 1.0
-786.2946870527525 -273.62141115221743 0.129275 -0.116801 0.348218 1.0
-638.537074759062 -224.13743055928177 -0.013157 -0.111088 0.2620424 1.0
-763.7308103190552 -268.606918425449 0.069904 0.07712 0.34492567 1.0
-621.0711043277516 -217.99806410943054 -0.220708 0.388549 0.256535 1.0
-683.2150756983884 -233.13113141310467 -0.01747 -0.287584 0.27994826 1.0
-654.3429295126316 -223.38471856822622 0.115372 0.089374 0.2645619 1.0
-727.2635457597797 -249.71834415531808 0.584867 -0.277348 0.31407806 1.0
-779.524475742367 -267.9821065335266 -0.124574 0.168303 0.35120544 1.0
-752.0897719223285 -259.5830680097204 -0.084109 -0.002129 0.33595902 1.0
-707.0720917627885 -245.4570704703079 0.054949 0.381976 0.31238985 1.0
-553.862807991914 -191.51754863682942 0.039283 -0.002242 0.22335593 1.0
-450.8101639878763 -155.70789274639944 -0.074725 -0.094507 0.17355376 1.0
-505.16858274403745 -176.6615029681562 0.20737 -0.258535 0.20568496 1.0
-500.0862302417478 -174.91617420341484 0.053641 0.264687 0.20348322 1.0
-499.5725191869092 -174.73404348353756 0.488341 0.090362 0.20329945 1.0
-735.7274785373528 -258.1062211266808 0.260266 -0.211931 0.31005263 1.0
-705.1347346351693 -247.03932394372575 -0.09643 0.018823 0.29432574 1.0
-520.9123729745905 -184.5084220466181 -0.214851 -0.042241 0.20033108 1.0
-763.8602127765015 -272.2411280284684 -0.053046 -0.064779 0.34617352 1.0
-489.84546072228545 -170.0104694857628 0.021706 0.331298 0.18263327 1.0
-644.6842142525611 -223.62279012359122 -0.514123 -0.126905 0.26390162 1.0
-464.73516481289755 -161.86230556141308 -0.216736 -0.025101 0.17436507 1.0
-508.18841812851196 -176.48358909356295 0.175505 -0.167589 0.19596596 1.0
-762.1023178422254 -264.0840727570669 -0.016741 0.630273 0.34392947 1.0
-627.1207362970001 -218.05734642960687 0.055251 0.053603 0.2601863 1.0
-745.7320661339261 -260.6382743187527 -0.012765 -0.166368 0.3356161 1.0
-452.242535399244 -158.11269640730907 0.055432 -0.191225 0.17217554 1.0
-748.1505664269537 -262.70908810594517 -0.13294 -0.018898 0.34180462 1.0
-450.4001870952372 -156.81731900769574 -0.29164 0.110686 0.17281531 1.0
-505.6447436397973 -177.02738926468925 -0.161165 -0.202271 0.20104444 1.0
-748.0831030089535 -251.2590525978239 -0.132762 -0.222442 0.31504488 1.0
-477.59487452507346 -160.36091090632 -0.170117 0.121871 0.1738594 1.0
-473.7933706522478 -160.71043458043872 0.200303 -0.269483 0.1735118 1.0
-623.8421165818684 -212.2207817438799 -0.21526 -0.232753 0.2517488 1.0
-602.819159544997 -203.55076472152143 0.041241 -0.388281 0.24186389 1.0
-638.1122358563174 -216.68389262605078 0.137065 -0.172623 0.2624137 1.0
-588.5083813538095 -200.82226779956017 0.029617 0.14828 0.23657167 1.0
-715.0624444525654 -245.41291738485222 -0.142227 0.166365 0.315445 1.0
-492.0216184100409 -167.91212323060276 -0.120049 0.224883 0.19062227 1.0
-555.7201281397031 -189.75946290441107 0.144671 -0.282011 0.22315115 1.0
-763.5990617866834 -261.27738091301427 0.003194 -0.296884 0.34875435 1.0
-559.3200398563948 -192.0887666407286 0.22864 0.314701 0.22596027 1.0
-507.88386531789456 -176.87023455582312 -0.121007 0.133842 0.1872833 1.0
-440.79315953497496 -154.4793742147427 0.04661 -0.263343 0.16095567 1.0
-451.3358880551824 -158.05309385620285 0.318726 0.473653 0.17068154 1.0
-745.7434675546306 -261.95408813697173 0.390065 0.251624 0.33906472 1.0
-653.5412126676754 -223.77308021159396 0.03433 0.067086 0.2639235 1.0
-470.4769117365637 -161.77257887637268 0.028141 0.070343 0.17472415 1.0
-555.7796841145663 -186.84243806792568 0.157303 -0.078621 0.22234996 1.0
-799.0565877333643 -271.4454677544426 -0.067996 0.055342 0.35107344 1.0
-694.9982009703529 -239.83958452935843 -0.234027 0.421429 0.31792027 1.0
-482.0252510906006 -160.27609462895353 -0.072407 -0.16292 0.1737339 1.0
-478.55032531672725 -158.96188442948926 -0.441726 -0.090185 0.17268918 1.0
-815.8925916923594 -271.6457245104965 0.115407 0.002031 0.35801652 1.0
-670.0732475494998 -221.3149985758311 0.072199 -0.269403 0.2717275 1.0
-606.1292465958387 -200.74378763379931 0.104033 -0.015748 0.2416408 1.0
-609.2654176187358 -202.04793323785802 0.075101 0.451485 0.24341142 1.0
-686.0033301366235 -228.49833158947547 0.058487 0.089781 0.28726527 1.0
-639.9498130383721 -212.8368628169591 -0.107345 0.043364 0.26201683 1.0
-551.2991038507198 -184.43136427979576 -0.011222 0.18335 0.21841821 1.0
-574.6790254102244 -186.2371672639981 -0.458766 -0.162228 0.22162868 1.0
-662.0216431348686 -215.60157882238235 -0.186453 0.24713 0.26866785 1.0
-686.0730719882437 -222.98155084701347 0.099271 0.373205 0.28388655 1.0
-705.4031979126264 -235.44232223313364 0.125145 0.192056 0.29074985 1.0
-494.2319320003238 -164.91141178729046 0.179185 -0.185194 0.18280019 1.0
-652.4440599708781 -218.33005445446207 0.09062 -0.055134 0.26443145 1.0
-440.82186544033516 -147.49367699166856 -0.816915 -0.083183 0.16030148 1.0
-596.39255599995 -200.0244559359487 -0.129127 -0.2863 0.2346615 1.0
-562.3567629878149 -185.02763163231361 0.053728 0.158892 0.21311083 1.0
-693.5100827207955 -226.96917926311144 -0.174758 -0.02418 0.28546098 1.0
-655.5830979515683 -214.48734276358115 0.318193 0.39538 0.2655656 1.0
-658.6563288637642 -216.8899892472163 0.187146 0.053579 0.2687837 1.0
-523.763582273368 -171.37333927751442 -0.014645 -0.023601 0.19851103 1.0
-614.087936299443 -201.70487213569976 -0.330158 0.488962 0.24640884 1.0
-679.2798060281276 -219.0695221887854 -0.031322 -0.195906 0.26648265 1.0
-754.981107081288 -243.0848538305713 0.020677 0.867864 0.30950847 1.0
-674.9197112891426 -219.06159594300837 -0.052182 -0.07555 0.26547307 1.0
-625.3543015262061 -196.86197241202575 0.022143 0.311954 0.2349297 1.0
-489.8901227791253 -154.27652251902606 -0.178905 -0.212934 0.17278995 1.0
-644.6526085007113 -200.2076129356335 0.527751 -0.060288 0.24468108 1.0
-770.9516885818407 -237.62471573610532 -0.064572 0.428636 0.31383812 1.0
-765.5537867359645 -250.5633253234429 0.762185 -0.319059 0.32466972 1.0
-667.8976840067647 -214.0303902050681 -0.389557 0.328336 0.26388627 1.0
-785.4662007087402 -250.36690081738715 -0.415053 0.004056 0.33459532 1.0
-798.287765871643 -250.75921694857763 -0.037973 -0.10989 0.33067945 1.0
-765.3026441862588 -238.49007996869292 -0.025725 0.354413 0.31363395 1.0
-693.4452273258229 -217.7521145389533 -0.034427 -0.205158 0.2761071 1.0
-618.0500903426599 -189.6756810788985 -0.068508 -0.52185 0.23143014 1.0
-769.3897642817617 -236.02828420641336 -0.184333 -0.0277 0.31287718 1.0
-663.9937806754289 -203.46376780040075 -0.157891 -0.172895 0.25515458 1.0
-806.6182243737674 -227.58820349828122 0.39133 -0.061193 0.34081608 1.0
-694.8753194713947 -237.40323989349966 -0.241629 -0.256362 0.31698915 1.0
-694.9815159762106 -238.48365687712655 0.683808 0.14478 0.3176793 1.0
-684.8450547235065 -236.33390704813297 -0.152999 0.019225 0.31538472 1.0
-699.0297439004758 -238.63931602971013 0.454813 0.131972 0.32020032 1.0
-686.1860195314229 -233.7077044939922 0.004388 -0.216709 0.31473544 1.0
-680.76543854416 -232.50544893645875 -0.152073 -0.04499 0.31333613 1.0
-600.7783976916776 -206.1307300811293 0.28652 0.342517 0.25723904 1.0
-545.8233245860598 -188.14975795096456 0.106146 0.189629 0.2265277 1.0
-625.0430089288951 -210.8282487634493 0.588316 0.129042 0.26141992 1.0
-700.3682034975745 -238.83481977823433 0.51081 0.017296 0.3133408 1.0
-545.2428015768382 -187.01978675305355 -0.375326 0.155527 0.22629428 1.0
-580.6044534461809 -192.7738154023457 -0.194297 -0.031174 0.2361036 1.0
-622.4666589692683 -208.98972449921013 -0.382214 0.198135 0.26058477 1.0
-563.884120491227 -188.61626215276436 0.098986 -0.293388 0.23068541 1.0
-624.8583393895926 -210.89161448017765 -0.180396 0.062879 0.26253304 1.0
-739.4569135612204 -248.62534381232027 0.385124 -0.056438 0.33533257 1.0
-665.1300012625309 -223.88523809135114 0.091682 -0.109161 0.28951845 1.0
-758.4280170089713 -256.4358528799603 0.024831 0.328292 0.351526 1.0
-561.8124279176711 -189.92856556458023 0.185237 0.011144 0.23047867 1.0
-635.9964951951744 -210.9611810303868 -0.083478 -0.3146 0.26772463 1.0
-760.8777942332521 -228.59986954960826 -0.097937 -0.329679 0.35248265 1.0
-805.2408070484996 -227.085201349743 0.646208 0.47605 0.3357384 1.0
-798.6811383096002 -224.6304181396013 0.18728 -0.006854 0.3331033 1.0
-804.5300006709887 -236.86657827659477 -0.631945 0.353889 0.3415736 1.0
-670.5351222063165 -196.5998315146369 -0.126288 0.371932 0.2652548 1.0
-600.5188738749586 -176.9859608293811 -0.280073 -0.04403 0.22899315 1.0
-667.9211136797942 -195.7168773178267 0.332011 0.727268 0.26462433 1.0
-671.6316225339762 -198.08990115729034 -0.062163 0.088621 0.26766387 1.0
-801.0648637419112 -230.58922263869326 -0.364565 0.271868 0.33358142 1.0
-692.3495255254154 -196.4537611857824 0.066477 -0.034546 0.26845574 1.0
-803.1710691374213 -226.6545586801816 0.000814 0.023192 0.33865774 1.0
-749.0837437386793 -222.03882532324238 0.038562 0.02898 0.31321937 1.0
-724.2264296694034 -212.6880590547442 0.061629 -0.545779 0.2912099 1.0
-496.5510230718536 -144.16722232180012 0.773384 0.379484 0.17734744 1.0
-674.3265455199573 -197.08540391242727 -0.448996 0.01907 0.2660416 1.0
-800.8125892310535 -232.18315374443205 0.141827 0.000158 0.34197503 1.0
-712.617006787728 -206.70624523241955 -0.037234 -0.014652 0.28818527 1.0
-822.5362285542462 -236.37873339908705 -0.05555 0.154425 0.34157926 1.0
-777.4530189688572 -221.04542993080958 0.120394 -0.415323 0.31794366 1.0
-822.4364357311483 -235.35613064322337 -0.42282 0.315567 0.34743148 1.0
-806.7306837753949 -239.02969542501185 0.200683 0.099064 0.34939831 1.0
-564.3853277362209 -165.72052293463713 -0.281407 0.243703 0.22819796 1.0
-728.873375468467 -211.66570147520926 0.193547 0.269575 0.29240578 1.0
-577.1114427602117 -163.74749437753377 -0.25185 -0.208624 0.21332653 1.0
-726.5053257230676 -221.97422156036902 0.120223 -0.051192 0.33338988 1.0
-681.0697391608727 -233.72435950254615 -0.174853 0.250425 0.30186102 1.0
-538.6036584380431 -184.77882224900605 -0.018961 0.042826 0.22370967 1.0
-576.9390521952282 -198.2731481427844 -0.656424 0.097873 0.24805108 1.0
-593.5909274644596 -203.61844346595979 0.036742 -0.020552 0.25785592 1.0
-624.7580182106809 -209.54241566287712 0.084639 -0.355073 0.26305902 1.0
-706.6598591633805 -230.287104117606 -0.04152 -0.210726 0.291089 1.0
-783.9686651332541 -248.81074078376906 0.299608 0.388333 0.3329343 1.0
-834.5293687926863 -258.7534495014319 0.099875 0.100849 0.35255468 1.0
-632.0137152999321 -195.02852654240817 0.063745 0.200551 0.23798582 1.0
-770.1514422489174 -237.63509924655042 -0.385833 0.368281 0.31437078 1.0
-621.0700417527306 -191.371532246125 -0.483808 0.117713 0.23478232 1.0
-685.0757973116428 -233.7330834516447 -0.222545 -0.093522 0.31464538 1.0
-718.6680053583627 -244.45454521285032 0.521127 -0.697547 0.33920723 1.0
-752.6606059821592 -246.37416574318593 -0.298505 0.247895 0.3113074 1.0
-748.9967901166405 -234.3479776843694 0.03384 -0.022499 0.30080494 1.0
-623.6418286153714 -195.6421379073664 0.562138 0.074528 0.23479207 1.0
-763.5224621398635 -238.02127396598078 -0.093722 -0.163588 0.31262335 1.0
-543.3958611525716 -169.35778295109847 -0.649788 -0.120692 0.19935943 1.0
-609.5632815576894 -211.55546473644338 0.267296 -0.354579 0.25874487 1.0
-458.4127346705354 -157.80674590372604 -0.02801 -0.179532 0.17997128 1.0
-495.14926220181223 -171.51284911722084 -0.205084 -0.288943 0.20178486 1.0
-491.09908394451304 -168.85243189820733 0.212196 0.081688 0.19830216 1.0
-698.3175534356084 -239.33722301900718 0.130177 -0.009372 0.3198159 1.0
-593.3235022869437 -203.84066867493598 0.087339 0.099921 0.25776783 1.0
-751.9327920990904 -252.39741032073908 0.312949 -0.200555 0.34099445 1.0
-504.0483580389384 -168.45384068426333 -0.117406 0.195974 0.1972264 1.0
-506.1571642949586 -169.7591211166417 0.121865 0.036172 0.19843978 1.0
-504.8287107131316 -168.70028435099886 0.051459 -0.026532 0.1977016 1.0
-623.3794210346224 -208.02542248786807 -0.697121 0.522786 0.2605932 1.0
-710.7434615821257 -238.30052832833513 0.072484 0.07409 0.31805432 1.0
-667.7526983755783 -215.34183963593293 -0.223239 0.064568 0.26308998 1.0
-575.8597401317551 -195.02845303519084 0.083072 -0.061051 0.23575914 1.0
-510.7806844209547 -172.1204548901458 -0.096389 -0.768183 0.20370765 1.0
-652.4111484860972 -221.4241828287967 0.082381 0.247349 0.284151 1.0
-694.6429630567216 -237.03841755895982 0.09763 0.127179 0.3169342 1.0
-479.24392953701965 -163.6387148141796 -0.151424 0.113135 0.1924861 1.0
-598.3423288317309 -204.09081127995137 0.403823 -0.03313 0.25776193 1.0
-501.7128190875707 -171.15748229726128 -0.07412 0.016046 0.20467433 1.0
-694.8423265224477 -236.68740467789524 0.348604 0.094844 0.320558 1.0
-595.3106590966318 -201.9088199994557 0.214268 -0.233206 0.25803995 1.0
-671.7801967545305 -218.72320878748107 -0.028288 0.01906 0.26490107 1.0
-665.0629171931399 -213.18094627114002 0.168155 0.174488 0.26355183 1.0
-654.4497851861395 -204.88787651163574 -0.180458 0.347593 0.2529859 1.0
-653.6949728566387 -204.4734563885156 0.116723 -0.082667 0.25313267 1.0
-745.8943489753979 -245.05909608245543 0.126007 0.067587 0.3343289 1.0
-775.9859345714054 -229.78470182978572 0.339811 -0.021388 0.3157613 1.0
-813.9514240549258 -240.3337810360956 -0.269763 -0.073475 0.3407598 1.0
-728.9857179031109 -214.84676449454324 0.118127 -0.029757 0.2915793 1.0
-821.7990489148209 -237.47995748677346 -0.191858 -0.035261 0.34085864 1.0
-799.1354364026523 -230.72880939768052 -0.073101 -0.146608 0.32906199 1.0
-813.2432320392552 -234.97217818924568 -0.052985 -0.042057 0.33958036 1.0
-674.706220417735 -194.52335212397526 -0.116189 0.14873 0.25933695 1.0
-809.0351764594 -242.32538296725266 0.267279 -0.075759 0.3422131 1.0
-729.0744119939422 -217.46414146567946 0.237258 0.463099 0.29394946 1.0
-702.9897166901746 -211.0596705512608 0.031277 0.071554 0.2806395 1.0
-725.8443798443818 -216.84009903708758 0.430026 0.023013 0.29550877 1.0
-724.2777985494993 -217.3946912322901 -0.204313 0.75816 0.29521632 1.0
-539.0810988490296 -161.2669181965864 -0.123629 -0.121149 0.200096 1.0
-698.5640595710438 -208.86007974967 -0.193843 0.151295 0.28332332 1.0
-667.9790808235024 -199.1767694927654 -0.633137 0.279983 0.26611736 1.0
-743.5428411311201 -219.6790393403879 -0.108383 0.054225 0.29497883 1.0
-776.6344416362101 -227.291043022796 0.250965 0.108926 0.31715354 1.0
-777.1731903315074 -226.85626797906215 0.171307 0.186228 0.3173922 1.0
-583.0069449479734 -186.6662169036444 0.030666 0.037827 0.23474924 1.0
-480.9745337298852 -154.48574874002543 -0.266208 -0.700117 0.19045301 1.0
-675.5813248607028 -206.9238575853993 0.825191 -0.196621 0.29575557 1.0
-804.168818502487 -243.6840314286337 0.016399 0.076131 0.34175807 1.0
-715.5200249385442 -217.1493812883937 0.105151 0.154845 0.29039553 1.0
-737.8209909246881 -223.51174048240907 -0.249718 -0.093371 0.30720368 1.0
-594.3900886638328 -180.80966648403495 0.035522 -0.255207 0.2294692 1.0
-652.0385083380087 -198.23970058450095 0.255152 -0.803545 0.27159274 1.0
-572.4115610077462 -174.29773964627785 -0.074075 0.218391 0.22823152 1.0
-648.1031735622195 -196.23049074242084 0.073103 -0.174977 0.2701969 1.0
-568.0070599429785 -172.78582783390306 0.341376 -0.454898 0.22738121 1.0
-621.1779616659162 -189.37516757579675 -0.063201 -0.075363 0.25756285 1.0
-792.0514898431702 -234.89779745673542 -0.078489 0.078021 0.3274589 1.0
-818.3448488112742 -237.17165834922082 -0.10649 0.0787 0.34005702 1.0
-801.7424988456243 -232.89071200195735 0.180763 0.416573 0.33152366 1.0
-677.7397407972119 -196.16793272217544 -0.066075 -0.029066 0.26122698 1.0
-813.6747862213966 -235.21845811744245 -0.051674 0.083736 0.340024 1.0
-737.5230078971472 -246.35891195483902 -0.259429 -0.292076 0.33708283 1.0
-734.4949425751417 -246.2470269790215 0.059894 0.232802 0.33749488 1.0
-732.084133120937 -245.07645723203342 0.062939 -0.175039 0.3380126 1.0
-703.1762680501369 -234.742134976914 -0.294338 -0.13611 0.320141 1.0
-693.9197716620442 -234.25649448560745 0.015628 -0.588643 0.31684172 1.0
-695.455093591921 -233.56871962296628 -0.030798 -0.165617 0.31852934 1.0
-696.1433799795929 -233.2751302990125 0.182837 -0.045564 0.31810665 1.0
-600.2458355969143 -201.43230749191085 0.352206 0.344054 0.25884756 1.0
-687.3517116162959 -229.8631841648066 -0.009795 -0.02613 0.3158713 1.0
-597.1968687198054 -193.0080661689813 -0.274856 -0.00824 0.23137648 1.0
-600.5596352772675 -194.0361789655271 0.086336 0.161211 0.2330002 1.0
-593.1527698810957 -193.3523761895751 -0.077765 -0.077547 0.24152806 1.0
-521.0541465491217 -170.37978882749573 0.207467 0.108961 0.20453282 1.0
-580.6675001967596 -188.89712941301175 0.070066 0.089932 0.23616831 1.0
-628.7468838895345 -204.23116889524746 -0.211907 0.140037 0.26288176 1.0
-726.3620080854595 -237.13846974207567 0.03592 0.294075 0.3238062 1.0
-631.3699105945776 -207.44814275343163 0.13685 -0.007745 0.2672971 1.0
-665.6172906498255 -217.46543860385975 0.181461 -0.110031 0.28993824 1.0
-539.4010053996225 -175.4563152202888 0.378093 -0.667643 0.21792856 1.0
-497.91843613177684 -163.9065741988227 0.041573 -0.078759 0.19884785 1.0
-597.6191046692483 -196.38736126402043 -0.153608 -0.200751 0.25707248 1.0
-687.4647610404111 -225.4376417334426 0.639831 0.235735 0.31416982 1.0
-695.6121829802083 -229.2151468805869 -0.412255 0.068656 0.3193906 1.0
-574.5919902290408 -188.75309762152884 0.143656 0.034041 0.24519086 1.0
-582.9749818228265 -191.8914016735928 -0.240545 0.014011 0.24957216 1.0
-576.3382083943776 -190.20711503281626 -0.114547 -0.207427 0.2468149 1.0
-604.9576994306142 -191.27984683803726 -0.06781 -0.081031 0.23155528 1.0
-557.0341150426622 -178.18900805032422 -0.391308 0.191254 0.2229889 1.0
-595.9869248255104 -189.01236395578408 0.18944 -0.351742 0.24481839 1.0
-596.0131777981502 -189.88336130450776 0.212002 -0.892173 0.24544016 1.0
-594.9152681398485 -188.86098696103394 -0.652192 -0.535648 0.24510263 1.0
-517.7691671677205 -165.07327919510138 0.347704 -0.236884 0.20577733 1.0
-703.1004035734823 -225.1896676799567 -0.240103 0.210603 0.31165275 1.0
-447.01183580234664 -143.57686351676693 -0.057187 0.058846 0.17184107 1.0
-516.8833635526883 -164.8498886548223 -0.061988 -0.012286 0.20629244 1.0
-695.1770847206914 -222.58994269904284 -0.441771 -0.079079 0.30978242 1.0
-689.7350944813991 -220.74865862931998 0.047257 0.222175 0.30733258 1.0
-617.2406968650886 -197.5883627659145 -0.217943 0.463741 0.2629647 1.0
-608.1509579085414 -194.1904946479907 0.128851 0.012722 0.2609919 1.0
-603.6190038766024 -194.55999012996128 -0.287601 -0.087228 0.25981006 1.0
-477.5746863302996 -147.75348095106193 -0.498329 -0.035937 0.1702631 1.0
-787.9518539412876 -244.27538051843283 0.230618 0.071158 0.33342218 1.0
-489.4768603007111 -151.11413985083115 -0.052038 -0.513411 0.17660724 1.0
-645.9935421731834 -199.17431507256276 -0.03752 0.100575 0.2527456 1.0
-741.0667178736157 -229.90903479669348 -0.226588 0.184964 0.30859196 1.0
-531.0832930898727 -164.11178333600483 0.141964 -0.228566 0.19867991 1.0
-559.5620486773931 -175.1417900497771 -0.278773 0.144683 0.22249544 1.0
-514.2609906376146 -159.92962372328438 -0.258606 -0.242348 0.2003442 1.0
-745.4689345594297 -231.54958582334754 -0.206571 0.178919 0.33295733 1.0
-726.9280776167459 -225.11043046065436 -0.220821 -0.605574 0.32079107 1.0
-727.0895153971994 -226.45230180869615 -0.002382 -0.235614 0.32160088 1.0
-736.7583938571707 -230.3203051296086 -0.186754 0.161507 0.33282197 1.0
-762.4320130470284 -237.74213029405834 0.047351 0.423083 0.3511556 1.0
-731.558671560935 -228.08702906383772 -0.171052 0.115116 0.33443636 1.0
-753.5584130285513 -234.50393639748359 0.331942 -0.370767 0.35019812 1.0
-676.2388780286497 -205.65606164170356 -0.130931 0.081623 0.26090968 1.0
-707.7767882143045 -214.1584851584764 0.065743 0.154152 0.27800044 1.0
-707.6831845692735 -215.0813620957436 -0.194512 -0.106714 0.278456 1.0
-674.2572832182814 -203.7974560703267 0.10317 0.0571 0.26076576 1.0
-744.3374850546439 -227.33645425314378 0.051473 0.075032 0.3332948 1.0
-505.2899511180422 -171.29162969280006 -0.016846 0.399647 0.20415024 1.0
-581.3472238617353 -192.5911858295542 0.020841 -0.055002 0.23990434 1.0
-493.9152852666678 -162.81475341096564 -0.503024 -0.575706 0.19697884 1.0
-696.0453670485788 -230.1134339635638 -0.385435 -0.070731 0.31267887 1.0
-667.0205318403462 -222.31007280012597 0.050616 0.112004 0.2972404 1.0
-596.878163134265 -198.89501255937734 0.585215 0.51589 0.25716907 1.0
-586.0747328877793 -195.3005163737462 0.101787 -0.304288 0.2508466 1.0
-599.7515261910975 -199.81839844371376 -0.214119 0.251175 0.25911078 1.0
-584.2797790662123 -193.3692838723318 -0.146554 0.639438 0.25057796 1.0
-685.813244027374 -228.3830777355221 0.373518 0.334487 0.31459412 1.0
-686.6815866154126 -228.71899987438667 0.173016 0.199424 0.3155891 1.0
-781.6388105650848 -250.34589063088063 -0.129397 -0.075611 0.33385986 1.0
-755.6759502126934 -243.81393113735376 -0.088582 -0.073165 0.34011513 1.0
-744.3961875084748 -239.16931574988087 0.537898 -0.060955 0.3335607 1.0
-632.1149173506774 -204.1127392558931 -0.129159 -0.154482 0.26478338 1.0
-535.0489780907748 -172.12000910899346 0.085613 -0.931646 0.21554296 1.0
-605.120915001196 -196.00231694544988 0.019435 0.080662 0.26080444 1.0
-604.513800039266 -190.1824679257131 -0.075509 0.150655 0.23184887 1.0
-603.4896968056244 -189.78466038463773 -0.267672 0.181743 0.2320236 1.0
-601.9629477174112 -188.91831392310178 0.008886 0.229499 0.23160072 1.0
-639.2919187719847 -199.44926197221272 0.076604 0.011921 0.25175288 1.0
-751.4191066873323 -235.5232614970071 -0.141965 0.470067 0.33336475 1.0
-560.8777168075313 -177.41906568458148 0.555709 0.197168 0.22293293 1.0
-744.6719356031624 -233.23918106477672 0.006868 0.052499 0.32955915 1.0
-598.0711865067766 -189.00138960337551 -0.021182 -0.552063 0.24521191 1.0
-713.4265744785241 -225.83069344849443 0.026473 -0.212672 0.3139365 1.0
-672.3784461510926 -211.11788990154375 0.13826 -0.424433 0.29248518 1.0
-535.9346160090655 -169.7987473716162 -0.227316 0.087542 0.21548653 1.0
-719.0793221216604 -226.45143243389586 -0.051642 0.411585 0.3232127 1.0
-669.8528504077516 -211.22300126443025 -0.14144 0.004232 0.29248542 1.0
-690.8778851344786 -219.2614341585453 0.386116 0.023393 0.30750728 1.0
-481.8446570887854 -152.559177262955 0.172562 -0.024309 0.19027932 1.0
-705.2278363031711 -221.74263744667812 -0.228929 -0.40481 0.31893203 1.0
-695.6525019929151 -219.0329795484766 -0.069067 -0.118558 0.31312764 1.0
-641.3364108796255 -201.6419680425085 -0.251522 0.014587 0.27928326 1.0
-706.8689386097784 -224.6891887491683 -0.151655 0.454619 0.32234693 1.0
-612.1873894389048 -192.57092107078194 0.461335 0.707232 0.2618726 1.0
-606.6427540536823 -191.22368124934084 -0.032737 0.105954 0.26017278 1.0
-724.9792212027234 -228.69455262121184 -0.340756 -0.125112 0.3373371 1.0
-791.1116369410369 -242.87305721802718 -0.021441 -0.243872 0.32410538 1.0
-625.2378846135333 -191.45197508987874 0.053042 -0.157778 0.23482643 1.0
-797.6262695667936 -243.76170745276679 -0.01122 -0.023004 0.3297848 1.0
-634.3385918809113 -194.30127730448888 0.484057 0.323559 0.23953912 1.0
-797.3035471148442 -242.685378332949 0.066484 -0.136305 0.32942286 1.0
-628.5839690904919 -191.9180555508394 -0.137837 0.353862 0.23769273 1.0
-703.3548634762202 -215.07212248474409 -0.189562 0.022653 0.27722213 1.0
-736.1771433620797 -226.32502438763512 -0.068091 0.093687 0.29944122 1.0
-722.8669388611473 -221.560876431529 0.001794 0.064102 0.29145753 1.0
-493.6650764864644 -150.3219756860214 -0.289286 -0.233625 0.17726743 1.0
-492.93317358471796 -151.4751242439738 0.20956 -0.612647 0.17699881 1.0
-649.9266151243627 -198.69140224716492 0.097724 -0.136805 0.25338867 1.0
-606.6777066830276 -185.34879935687349 -0.201208 0.901128 0.2312287 1.0
-796.3310697558529 -243.03109934197138 -0.590216 0.009959 0.34121504 1.0
-739.7926738749898 -227.73600538933982 0.363011 -0.027514 0.30853108 1.0
-563.7678526231313 -174.20616491752182 -0.149845 -0.292789 0.22356872 1.0
-648.6201336439381 -200.53670458625575 -0.111002 0.160721 0.27026966 1.0
-570.5094090398276 -175.48773939147054 -0.089165 -0.080613 0.22811013 1.0
-624.2016597115113 -191.33965034146294 -0.024812 0.082888 0.25873217 1.0
-639.3666585822904 -196.1915654344063 -0.08326 0.002632 0.26854926 1.0
-738.2099056053739 -228.04542048225392 0.048868 0.481718 0.33258373 1.0
-747.2166930395316 -229.08995804715647 -0.561507 0.577543 0.3465316 1.0
-727.5955365996721 -223.5625068792277 0.531599 -0.283919 0.33277422 1.0
-676.8333715420001 -209.1018494617593 -0.341784 0.041503 0.30011934 1.0
-606.8605609981416 -187.6364130570351 -0.332088 -0.021115 0.25937578 1.0
-635.9671823746316 -196.13203101609463 0.209168 -0.360089 0.27667215 1.0
-714.2085914842584 -213.7534599039716 0.009312 -0.046361 0.27941293 1.0
-802.8325467849775 -239.45417361854078 -0.167839 -0.331254 0.3321127 1.0
-668.2441018954519 -200.58513872413934 -0.299481 -0.507241 0.25576785 1.0
-662.8261897805355 -197.46290030306082 -0.014522 0.067055 0.25625908 1.0
-609.1393732658689 -183.31486994771348 -0.592814 0.422097 0.23201804 1.0
-572.300454213082 -171.93046995899954 0.440787 0.100676 0.22865355 1.0
-548.1733038644788 -164.76781031405034 -0.532849 0.272303 0.21694407 1.0
-758.8968750558121 -251.1352160942054 -0.085881 0.322874 0.34236377 1.0
-734.5232846610077 -216.47534837927995 -0.086965 -0.104658 0.2946765 1.0
-805.5991896490509 -241.40209291239984 0.044077 -0.047992 0.34030333 1.0
-789.1445505939212 -235.93584494726522 -0.036171 -0.049781 0.33482042 1.0
-702.4799126122078 -209.9552946646442 -0.048279 0.063288 0.2858042 1.0
-532.4221514641096 -168.78295158853646 -0.581436 -0.122832 0.20819935 1.0
-784.4041607652194 -237.99303924219373 -0.006105 0.137578 0.32836485 1.0
-792.7818472177224 -241.14656510823497 0.263424 0.070888 0.33928832 1.0
-793.100810342381 -241.4921587273807 0.048882 -0.006478 0.3395168 1.0
-773.4179842225933 -234.7429784987149 -0.225591 -0.106893 0.3274826 1.0
-601.3538436935621 -182.00647672221632 -0.303105 -0.521416 0.23070483 1.0
-645.4185467368967 -196.25880756762768 -0.389173 0.051373 0.26901922 1.0
-489.24982571281834 -148.41994912237638 -0.48754 -0.202748 0.18924768 1.0
-537.9499064019036 -163.42501245988362 0.072632 0.007844 0.21421047 1.0
-678.7505370629707 -206.05585870719062 0.278307 -0.674955 0.29472968 1.0
-700.8158643054102 -235.43311606542906 0.060604 -0.159232 0.31393963 1.0
-507.2868895320734 -170.49529321008418 -0.06546 -0.014756 0.20287517 1.0
-606.0444374316893 -203.39803131229627 -0.164564 -0.120222 0.25689265 1.0
-479.0960912032217 -160.7123351300252 0.249918 -0.276298 0.18942031 1.0
-465.8986534219147 -156.21647452427246 0.069243 0.004188 0.182937 1.0
-467.82245386700527 -156.85641754658508 -0.500121 -0.695067 0.18390496 1.0
-469.88716437521254 -156.70906485082782 0.077246 0.158643 0.18499465 1.0
-627.3427607385486 -205.6118405808475 -0.284903 0.092836 0.26067418 1.0
-628.6576377684536 -205.94791922078656 -0.056841 -0.045574 0.262607 1.0
-506.1574392521593 -165.56390349583157 -0.107545 -0.211774 0.19717278 1.0
-519.3662682799816 -170.14202311985758 -0.165494 0.021709 0.20456107 1.0
-725.4975931000814 -236.60071433555208 -0.010665 0.104697 0.3238343 1.0
-520.4142506886112 -170.11717430650245 0.21275 0.136507 0.20541741 1.0
-625.2956373855734 -204.73765257086458 0.201944 0.007606 0.2634516 1.0
-625.4957412808345 -203.67636303466398 0.077415 0.033716 0.26338363 1.0
-536.2968495635893 -174.7876264875795 -0.279733 -0.292427 0.21690902 1.0
-530.7809704963773 -174.0288393905338 -0.338379 -0.265014 0.21489596 1.0
-518.0441885328376 -170.73871716949367 -0.040105 -0.043669 0.21215157 1.0
-698.6440076643439 -229.09456320103732 -0.289987 0.543051 0.3184369 1.0
-601.2970534151954 -196.56494541011924 -0.044381 -0.007628 0.2587944 1.0
-693.054183005141 -226.62442263490314 0.095087 -0.099338 0.3157177 1.0
-601.9879819860729 -196.66153440512895 0.143965 0.139225 0.25950086 1.0
-520.7878401744424 -165.4975697712266 -0.142649 -0.271775 0.2030267 1.0
-710.7063404408558 -227.5348403011414 -0.115786 0.14696 0.31037506 1.0
-515.6167670884807 -164.66758689683758 -0.269338 0.186348 0.20221375 1.0
-541.5550009102608 -172.28865339592855 0.185872 0.015211 0.21614827 1.0
-596.533136160949 -189.30393447891095 0.165435 0.017227 0.24586603 1.0
-457.15991992105705 -146.21886138293357 0.102215 -0.267818 0.17555512 1.0
-455.2598712441357 -144.9099895363118 0.299659 -0.128783 0.17569953 1.0
-608.6332444187047 -194.35203805223682 0.089088 -0.152713 0.2612239 1.0
-531.8325951679151 -165.66161189676083 -0.015601 0.073753 0.1985858 1.0
-658.8354881448691 -205.27921907714276 -0.208279 -0.133558 0.2632575 1.0
-557.7562579109837 -173.1541246086852 0.166423 -0.044542 0.22236992 1.0
-529.1684309225552 -165.3199315967729 -0.113213 0.244716 0.21320921 1.0
-731.5790597916227 -223.37373866309397 -0.068796 0.06092 0.32329383 1.0
-619.2622631260326 -189.42599425081158 0.167103 -0.256705 0.25768897 1.0
-720.9284889918235 -220.65654165691993 0.848112 0.356763 0.32616347 1.0
-449.74182435523863 -151.96197345411693 0.067793 0.179957 0.17645274 1.0
-581.0537928124326 -191.2053143896977 0.025724 -0.095285 0.23892917 1.0
-511.7756529115784 -169.31388268306566 0.144838 -0.300356 0.20303474 1.0
-578.5757432790897 -191.23865988227456 -0.195445 0.027609 0.23816079 1.0
-685.5598634694654 -227.7342194639063 0.363784 0.068513 0.31467295 1.0
-490.8664129216845 -156.98366686189263 0.176471 -0.792023 0.18015115 1.0
-558.4337089463958 -179.62291285934106 0.144172 0.150772 0.22806841 1.0
-456.1429712233405 -147.37535321921501 -0.135095 -0.607159 0.1765136 1.0
-504.6596059983873 -163.98139646096908 -0.006901 0.15805 0.20177367 1.0
-694.0328277038518 -224.81349669595735 0.007702 -0.030669 0.3144712 1.0
-790.4345862925124 -246.55232988591584 -0.219372 -0.182687 0.33526304 1.0
-646.7197222919947 -202.32319993098122 -0.207663 -0.066724 0.25238293 1.0
-608.9016020076294 -191.10085004961732 -0.175621 0.215114 0.23254824 1.0
-605.6506193022248 -190.66950683430838 -0.375235 -0.572964 0.23210435 1.0
-608.7903260217661 -190.81006357365177 0.457279 -0.157212 0.23396745 1.0
-709.9676173511607 -222.27279510972036 0.592928 0.065165 0.2911615 1.0
-488.84008268273834 -153.82936632154326 -0.176881 -0.050962 0.17864433 1.0
-527.6315457403172 -165.29481748500208 -0.431583 -0.128531 0.19704504 1.0
-531.5916160757317 -167.658443710417 0.219587 0.018516 0.19943056 1.0
-472.1708476759343 -149.1834868523154 0.05221 -0.170942 0.1785565 1.0
-740.4199498434571 -232.3080965094506 0.002967 -0.071026 0.3277586 1.0
-694.832772125028 -219.9903989135366 0.1006 -0.081478 0.30967602 1.0
-696.6415454686751 -219.69735212787725 0.421616 -0.073721 0.313771 1.0
-733.5585151867541 -231.68273472060523 0.118025 -0.404132 0.3426724 1.0
-818.7422060902644 -250.76553287418807 -0.068934 -0.22071 0.35476348 1.0
-793.7640764502388 -242.74577430949734 0.024596 0.179137 0.33932883 1.0
-791.9406168915748 -241.9017691511442 -0.003289 0.012992 0.3381038 1.0
-600.4599831763328 -183.7648284558209 -0.046626 0.015396 0.22974998 1.0
-606.2972217474377 -184.94585097054693 -0.104432 -0.511417 0.23284818 1.0
-463.0000241974185 -142.6965072466344 0.026227 0.258691 0.17400716 1.0
-649.7956253330984 -198.6230802408058 0.088921 -0.024423 0.2707582 1.0
-741.6934870059243 -228.76565281794777 0.096156 -0.049372 0.33254418 1.0
-719.7607050060903 -221.84959073355546 -0.097884 0.278845 0.32464108 1.0
-722.4938149359089 -222.03985539678987 0.05706 -0.048685 0.32649583 1.0
-726.3216209409222 -223.33942773515804 0.175988 -0.154385 0.3333695 1.0
-601.2738884050195 -185.65805308220288 0.245601 0.130328 0.25497165 1.0
-769.9159966136845 -230.69518350546693 0.083966 0.114495 0.31437463 1.0
-491.5177512040306 -147.76897415964237 0.116463 -0.123323 0.17782131 1.0
-790.2197247245924 -237.2385622207223 0.306325 -0.202759 0.33952555 1.0
-657.856050095696 -197.122513894125 -0.210757 -0.106519 0.2763429 1.0
-683.1406731192732 -205.1569486937787 -0.048195 0.372006 0.29284203 1.0
-682.4610923196934 -204.93179201888393 0.108917 0.35047 0.29305336 1.0
