X Y e1 e2 Z WEIGHT_SEEING
830.5708380260447 -18.53182494692109 0.292981 0.222244 0.2816433 1.0
774.9645631385341 -18.45007314726667 -0.333409 0.427364 0.25489715 1.0
772.5325120150586 -19.669588704945525 0.359013 0.568159 0.25378817 1.0
836.9169807133597 -34.78937559928309 -0.065824 -0.125505 0.28115118 1.0
908.9188551220072 -40.75214266007858 0.018013 0.392256 0.31549165 1.0
949.0066712092206 -26.710268884734322 -0.070974 0.61459 0.3511015 1.0
918.0658454836666 -27.14060606501332 0.0641 0.050719 0.32989323 1.0
906.3094541389205 -29.469401159746504 0.351954 0.130996 0.3228078 1.0
924.6796566510276 -33.23113947909002 -0.437716 -0.599746 0.33167237 1.0
724.7156020329567 -27.03933277834289 0.256323 0.048151 0.23531035 1.0
824.5083998259482 -31.672278733612316 -0.219229 -0.348197 0.28032392 1.0
730.8478529437831 -28.2334035958737 -0.122832 0.215714 0.23801966 1.0
778.030923321211 -33.2222857007321 0.247054 0.584623 0.25839114 1.0
868.8465646207437 -40.257766092772904 0.362587 0.360204 0.30076456 1.0
942.0016871557249 -25.45120214371239 0.25075 -0.070492 0.33887008 1.0
746.145411606159 -26.49233829492934 0.06071 0.021478 0.2420319 1.0
944.9155256996033 -33.13592758346928 0.022068 0.431286 0.33794653 1.0
883.5025008690753 -35.46890466037094 0.078767 0.063043 0.3052893 1.0
878.8842291730099 -41.757218957298015 0.233901 0.171789 0.30185667 1.0
733.216625351767 -28.204153547072007 0.081298 -0.350014 0.23452343 1.0
672.4097653028504 -16.491589534769375 -0.083222 0.269881 0.20831786 1.0
894.143809444215 -27.70515871769679 0.174068 0.346364 0.30894148 1.0
751.9986080333172 -24.212249150966443 0.124914 0.260806 0.24209596 1.0
934.9295653499813 -34.49555170087127 -0.116161 0.237822 0.3283287 1.0
941.7959399057538 -34.46103410663332 0.072574 0.031335 0.33107856 1.0
886.4581047981932 -34.33992252847862 0.270615 0.021181 0.30426326 1.0
733.5680535799148 -28.99942279746944 0.311356 0.283439 0.23403624 1.0
950.1633937855154 -38.934123956460695 0.392335 -0.305095 0.33555806 1.0
949.4732990764701 -39.75035594842405 -0.086668 0.269915 0.33611077 1.0
953.8668228624111 -40.32754096702297 -0.47027 0.048696 0.33810195 1.0
952.7414496164965 -41.51829270056274 -0.067772 0.20096 0.33778673 1.0
887.3309553721867 -46.40662707972005 0.151163 -0.309324 0.30280262 1.0
970.8359093324112 -67.23332377124312 0.090389 0.2846 0.342575 1.0
998.6224861092489 -71.19256727972288 0.065901 -0.899208 0.3570433 1.0
911.3293780665289 -22.75364902176705 0.109226 -0.153249 0.31462353 1.0
652.7928123926216 -21.422842461064562 -0.20958 0.297879 0.20908009 1.0
873.6142353055436 -25.98315245227185 0.021228 0.036326 0.3077713 1.0
784.8759645822763 -24.763985643767132 0.681602 -0.152342 0.26488227 1.0
658.3627679860882 -20.948364242539256 -0.42219 -0.659375 0.2094515 1.0
898.4228100447799 -30.50021992019402 -0.584726 -0.252239 0.31928554 1.0
787.844063206652 -29.765150593747613 0.350921 0.018701 0.26449582 1.0
739.7211723351932 -28.36686655692278 0.555727 0.712475 0.24267596 1.0
697.8710048299188 -31.896991626982512 0.219964 -0.272188 0.22342144 1.0
660.5579401127957 -34.05481094894843 0.053806 0.382968 0.20711902 1.0
846.5011887809657 -17.43589666262833 -0.005486 0.083275 0.29143798 1.0
943.5564259922626 -24.15378294208919 -0.218752 -0.2697 0.3419284 1.0
563.9785981906823 -19.09090200496277 0.197585 0.72345 0.17021927 1.0
935.7559842256704 -31.897012145136937 0.260901 -0.082046 0.33542895 1.0
924.1647457757081 -35.76099350053814 -0.179004 -0.107901 0.32885072 1.0
880.5344508935796 -41.92291104242254 0.16798 0.177866 0.30335674 1.0
883.6705682718066 -43.1205041316896 0.352892 0.446328 0.30472848 1.0
966.6452606184503 -53.57194220086716 0.185781 -0.34317 0.34581783 1.0
941.1767803852126 -54.6099328395991 -0.127218 -0.674396 0.33295187 1.0
983.6971019991657 -59.653561473956465 0.266753 0.269422 0.35449165 1.0
722.9205784964508 -25.89763082931436 -0.049651 0.009826 0.23725109 1.0
629.8247915279808 -19.171223901688677 0.170551 0.060505 0.19634108 1.0
662.8673235684564 -20.024573948158597 0.336332 -0.059766 0.20964238 1.0
713.4227968738645 -23.116449895123818 -0.336618 -0.004267 0.23042774 1.0
556.5309610769946 -22.86605086725916 0.070592 0.072812 0.169435 1.0
947.2930230137378 -22.84372929601243 0.442723 0.101678 0.34060383 1.0
625.2550474189397 -15.473887101740189 -0.370919 0.353811 0.19257091 1.0
947.4548787392307 -24.339112938464222 -0.060488 -0.126664 0.33980352 1.0
800.9491638030489 -28.077803480422517 0.234905 0.373209 0.26603556 1.0
893.7380000407987 -36.34338963417489 -0.168795 0.019923 0.3084641 1.0
558.891008824026 -20.084017522100204 0.373713 -0.173294 0.16932508 1.0
555.6501290926506 -24.677672001151205 -0.301546 0.417883 0.16729738 1.0
944.234076401788 -25.378857330527218 -0.194194 0.166249 0.33999392 1.0
667.3928547725433 -16.094372928747653 -0.003158 0.266324 0.20861149 1.0
837.6927841252507 -20.077882656386613 -0.30236 0.14593 0.28301048 1.0
751.4228391833807 -25.5640616766985 0.038138 0.154357 0.2413323 1.0
751.4623204338853 -28.764548193710397 -0.291988 -0.186961 0.241305 1.0
949.011686120796 -40.173564747391225 0.184916 0.032393 0.33516005 1.0
909.5245780676341 -38.96021967939995 -0.151821 -0.219689 0.31418464 1.0
958.524684989058 -40.13481444262919 0.150566 0.102306 0.33924004 1.0
565.0691557228797 -25.196534090668422 -0.035869 0.226187 0.16785124 1.0
887.2280283879406 -42.97455832458046 -0.015121 -0.235141 0.30353954 1.0
573.3230889352113 -29.74360981637829 -0.114122 -0.050011 0.17007267 1.0
968.8131925719475 -67.30635630535231 -0.140456 0.448232 0.3426023 1.0
970.6712046603117 -67.3622293815217 0.218206 -0.171558 0.3433133 1.0
787.9611543240665 -25.302283799526542 0.196812 0.398952 0.26643863 1.0
611.3823534982365 -26.18321196945053 0.067034 0.319699 0.18944049 1.0
943.9652434309376 -23.362008320929398 0.012734 0.120165 0.3411391 1.0
902.0225015945551 -24.457432846898 -0.001958 -0.120517 0.31993115 1.0
729.719869202571 -22.720222985329283 -0.239055 -0.202958 0.23692924 1.0
617.0883758665944 -20.059515648310228 -0.087933 0.164107 0.19067429 1.0
563.4739246392145 -19.023310422569143 -0.342188 0.070698 0.17006874 1.0
936.4337217006623 -31.993221370413888 -0.228676 0.196822 0.33571056 1.0
622.911964668825 -28.857942417810445 -0.090141 -0.062923 0.19063443 1.0
575.008036399073 -29.459872962278492 -0.427253 0.033524 0.17233942 1.0
563.9656349809692 -30.409598215894004 -0.036442 -0.148263 0.16856691 1.0
905.3198716272644 -49.52814434156402 0.051923 -0.197463 0.314826 1.0
573.9491462624511 -33.40701008616604 -0.035829 0.134209 0.17109174 1.0
708.4755737111846 -43.69394405369571 0.185589 0.32578 0.22366722 1.0
942.2816009845485 -57.99195072843842 0.240583 0.013089 0.33256352 1.0
710.2051304379788 -43.28677463158376 -0.240487 0.106486 0.22365944 1.0
973.4535750897273 -64.87102469662284 -0.025283 0.010362 0.34689182 1.0
666.9592039064469 -18.76014543454797 0.486069 0.509507 0.21399212 1.0
597.9694723928441 -19.80116046695662 -0.066321 -0.201366 0.18595703 1.0
659.1957148994333 -22.573513768183425 -0.492505 -0.197223 0.20766346 1.0
620.7410505225579 -22.12408765337771 0.136513 -0.011935 0.19212104 1.0
743.7015139521791 -27.28466100601343 -0.052815 -0.023007 0.24323048 1.0
929.769648816703 -35.21517249613671 0.071092 -0.149798 0.33230096 1.0
558.6553929111011 -24.43617942768762 -0.338682 -0.225309 0.16812934 1.0
616.7381221564178 -27.987095309092247 -0.033333 0.039876 0.1898126 1.0
959.4902201395023 -22.423688517561622 0.391374 -0.110765 0.34026662 1.0
913.3746870853499 -19.894438749552037 -0.079883 0.255943 0.31995493 1.0
910.018305187771 -25.780378529035275 0.163995 -0.230404 0.3130059 1.0
917.7963167273562 -15.70098534252337 -0.519092 -0.04026 0.3196766 1.0
743.1447192544389 -23.95829333028418 -0.084622 0.027264 0.23649305 1.0
809.1831008848891 -12.97858687914901 0.28722 -0.581118 0.27002984 1.0
954.2679396648163 -21.31328836210046 0.158591 -0.842208 0.34074622 1.0
983.9052068618274 -54.092245530909075 -0.140473 -0.143211 0.35121885 1.0
713.699200507405 -41.813473828348286 0.138073 0.182981 0.22361031 1.0
923.0440905609456 -57.200463173710425 0.054916 0.047045 0.31971428 1.0
909.433047328673 -20.708415759369494 -0.176844 0.811549 0.31411543 1.0
960.1463641432326 -22.382535781921646 -0.484305 -0.413357 0.33984032 1.0
556.4088873063532 -16.2282633450707 -0.142062 0.122 0.16359906 1.0
738.6992569601111 -23.2633361087134 -0.285203 -0.284703 0.23435302 1.0
953.1290920540489 -44.885606616403194 -0.010115 0.113314 0.33279294 1.0
925.510430103202 -44.33640985203314 -0.127036 0.30537 0.31826246 1.0
584.1605868171075 -29.500866725351226 -0.076636 -0.24842 0.1725585 1.0
803.6387344377641 -16.610108333444007 0.204987 -0.136132 0.26803228 1.0
669.9998946627647 -14.618216736662157 -0.481064 -0.273865 0.20831898 1.0
556.5569053265363 -8.58917692897842 -0.162341 -0.120801 0.16575517 1.0
558.9814451781345 -10.497357763050815 0.469371 -0.455637 0.16666625 1.0
843.8957673092756 -21.50815605645173 -0.506004 0.154141 0.25677803 1.0
765.1661685315449 -27.437693319734333 0.393693 -0.773507 0.22540057 1.0
1053.352927602428 -43.98969511421366 0.044235 0.176534 0.35462543 1.0
1056.327949821516 -42.9849421582588 0.021405 0.293152 0.35502678 1.0
993.6802581293163 -23.750230918405986 -0.006107 0.448291 0.3215343 1.0
966.6589377920168 -24.90920380142863 -0.288929 0.028852 0.30859748 1.0
918.1747973035405 -24.44567299544137 -0.075232 0.420735 0.2865212 1.0
982.7951690411496 -26.48210612011766 0.038326 -0.252695 0.3162231 1.0
982.5469476340129 -31.045984041382983 -0.056474 -0.399688 0.31644672 1.0
986.0761780714829 -34.523142953321106 -0.009539 -0.189884 0.31786814 1.0
1027.4075172827536 -21.1069055160961 0.185794 -0.233649 0.3339586 1.0
698.0418226608165 -16.129352348390007 -0.468432 -0.504605 0.19680904 1.0
1041.324092593899 -27.79492096681648 -0.273851 0.287864 0.34093472 1.0
708.7780762783502 -14.502551004615508 -0.003877 0.078313 0.19854838 1.0
637.3765839827588 -13.624572342793495 0.110934 -0.099189 0.174246 1.0
985.0756747061729 -20.39984056882974 0.4016 -0.024344 0.30966216 1.0
638.2728522239313 -13.816413141537378 -0.060978 -0.129903 0.17449473 1.0
838.9688219360431 -24.973607581385128 -0.018478 -0.106012 0.24834166 1.0
1031.4287581721755 32.368963221566155 -0.246148 0.03992 0.3256851 1.0
730.0413040626776 21.510680042379388 -0.055173 -0.252099 0.20301819 1.0
728.6080534525413 19.028446240688837 0.37598 -0.077447 0.20301244 1.0
1024.2809179408898 22.06245692596071 0.47339 -0.108223 0.32243332 1.0
943.7833230806455 15.65886284184395 -0.10529 0.04436 0.28708807 1.0
713.1153552141055 9.05420647126359 -0.185002 -0.246886 0.19778578 1.0
680.4974772891048 8.322874606163607 -0.47873 -0.462679 0.18674076 1.0
704.3556081712858 7.321863623947053 0.492241 0.034204 0.19488502 1.0
671.4990192043396 7.285332259841113 -0.068917 0.315823 0.18317015 1.0
725.8895768689778 7.027648432061133 -0.30014 0.224254 0.20203261 1.0
715.3905884120061 6.252289371725524 0.000542 0.600203 0.19811776 1.0
711.9844020907856 4.336579861926951 0.361932 0.041709 0.1973539 1.0
706.0129410274963 4.442434357289248 -0.246872 0.073302 0.19519901 1.0
718.3242904334782 2.9999831839957225 0.185772 -0.343381 0.19959438 1.0
1025.182047720702 2.1323892412812735 -0.175165 0.432111 0.32447752 1.0
607.8041796452421 -0.7394288912496786 0.418597 0.008237 0.16211618 1.0
948.9896121662925 -3.9968797617174006 0.069401 -0.16088 0.2909555 1.0
797.1122067030637 -5.108635126943858 0.102452 -0.338757 0.22840753 1.0
856.2824767517443 -4.973285171370234 -0.201536 0.151226 0.2512921 1.0
955.0892752479704 -9.142156036783888 -0.02801 -0.085109 0.29333052 1.0
890.4787918431516 -15.312319372225897 -0.269613 -0.782113 0.26644924 1.0
715.49380332762 -15.88318344230988 0.113058 0.559669 0.19943285 1.0
904.42081094281 -28.200296264783084 0.354076 -0.294436 0.27248567 1.0
611.3609355217659 -19.931838494475187 -0.068277 -0.279638 0.16411148 1.0
903.544154884239 -31.229373558578803 0.440461 -0.15936 0.27202561 1.0
901.6163823722824 -31.309795950164443 0.418777 -0.278336 0.27095672 1.0
727.0013504488298 -18.99011952413581 0.408768 0.755836 0.2016293 1.0
612.9868797343771 -16.74937130176306 0.268648 -0.00354 0.16353798 1.0
722.9363433862287 -20.653722972532666 0.41701 -0.193772 0.20030081 1.0
1087.2571316170918 -35.12542636972913 0.041351 0.996826 0.3532683 1.0
1027.8912842633504 -5.7722570832707865 0.283981 0.021672 0.32098588 1.0
901.7030066604053 30.074841171821475 -0.039189 -0.237051 0.2691447 1.0
1050.858284712851 33.88658061921142 0.18231 0.025452 0.33497208 1.0
827.0630647381074 22.74991147830405 0.05048 0.120708 0.2396246 1.0
928.4980235409687 22.306102573573995 -0.021593 0.227622 0.28093097 1.0
1067.3726713867018 18.447422334408426 -0.231404 0.085638 0.34471354 1.0
709.7119165757871 6.954727996902515 -0.05688 -0.102537 0.19708563 1.0
911.4651615583591 30.404921104255376 0.510929 -0.296784 0.27037197 1.0
679.7744084397874 14.67073276134245 -0.758464 0.061619 0.18452697 1.0
1032.266257484686 12.728184024843316 0.06548 0.552262 0.32487172 1.0
969.9311825621813 32.43280809343856 0.204789 0.17452 0.291852 1.0
799.4413442895639 25.053159708480557 0.445039 -0.006957 0.22447227 1.0
973.9394075358948 27.449244268239134 0.117689 -0.130541 0.29373243 1.0
988.5156325343293 25.715049574595355 0.052153 0.091661 0.30057737 1.0
786.5067001998974 20.859769528061385 0.150915 -0.772981 0.22010694 1.0
987.656927685651 26.07857004093435 0.034138 0.250961 0.30021927 1.0
1102.3962020323638 26.625669102026315 0.026383 -0.410082 0.35379046 1.0
762.7188467600362 17.823959108950927 0.473932 0.034693 0.21115713 1.0
945.3840046900585 22.45654916102208 0.201952 -0.062018 0.28216547 1.0
902.3352742165372 20.32154818304695 0.747328 -0.430354 0.26467773 1.0
1106.8214874117261 15.225955921626865 0.10929 -0.070356 0.35746658 1.0
753.369043214415 10.560502677814876 0.291524 0.001727 0.20877956 1.0
883.9010252113552 12.590683942910701 -0.051823 0.024784 0.25813097 1.0
753.8268605417138 10.369000289281793 -0.164056 -0.076082 0.20925127 1.0
1110.2950246762512 34.75836024747778 -0.026932 0.201614 0.3513629 1.0
823.9289026173575 23.129896402603347 0.003217 0.576082 0.23064277 1.0
1043.3624752159685 27.85098383619858 -0.221578 -0.56842 0.32061478 1.0
767.9868244577125 23.850814160418004 -0.036192 0.075691 0.20837285 1.0
970.119269721436 29.520154735592488 0.054735 -0.354585 0.2855769 1.0
742.7924097722722 20.919454298607267 0.205068 -0.173982 0.1998441 1.0
777.0290315261424 18.086052578925113 -0.140752 -0.006023 0.21242166 1.0
909.3183019802256 22.61503439622419 0.213531 0.230508 0.2823654 1.0
717.5698355523693 7.4377359932542 -0.285476 -0.633126 0.20565109 1.0
896.2041933161194 6.5694424165025795 0.214722 -0.474813 0.27706003 1.0
963.1734716820844 -1.8590179780124167 0.020297 -0.207922 0.30718195 1.0
791.4545768848765 -25.585509627256396 0.27728 0.22965 0.23532216 1.0
981.2225284922098 -40.63324276291693 -0.009623 0.050495 0.31747892 1.0
899.3227649723805 25.324499199915284 0.064554 0.048867 0.275125 1.0
990.6139001957371 15.02781336226568 0.485847 0.008774 0.3161272 1.0
944.4218771474934 10.174601882317608 -0.242325 0.203787 0.29475048 1.0
905.8819216351177 7.417840152820184 0.031241 -0.135991 0.27832213 1.0
1014.2202063696998 6.130648112590528 -0.137142 -0.042192 0.32737258 1.0
1013.0702181670391 3.722791731090014 0.116261 -0.069171 0.3273389 1.0
940.1599050360832 -0.2650026192679191 -0.000511 -0.046511 0.29320532 1.0
1001.7608738044647 -8.966748928579468 0.172759 0.001127 0.32178336 1.0
843.3485007958035 -8.111705337946105 0.026127 -0.003101 0.25241953 1.0
1039.3121491009078 32.92111028849212 0.082606 -0.005389 0.33476454 1.0
936.3170658741756 25.501156745771503 -0.178816 0.148172 0.2878836 1.0
904.3991672092998 15.480661143945165 0.302971 0.107168 0.27429244 1.0
1019.5985122449099 17.290320279403904 0.060407 -0.170666 0.32547668 1.0
1062.3069655775698 17.22508040027435 -0.103681 -0.246172 0.34720722 1.0
915.0681751649455 14.417247946877627 -0.031294 0.022019 0.27973014 1.0
977.7269322409028 12.684988852978165 0.104946 -0.784146 0.3067061 1.0
1075.7862668792552 5.160635041805253 -0.046305 -0.499227 0.3536312 1.0
948.1810325955903 2.9725906258319488 0.085069 -0.017136 0.29479584 1.0
843.1976958192503 -6.734237772645006 0.118736 -0.116934 0.25069436 1.0
941.8112222177151 -12.956034566441291 0.422156 0.064314 0.29255193 1.0
880.4840475209768 -13.269777855112755 0.220837 0.221962 0.26554513 1.0
971.1147192283149 -14.436655904511744 0.008938 0.156126 0.30567345 1.0
881.3121605143656 -14.275529158330437 0.077931 -0.101888 0.26654777 1.0
951.4670170575912 -17.451670106613598 0.371063 0.313206 0.29699966 1.0
951.9629017343251 -18.53432621594791 -0.077601 -0.17354 0.29714617 1.0
706.6934288211734 -14.911136704580535 -0.274968 -0.165704 0.19855447 1.0
937.0361330275879 -31.59989660611356 -0.057028 -0.071863 0.29061306 1.0
958.9935412906461 -33.85722717882067 0.426211 -0.136438 0.30070618 1.0
1048.2179076959692 33.08046914473897 -0.060885 -0.095662 0.33508694 1.0
1025.3243341368845 31.687907734158873 0.174735 -0.422415 0.32406074 1.0
1078.6936505078434 28.68510664345619 -0.055129 -0.191913 0.3506732 1.0
929.2171902098664 21.35680203155091 0.018377 -0.042428 0.28262484 1.0
737.5921799081026 17.91175431410368 0.602113 0.090483 0.20694828 1.0
722.5424128274042 17.256781144214994 -0.143912 -0.058714 0.20195013 1.0
924.2059797148775 21.266762033896025 0.167141 -0.00874 0.2796476 1.0
923.7863596190301 18.609544737043493 0.338357 0.01837 0.27995306 1.0
772.2147471878268 6.31310803894439 -0.067634 0.094723 0.22062479 1.0
986.6338468574222 7.9312632824747995 -0.323442 -0.316006 0.30745128 1.0
950.9295241592507 -10.065545733234057 0.086972 0.126062 0.292315 1.0
932.9553799231846 9.63131609575923 0.58798 0.079857 0.28142712 1.0
724.0287812848163 6.802079916917004 -0.282107 0.134862 0.20074816 1.0
850.3828269599622 7.945587587733752 -0.062983 -0.099487 0.2471287 1.0
723.3739028061481 -0.7443510920193149 -0.148599 0.212934 0.20096467 1.0
796.7767952117428 -4.783184233693139 0.304994 0.142044 0.22809513 1.0
633.9848749921819 -17.377190700748706 0.008226 -0.083643 0.17123726 1.0
986.9651174288713 30.68315003517062 -0.243049 0.373254 0.33288953 1.0
932.7419662480764 24.079320149451625 -0.298465 0.16571 0.30581155 1.0
856.7723625604133 17.78405440817695 -0.578505 -0.391722 0.2711316 1.0
971.7338732077519 19.62984686757159 0.328473 -0.355552 0.32497856 1.0
933.745252448087 17.372803814756125 0.236344 -0.333493 0.30707416 1.0
1018.2927036669106 20.289915615113117 0.19985 0.557209 0.34805077 1.0
700.2097385136767 11.91889020719638 0.015412 0.260868 0.2074281 1.0
941.6162738910477 15.43049736196122 0.601797 -0.448109 0.31032103 1.0
998.6094845250856 14.08491277814097 -0.265305 -0.636755 0.33814484 1.0
858.6702412575071 7.756430562905982 0.158842 -0.347302 0.27181974 1.0
705.0577204560113 5.708594276191181 -0.610493 -0.287792 0.20884456 1.0
930.3306172035465 5.023399648707019 0.145171 -0.163243 0.30423844 1.0
1027.4143622466772 -42.4512577525509 0.065649 -0.308455 0.35293177 1.0
863.57781023463 -38.49652555760476 0.740298 0.535707 0.27396312 1.0
675.1250128422496 -31.685827330871255 0.139386 0.210014 0.19765534 1.0
881.7773479923397 -42.56235194435565 0.017246 -0.1094 0.2818702 1.0
1018.0061519377552 -48.90491894906217 -0.435427 -0.05789 0.34743956 1.0
983.6717989127465 32.84502169380278 0.387962 0.228661 0.3275863 1.0
971.1567357636756 27.702276469983005 0.388395 -0.030084 0.32169747 1.0
972.1160825266935 27.765548569385384 0.11568 -0.063804 0.32171616 1.0
1017.2998020087548 22.082992001786263 0.289248 0.737124 0.34348938 1.0
1019.1053890102106 21.271599784463806 0.122781 0.352569 0.34439403 1.0
1007.0038062990233 14.00514998930664 0.549148 0.504106 0.33879852 1.0
950.0522845924522 -11.240696759651865 0.234902 0.050898 0.30984953 1.0
949.6618065325199 -11.632687586212501 -0.234053 -0.057398 0.30957294 1.0
984.4335020588227 -19.305251407224365 0.209727 -0.333097 0.32615408 1.0
621.3991131824838 -22.99331141591695 -0.004473 0.762514 0.17665902 1.0
902.732023868043 -33.199251064076385 -0.138555 -0.093561 0.2879257 1.0
1029.0595057026947 -41.64275787502967 -0.261522 0.311136 0.34970576 1.0
872.1136593528977 -40.10231426945236 -0.113873 -0.135875 0.27490345 1.0
868.7684160509967 -40.14887728282536 -0.471958 -0.601862 0.27330872 1.0
1025.2108028290224 -52.36991369020434 0.262596 0.404561 0.3473297 1.0
1024.099342182261 -53.59445914609127 -0.185909 0.082325 0.346999 1.0
968.0678535568351 32.91707328725667 0.169399 -0.059244 0.31494734 1.0
745.8093969178356 24.56869573187175 -0.692989 0.069688 0.22031154 1.0
985.9237333957876 30.32143496222504 0.463065 0.464979 0.3235051 1.0
1024.6140433670637 28.958418628170207 0.008007 0.151868 0.3439594 1.0
1014.5305164178083 28.745194402576672 -0.125322 -0.125796 0.33813936 1.0
689.2216502271145 9.602617398316774 0.136897 0.258001 0.19889608 1.0
895.5640517270256 12.671582503633756 -0.007337 -0.000534 0.28164896 1.0
709.2161591008936 -3.4449861563237834 -0.003256 0.01713 0.20609349 1.0
757.0764320351087 -4.823748880973295 -0.114214 -0.05826 0.22436891 1.0
618.4356371058489 -24.598345585443298 0.05767 0.008061 0.17399454 1.0
840.7610485825317 -32.79224905929465 0.107695 -0.036938 0.2587647 1.0
1005.2482506011784 -39.05758791784781 -0.263883 -0.394242 0.3340164 1.0
848.1455316492767 -33.624453516172245 0.124071 -0.008421 0.26155946 1.0
950.6268855421841 -43.007561733600994 0.118977 0.076777 0.30755797 1.0
1037.978296300714 -47.200108547162046 -0.246532 -0.007978 0.3501399 1.0
958.0418166297177 31.869030059320426 0.12431 -0.3434 0.30694535 1.0
1017.6901140707442 30.76951493367755 0.277754 0.107003 0.33689097 1.0
987.7264408590562 28.595652167725387 -0.018255 0.27432 0.32154918 1.0
890.7137554070201 18.166262631305756 0.217339 0.00959 0.27755645 1.0
999.4295185269245 16.369588985421284 -0.003512 0.026953 0.32733458 1.0
1003.7458200434331 16.37937066663583 0.055266 -0.642711 0.32904267 1.0
898.3854986250826 9.931617367116047 0.185414 0.144942 0.28045934 1.0
988.41852355607 -38.320116166283235 -0.118228 0.058747 0.31775364 1.0
932.8951832361435 2.717327700748822 -0.02738 -0.051201 0.29031414 1.0
605.3524437915185 -23.191357759296736 0.227482 0.134916 0.16461223 1.0
853.8957305716876 19.80515509138981 0.0611 -0.043099 0.27134502 1.0
667.1331989215195 13.265366202468602 -0.119799 -0.190164 0.19657516 1.0
664.7786679259959 11.935151793897939 -0.134036 -0.183672 0.19566177 1.0
667.990575333013 11.643088055367318 0.163505 -0.245275 0.19673981 1.0
668.8709079780942 9.009424545885514 -0.49844 -0.134128 0.19631907 1.0
992.057277132645 9.831705178986718 0.170501 -0.162563 0.33682898 1.0
1022.3462555607052 6.848685340952854 -0.168391 0.157381 0.35300636 1.0
943.4735726243359 -3.927936117654251 0.026898 0.088022 0.3119657 1.0
986.1444089218475 -11.319027898840295 -0.278493 -0.11884 0.33451268 1.0
906.9884807518712 -12.146556971394514 -0.04414 -0.147588 0.2956887 1.0
619.3732214771351 -9.742934184674889 -0.121769 -0.074455 0.17804986 1.0
968.50118986642 -15.162236540994575 0.08626 -0.286919 0.32483745 1.0
894.3116159921482 -15.048957268679658 0.247894 -0.483036 0.28990847 1.0
966.1845916193325 -21.19884844985896 0.080855 0.146313 0.32344124 1.0
613.7778035878789 -13.983057695487274 0.661857 -0.300787 0.17623179 1.0
909.9719434282794 -24.823710615811937 0.110196 0.18026 0.29670545 1.0
908.948644388925 -25.379759307702688 -0.077981 -0.683574 0.29619148 1.0
911.0429102211536 -25.35747594680602 -0.269441 0.235735 0.2969194 1.0
995.6175073972905 -32.65748516476719 -0.136525 -0.05913 0.33731565 1.0
1004.0202033571875 -32.524296726110656 -0.228238 -0.048149 0.3414239 1.0
958.5939759381066 -32.028554319313315 0.03989 0.263486 0.3187417 1.0
988.4094949155243 -33.748681375945466 0.14435 -0.08412 0.3344483 1.0
886.9594112659319 -32.80813382926674 -0.571758 -0.210205 0.28602815 1.0
859.716140157776 -39.92616713610102 0.106476 0.086643 0.2733562 1.0
988.181820501491 -47.82849238393667 0.03039 -0.151878 0.3329667 1.0
610.6509086817472 -29.268456109959573 -0.047034 -0.255099 0.17479439 1.0
992.04473267715 -47.93649806472735 0.079682 0.083109 0.33478194 1.0
985.4829486732042 -47.397945969843434 -0.183236 0.050682 0.33128977 1.0
982.3657948708803 -47.55018200868154 0.035339 -0.093384 0.32988435 1.0
693.0454606167857 -38.35380279997422 0.378545 0.382155 0.20487933 1.0
703.4970645928502 21.4939280057317 -0.334104 0.050987 0.20799552 1.0
937.4007903867623 24.625402441800784 -0.264577 -0.396857 0.3069516 1.0
947.4240650945712 21.755859401378466 0.459229 -0.216422 0.31164992 1.0
945.2771329611182 21.865592246110957 0.042719 -0.033846 0.31044748 1.0
971.5709643487592 21.035334949923385 0.25877 0.051393 0.32404503 1.0
864.9323891624758 11.064033561877482 -0.028528 0.154813 0.27294564 1.0
856.7052201733748 7.255954412442872 -0.097922 -0.197514 0.2691972 1.0
571.5641648265043 2.0075736066480823 -0.305978 0.042762 0.16051932 1.0
691.0755308116226 2.5292180594189113 -0.059132 0.034268 0.20270814 1.0
682.8758757260385 1.625402160412824 0.193748 -0.309629 0.2002948 1.0
693.3445895762585 2.657266633847212 -0.128524 -0.112838 0.2033915 1.0
822.7623998270702 -4.551854434829387 -0.373438 -0.190429 0.25575504 1.0
786.509480480676 -6.83042024509027 -0.097099 0.22485 0.24019548 1.0
822.0099017930833 -8.490669103428125 0.129112 -0.059799 0.25521448 1.0
823.4104522341338 -8.067316642228318 -0.080506 0.036791 0.25515652 1.0
919.1603468931809 -10.005077866265701 -0.794997 0.130818 0.29740575 1.0
954.6185723360222 -13.811278949185537 -0.006666 0.072074 0.31440854 1.0
1016.1289311327567 -13.790601062971625 -0.038146 -0.162223 0.34482965 1.0
975.4231513286167 -16.193844616334502 0.620742 -0.24938 0.32489452 1.0
977.2437423439384 -16.08046204681692 -0.182834 0.176659 0.3255326 1.0
992.8156938410013 -17.782740548349718 -0.257775 0.122397 0.33345655 1.0
990.8714514545585 -18.589885957801513 -0.196728 -0.043225 0.33284953 1.0
982.1083477383775 -20.70991552276538 -0.252993 0.610057 0.32696715 1.0
979.6759766767902 -21.78600836473848 0.120489 -0.013642 0.3261803 1.0
788.8474701848888 -19.962668841625344 0.455293 -0.191149 0.24073015 1.0
815.0292980840846 -22.083011200469482 -0.041804 -0.088023 0.25087613 1.0
984.7787759340052 -27.37983468723409 -0.365044 0.092702 0.32809725 1.0
602.1695670690052 -19.83359099320406 -0.048158 -0.092858 0.1703868 1.0
955.2252887796923 -30.925558989561125 0.075474 -0.333612 0.31346032 1.0
998.9765160484895 -32.73431734380056 0.069383 -0.201364 0.33520573 1.0
825.908479616876 -27.277990322160548 0.255654 0.342585 0.25553522 1.0
625.3454443175574 -21.28010639467332 -0.215081 0.273777 0.1787196 1.0
708.8530607084878 -25.11959873757901 -0.118446 0.292143 0.2087246 1.0
574.3417139065041 -21.824327917979268 0.053629 -0.069241 0.16085888 1.0
863.0643819075251 -33.57855457040359 -0.21622 0.877095 0.27200866 1.0
835.5595757575707 -32.71061171831375 -0.294046 0.156308 0.2605733 1.0
894.074891469469 -36.74813422094007 -0.235557 -0.061852 0.28569704 1.0
990.5248795701569 -42.14283303833668 0.46428 0.031994 0.3313687 1.0
1025.908467623105 -47.18409280234359 0.119118 0.580375 0.34987256 1.0
890.6574511738073 -42.638090495960085 0.325431 -0.080553 0.2845403 1.0
966.9564495642093 30.887643931052082 0.299786 0.664074 0.31654483 1.0
1020.1645245691903 19.153721528629543 -0.265266 -0.280733 0.3441961 1.0
1026.3812800717203 20.136996009097533 0.004789 0.181835 0.3465019 1.0
715.4276647240962 7.740065310725666 0.122502 -0.067588 0.2097433 1.0
670.9559608156305 0.779120048208463 -0.750832 -0.282954 0.1938553 1.0
799.2678231413266 -1.9959965517834661 0.49756 -0.056406 0.24230263 1.0
791.4696919201699 -3.0722680385427314 -0.248642 0.370475 0.23992549 1.0
1008.4763127935158 -8.367855236809518 0.154407 0.095865 0.33779272 1.0
959.7700166631745 -11.42923426010966 0.664021 -0.077389 0.3142271 1.0
791.7025107216429 -10.982037682962932 -0.461651 0.242847 0.23983714 1.0
905.0106271640037 -13.30687280940113 0.27886 -0.010289 0.28791863 1.0
872.9652197214045 -17.924350364470587 0.275742 0.197334 0.27329424 1.0
989.0132873433312 -23.48672749968986 -0.379787 -0.586589 0.32720217 1.0
955.468639393765 -24.292585100715062 0.11263 0.085926 0.31142357 1.0
620.4094316642799 -20.88267210605932 0.121589 -0.062581 0.17509544 1.0
907.365053993368 -30.68871626764979 0.178815 0.062685 0.28844664 1.0
839.4509000242882 -33.02279699834049 0.222508 0.215445 0.2583797 1.0
1004.3549287546705 -40.41649926310542 0.012014 0.013767 0.33400968 1.0
1033.2336238891496 -44.14296139703454 0.053513 0.018042 0.34913757 1.0
829.9137657666972 -39.71353529874499 0.434362 0.212038 0.2552729 1.0
897.518910330032 -44.0454038524947 0.018332 -0.38219 0.2841024 1.0
824.7348555174581 -41.225232002408674 0.038817 0.157657 0.25306126 1.0
982.6237765942012 33.89134388881866 0.03429 -0.220816 0.32069987 1.0
984.6634798360911 32.9238980098501 -0.022622 -0.08989 0.32190555 1.0
971.8950036889808 33.00675656076354 0.296797 0.04513 0.31565943 1.0
1010.771570741561 30.46922529410769 0.197731 0.045162 0.33494782 1.0
1031.9685409339686 27.848319152622203 -0.104647 0.021996 0.3447449 1.0
1030.0675886359109 26.694347811342176 0.008142 -0.095202 0.34503976 1.0
1028.2032769670252 26.019871991340846 -0.115009 -0.072788 0.34404117 1.0
1027.431753106187 22.29749016351094 -0.153148 -0.04894 0.34281993 1.0
1033.4772274348913 22.588885466668515 -0.490364 -0.343283 0.34610793 1.0
878.7719885234296 11.924719041284375 0.030241 -0.053366 0.27380663 1.0
718.1737887515094 5.139272378440664 0.525333 -0.006015 0.20885846 1.0
697.2959992966454 3.450018521278899 -0.167755 0.089183 0.20163356 1.0
893.9482187715873 0.38494354548473825 -0.051286 0.185789 0.27979785 1.0
919.2803327740429 -8.27521498678665 0.38095 0.020018 0.29157227 1.0
949.8527039059595 -10.116011261693066 -0.690353 -0.251122 0.30604184 1.0
991.5584261812952 -18.27201903507697 -0.4361 -0.39449 0.3249906 1.0
996.4316280136745 -23.154721742021703 -0.334091 0.121941 0.32773462 1.0
914.8811185676325 -26.004877720937 -0.499297 0.076529 0.28954834 1.0
623.0714905089721 -20.000702187329587 0.076635 0.241333 0.17431684 1.0
631.0165116611496 -24.54322655664318 0.244417 -0.384353 0.17758517 1.0
947.2750107352156 -36.58251159489713 -0.010336 0.083928 0.30447248 1.0
978.9935529912241 -46.380772334098445 -0.063323 -0.237816 0.31907058 1.0
1025.0153677887763 22.946032994535603 0.44164 -0.274172 0.3369167 1.0
900.3570311003868 4.280207574015428 -0.070713 -0.114035 0.27927926 1.0
862.0672402968947 2.97002390354183 0.0519 0.106956 0.2633846 1.0
891.3037097830577 0.6620749818780172 -0.245851 0.084994 0.27576867 1.0
893.8190618555262 -0.1978908519062966 -0.09463 -0.012657 0.27692017 1.0
965.0046911998086 -1.979141816886255 0.196387 0.082206 0.30906737 1.0
997.7018767224994 -11.786087370178462 -0.047166 -0.126188 0.32361624 1.0
996.5664212659419 -12.616839278938537 -0.464941 -0.535323 0.3238057 1.0
849.7442090684224 -12.587788159227898 0.615839 -0.243327 0.25800347 1.0
843.0318905165701 -13.503710937780417 0.031835 0.101113 0.25551587 1.0
908.8293447277559 -14.501056356918998 0.088072 0.263862 0.2833602 1.0
847.803419265753 -16.151835692660164 0.187805 -0.035904 0.25704336 1.0
769.5262096645886 -25.99997789497828 0.155569 -0.117465 0.2261765 1.0
842.0663816958288 -27.70024587312734 0.203096 -0.014591 0.25500196 1.0
1066.7375438458812 -39.8405622245928 -0.13767 -0.057739 0.3586355 1.0
848.8560537526062 -35.76253863324905 0.292674 0.355667 0.25768313 1.0
915.4200209368851 27.370760457275505 -0.504902 0.077893 0.2824744 1.0
1053.667906823612 26.328527914133264 0.228571 -0.038985 0.34727624 1.0
901.5928767704369 10.001248968541875 -0.096218 0.128522 0.27665567 1.0
908.3193737414374 7.632516860433711 0.015765 0.086156 0.28003106 1.0
1071.2460228012308 5.6263091095083615 0.42108 0.359139 0.35673866 1.0
897.8433439885949 0.1820139925291091 -0.127095 -0.128439 0.27516547 1.0
839.8642771221718 -8.421636731292043 0.273567 0.09075 0.25149712 1.0
827.167571344329 -14.91881678953236 0.310359 -0.195412 0.24705276 1.0
830.0087948035608 -14.925461033008323 -0.002565 0.320376 0.24797714 1.0
913.0883430961856 -18.060018420913728 0.189795 -0.258878 0.2818937 1.0
976.2235257639411 -20.716251076093712 0.104981 0.039327 0.3107587 1.0
939.2381280302811 -22.15162559110505 -0.06644 -0.015335 0.29464984 1.0
641.8079983897358 -16.60468794115867 0.005131 -0.078898 0.17800343 1.0
643.4674468279949 -16.555660240320776 -0.133821 0.325513 0.17859653 1.0
640.385702838096 -16.52973828871568 -0.017028 -0.08146 0.17742467 1.0
636.6388248995167 -17.047437656716415 -0.36184 0.315662 0.17605256 1.0
781.5702350004883 -20.471448230702446 0.131403 -0.78361 0.22859727 1.0
781.4222026645502 -22.454380316642077 0.408207 -0.211035 0.22887959 1.0
642.7737011382576 -19.530538387806494 0.026425 -0.191497 0.17812638 1.0
1034.3324833390311 35.82591651578808 0.019396 0.143963 0.3422396 1.0
803.5395379370634 27.677781004212946 -0.130697 0.03894 0.23904087 1.0
1025.7874459665156 26.691163811851847 0.061438 -0.095814 0.3392479 1.0
967.2959216951151 24.386241033067073 -0.082534 -0.042011 0.31010258 1.0
1001.3831403859582 16.490114709367614 0.115351 -0.054329 0.32766432 1.0
1044.2776050964706 17.88913117636592 -0.066443 0.355299 0.3474342 1.0
903.1815078159769 11.874647559584345 -0.118155 0.078583 0.28117213 1.0
973.5688549317045 5.664702148647602 0.158954 -0.057309 0.31458727 1.0
1062.4887959245084 0.8384505744239795 -0.087414 -0.110313 0.3589681 1.0
860.8835947007806 -0.8880665942300238 -0.056395 -0.100488 0.26403275 1.0
904.4378426809654 -2.6768266819632873 -0.106516 -0.202089 0.28219607 1.0
857.4796575759847 -3.857349834531512 0.516028 0.036859 0.26198253 1.0
1017.2450044969305 -7.331855069884727 -0.273991 0.111638 0.33532342 1.0
834.040739991491 -5.3569000623479734 0.073899 -0.240571 0.25317714 1.0
899.2594782455449 -7.177284473042263 0.037913 0.424593 0.28087136 1.0
921.1687971413552 -9.114661361512198 0.001798 0.046954 0.29006657 1.0
908.3952917375651 -9.286868310208204 -0.046415 -0.266391 0.28438318 1.0
908.9788754992769 -12.080399890069653 0.09634 -0.212681 0.28510553 1.0
597.7311206169603 -8.282547802125322 0.199557 -0.596098 0.16500746 1.0
817.2897120732823 -14.043668673141267 -0.05589 0.068916 0.2463488 1.0
989.2090175253428 -19.24160224189032 0.123253 -0.928377 0.32257757 1.0
980.5176485360921 -19.476691683148367 0.258371 -0.01924 0.31874564 1.0
589.5941666662055 -12.237812954183225 0.822288 -0.385867 0.16271679 1.0
841.0804300414643 -19.671737995596754 0.188396 -0.463789 0.25639144 1.0
603.8199681823137 -14.462425284276094 -0.013216 -0.166946 0.16712336 1.0
904.9297724040796 25.153682357358875 -0.04353 0.221738 0.2783371 1.0
891.8954422594861 23.229439597768216 -0.01571 -0.02096 0.2732298 1.0
934.7501753507038 24.626173274685534 0.01807 -0.472605 0.29155263 1.0
898.579891320917 22.546537782398556 0.405893 0.60433 0.27616403 1.0
1033.627206756649 21.113264960747557 -0.036439 -0.111945 0.33795747 1.0
969.6130605519133 15.009539558606688 -0.260301 0.218244 0.30847916 1.0
994.3946017677554 11.87855395864779 0.219027 0.016545 0.3199234 1.0
692.931553210325 7.506274797038948 0.653011 -0.613361 0.19629875 1.0
844.2605624283188 5.5492306411955115 0.044605 0.124996 0.25395894 1.0
1017.1641864621163 0.9499422154465824 0.035692 0.003659 0.33052507 1.0
1007.6762343411012 -1.4373888639185248 -0.017343 -0.098 0.3266492 1.0
1008.2974795550456 -1.4112814975256986 -0.137987 -0.02396 0.326578 1.0
1009.6646848146164 -2.9355505982935006 0.030195 0.145848 0.32825577 1.0
1006.774924507902 -1.461627275065839 0.232481 0.174225 0.32585526 1.0
1006.2017146227486 -2.878578425443753 0.240096 0.126321 0.32665142 1.0
1007.5047071864592 -3.2008803391652996 0.588102 0.692278 0.32689524 1.0
1007.7046936553238 -3.191853411112651 0.319888 0.122941 0.327188 1.0
1000.2404091945907 -5.595712934255201 -0.21078 -0.196344 0.323858 1.0
800.9498626703066 -6.2576538724577935 0.09977 0.330225 0.23687838 1.0
841.2553939487863 -9.39766881652265 -0.561736 0.073945 0.2538918 1.0
816.6819755556148 -9.218952732290877 -0.091462 -0.019554 0.24385357 1.0
846.9496884649398 -10.297990370822735 -0.181869 -0.755834 0.25552338 1.0
914.0422745841336 -14.144321996010449 -0.113722 0.265093 0.28499028 1.0
873.6550709435483 -17.080177539796388 0.422188 0.09894 0.26690137 1.0
908.8016852976483 -17.51481045943759 0.002272 0.034678 0.28154546 1.0
593.7485271023204 -12.271986218535208 -0.358703 0.081095 0.16227858 1.0
818.5193913332137 -17.56623732601132 0.34381 -0.072242 0.24430485 1.0
637.6718006239388 -14.067783711505758 -0.250496 0.490652 0.17716016 1.0
1079.2197431822285 33.692041679059024 -0.038835 -0.196757 0.35755274 1.0
909.1006002778909 27.699746516750643 -0.10419 -0.022615 0.27820545 1.0
905.6238937228101 27.716299996572733 -0.27413 -0.567723 0.27622005 1.0
903.8002516696235 27.240739986780543 0.015864 -0.057041 0.27558383 1.0
902.3564808938095 25.912128080059805 0.360761 0.542981 0.27535596 1.0
1015.5755633042063 29.004171029316623 0.134638 0.198587 0.32491592 1.0
784.2836114172665 11.235737076188999 0.204317 0.032905 0.2282276 1.0
910.8606504551939 11.828299289855009 0.111294 0.044572 0.27851573 1.0
908.0311885349444 10.093112894879583 -0.013084 0.040374 0.2782091 1.0
1009.1725883284645 11.470584965861686 -0.065969 -0.142177 0.3225574 1.0
899.5768070300599 7.641463140380416 -0.022608 -0.013711 0.2744958 1.0
935.8298296366864 6.379552509463951 0.075798 -0.14253 0.2907456 1.0
1018.5200076087085 6.837041374349273 0.335514 0.257288 0.3285773 1.0
1038.6445260673645 5.735853284152112 0.00142 0.175526 0.33805525 1.0
954.7728075623226 4.459508352694657 -0.151535 -0.411069 0.2991759 1.0
937.9148193653695 2.020660534801896 -0.258313 0.317548 0.29057914 1.0
843.0390762173777 -6.77551501216017 -0.350433 0.019741 0.2515258 1.0
1002.7216768714604 -8.423512800593933 -0.820077 -0.334106 0.32102522 1.0
727.8033618752459 -8.306973521590104 0.020691 0.37031 0.20714124 1.0
842.9477196383416 -8.435788123192813 0.241276 0.086407 0.2511947 1.0
1010.0130109604692 -11.297077659409966 -0.468177 0.412335 0.3250305 1.0
915.2596175359689 -11.11668431928421 0.347567 -0.158141 0.2814218 1.0
962.4288822031868 -14.520767725211384 -0.519563 -0.280075 0.30334795 1.0
637.8672251352476 -11.704193792888931 0.42834 -0.045159 0.17605874 1.0
639.766055205137 -11.684553092875657 0.079792 0.142362 0.17661892 1.0
884.2178502482485 -14.490875149719159 -0.316088 0.220191 0.26811787 1.0
637.1353827899084 -11.954964202849714 -0.025717 0.006137 0.17587173 1.0
1071.371660061316 28.82376761031719 0.245972 0.120078 0.349895 1.0
911.8320385447153 25.20000052497873 0.554761 -0.324669 0.2753462 1.0
935.6457602858308 22.49379100678556 0.192921 0.082466 0.28671098 1.0
778.3770990901793 16.554349992928916 -0.445196 0.050638 0.22317718 1.0
909.830704626833 19.726495880374273 0.058903 -0.360407 0.2759526 1.0
903.6089598509939 16.344925721364834 0.063602 -0.286304 0.2733109 1.0
913.0579104564464 17.726451670350386 -0.486285 0.082917 0.27629593 1.0
915.4807215042823 16.50687877075958 0.111575 -0.009911 0.2778948 1.0
909.942891550113 15.166006214994667 0.176008 0.142336 0.27628952 1.0
913.1063806073857 16.214276535044863 -0.169411 0.518155 0.27721968 1.0
924.7326385976304 15.021727396863476 0.029404 -0.017465 0.2825787 1.0
976.327137919803 15.457000996463348 0.281576 -0.005156 0.3054 1.0
776.5569789929096 13.234423500003277 -0.055611 0.078035 0.22210172 1.0
1018.4996327677679 12.040146365287201 -0.936861 0.226355 0.3247067 1.0
915.1950235771805 8.843188526770295 0.242521 0.022926 0.27879065 1.0
943.5269451494894 7.818393955602071 -0.410088 0.383403 0.29013455 1.0
863.5637274052189 5.73862060700545 -0.121866 0.140384 0.2566754 1.0
939.5456317333217 6.008341063773261 0.20868 0.284504 0.28938746 1.0
1073.0364928536549 6.02209572567841 0.343633 0.021446 0.352084 1.0
785.53210086469 3.9661218055124015 -0.944292 -0.048664 0.22658885 1.0
941.7442626569768 3.776219729902975 0.209046 -0.388495 0.29054025 1.0
821.2660772875346 0.5640987156541984 0.160773 -0.241341 0.24061833 1.0
833.5075754850126 -0.04325557906138601 0.013347 -0.012492 0.24508636 1.0
660.3207126816832 -4.151562871859676 -0.233306 -0.236924 0.18179673 1.0
781.3358041864685 -9.899490085448177 0.191974 0.108997 0.22500917 1.0
1010.7200947208686 -13.972925554774093 0.230013 -0.192964 0.3222552 1.0
1102.6370033397534 34.684152712752656 -0.125899 0.081077 0.3555364 1.0
1101.3084851026395 31.953475529503613 -0.093903 0.290493 0.3545815 1.0
894.6071638974158 24.291410382291826 -0.267629 0.093713 0.2627689 1.0
900.509770414325 24.207781372931187 -0.823881 0.610835 0.26501036 1.0
832.8513191717706 21.240892047000827 0.213213 0.316208 0.23949476 1.0
828.3093889793483 14.354289194623366 0.380999 0.303208 0.23731163 1.0
745.0577132912821 11.971331502149937 -0.542533 -0.223152 0.20710604 1.0
735.4141772273052 7.127389456713825 0.076191 -0.114097 0.20383647 1.0
1001.528301241712 8.859764700168498 0.093932 -0.295798 0.31044453 1.0
990.1742531860882 -10.107251233670711 0.061004 0.032518 0.30626315 1.0
642.6563382964945 -9.5150653536639 0.636267 0.434986 0.17306732 1.0
723.7185325697743 -11.741648168239887 0.253595 0.111254 0.2006367 1.0
982.0900001080851 -16.367725155103134 -0.751599 0.425848 0.30200532 1.0
1038.494811993355 -23.119586855449302 -0.080452 -0.178866 0.3288469 1.0
1037.697903201942 -25.22939795884177 0.242293 -0.053429 0.32873833 1.0
581.8237321225745 -28.848561144670416 0.062503 0.015571 0.17107596 1.0
724.4321427237501 -44.22799199075912 -0.235075 -0.030381 0.2248483 1.0
688.9511689411532 -42.711132899317725 -0.304007 -0.196513 0.21050292 1.0
991.7562696997231 -26.274990430504033 -0.35884 -0.254005 0.35316595 1.0
744.8409476867531 -21.170304347854877 -0.287643 -0.069354 0.23487395 1.0
954.2726658088395 -59.9335889533008 0.053849 0.35495 0.32609227 1.0
810.1453308648145 10.084626308874439 0.400473 -0.280404 0.26067662 1.0
939.9965921637217 7.426197982447012 0.02214 -0.548405 0.32185104 1.0
1011.6745687835804 0.0267586942236686 0.107611 0.694164 0.35930967 1.0
982.6525711197096 -26.635950309632694 0.140023 0.470565 0.3410538 1.0
892.9537816075555 -28.12036297293546 -0.127699 0.632003 0.29572272 1.0
954.0052564828557 -58.60951636550052 0.226271 0.113084 0.32455787 1.0
889.432583705757 16.337494498985816 0.139108 -0.601923 0.29373232 1.0
1003.7923063980484 16.07400581916463 0.013387 -0.137979 0.35144946 1.0
872.5949719949185 13.020480153680403 -0.222181 -0.214641 0.28652024 1.0
658.4291410032156 8.7348275305132 -0.026272 0.162763 0.19631758 1.0
879.8593464576998 7.605641301508243 0.039111 0.158669 0.28973812 1.0
816.9225047071882 7.394532708075991 -0.099589 0.009634 0.2608167 1.0
989.1504579319695 -23.348936421964684 0.312002 -0.034879 0.34057918 1.0
601.1976754650115 -24.28061178897912 -0.369459 0.160838 0.17430513 1.0
1019.4848077656959 -43.79603085552068 -0.024873 0.117413 0.35665947 1.0
1016.4193838410374 -44.98371607277141 -0.227453 0.002733 0.35490263 1.0
974.8449525772346 -44.110914650815886 0.160635 0.321998 0.33308846 1.0
977.8246354302483 -45.97795735880813 0.430415 -0.019658 0.3327912 1.0
566.8533010527026 -34.158993624572766 0.25655 0.025809 0.16129111 1.0
600.9406601453635 11.660806529978109 0.160936 0.105376 0.17375186 1.0
883.3188453051814 13.642856242547747 0.218842 -0.083104 0.28734785 1.0
573.0078099725263 6.415486479664098 0.172207 -0.083627 0.16417004 1.0
690.886519031749 7.991364302274944 0.158051 -0.001403 0.20656994 1.0
935.3713576486133 4.511055342719473 -0.118463 -0.188646 0.31256744 1.0
914.9323145328453 3.9765099583372794 -0.129891 0.203941 0.30313957 1.0
661.9542426366595 2.1973343016303324 0.494819 0.485432 0.19546522 1.0
1014.8269704720789 1.701870720951851 0.08226 -0.270046 0.3532151 1.0
830.3023718300673 -10.183480504344177 0.21467 0.127035 0.26247773 1.0
903.7118810122415 -11.828294185526786 -0.006669 0.067875 0.29606244 1.0
905.3194161555111 -12.507034815023966 -0.006821 -0.029615 0.29699433 1.0
918.847902731512 -12.344792147703476 -0.041385 0.038288 0.30253333 1.0
950.9515777239719 -12.774756955691728 -0.551409 0.73234 0.31889263 1.0
953.3371261196477 -14.412749737209564 -0.431503 0.311432 0.32046458 1.0
697.7961225736568 -10.160660002502105 -0.27522 -0.44562 0.20818865 1.0
702.4111573368795 -16.706861815580805 0.01525 0.173263 0.21044242 1.0
863.8035963349313 -27.242658295525512 0.308442 0.178749 0.27735105 1.0
941.6871495066156 -52.87290080782793 0.048377 -0.122163 0.31186658 1.0
940.6328037252126 15.396085603915225 0.392787 -0.006459 0.31087226 1.0
570.1672339988027 9.054372091152157 0.092583 0.124078 0.16099961 1.0
668.6223604038316 10.702777244638925 -0.443919 -0.643097 0.19612296 1.0
576.0449858709807 8.055150683850878 0.069141 0.067006 0.16292867 1.0
674.0188107276182 2.440738014687555 -0.637741 -0.421262 0.19767934 1.0
1012.62432462364 -6.536146008766277 0.082315 0.24269 0.34640816 1.0
1011.2921412468934 -6.021050923090038 0.093515 -0.018671 0.34568974 1.0
967.5058878458435 -12.223576220768287 0.147927 -0.178559 0.32263654 1.0
900.6187550054551 -13.29901309035832 -0.156958 -0.122548 0.29080802 1.0
973.5224540427976 -14.616042413426726 0.126621 0.299204 0.32520455 1.0
1013.8713912283538 -15.789271367769336 0.080027 -0.379942 0.34573835 1.0
1004.0216183268275 -17.187559780164204 0.010616 0.384168 0.34167963 1.0
994.4012102632961 -16.806214261827602 0.041953 0.054535 0.33617207 1.0
870.4061319703976 -19.785641041835426 0.247013 -0.39925 0.27688134 1.0
939.960237520219 -22.084287123693674 0.398605 0.119216 0.30894032 1.0
989.8777284362874 -23.331962436504032 -0.313036 -0.24274 0.33321407 1.0
782.2057868455764 -19.65804009634076 -0.277691 0.388784 0.23975849 1.0
908.1614430546034 -22.04981921097102 -0.293767 0.040862 0.29335672 1.0
906.8631319703466 -22.32061039730896 0.122221 0.207827 0.292776 1.0
1011.2898847818476 -25.310656026615696 0.188551 -0.003533 0.3437135 1.0
945.5370619488621 -25.813354689746348 -0.045566 -0.123199 0.311736 1.0
1015.759055098614 -28.107252216634244 -0.088045 0.070819 0.34570485 1.0
612.5846072167045 -17.855227405940962 0.08807 0.132395 0.17466602 1.0
965.7765390877873 -27.002507662296868 -0.240087 -0.341331 0.32056087 1.0
933.5590211310911 -27.744929483255486 0.142996 -0.011229 0.30657798 1.0
986.0632867446905 -29.925429631166306 0.152466 0.120955 0.33049425 1.0
994.5057957419739 -32.90044528004765 0.119535 0.294119 0.33605835 1.0
996.595074490567 -33.52766020985578 0.033827 -0.105507 0.3372238 1.0
1003.7828112904829 -32.816859163923155 0.397405 0.036195 0.33949682 1.0
1002.766508458548 -34.829171098153765 -0.339364 0.062231 0.3396403 1.0
995.286312560738 -34.72089010067806 -0.141614 0.035248 0.3359554 1.0
1005.6178322853343 -35.19866749274991 -0.34015 0.566529 0.3410295 1.0
861.6493304827844 -32.42552534756633 0.195016 -0.24025 0.27271733 1.0
1020.4526178319834 -39.098925802330385 -0.059726 0.232953 0.34789386 1.0
893.1810292275474 -37.51993502613979 -0.049866 -0.090021 0.28690737 1.0
614.3137774925002 -26.86714878716866 -0.169314 0.225826 0.17529607 1.0
985.6180063138474 -44.367857004827606 0.031471 -0.296458 0.32979667 1.0
868.02756886415 9.329540166295926 0.267715 -0.01987 0.2740109 1.0
1024.556791925203 7.8111115162904 -0.116263 0.234807 0.34848848 1.0
968.3702349095007 -1.3681964577470933 -0.152461 -0.012849 0.3200382 1.0
1004.733826912793 -9.995715064648588 -0.058367 0.278993 0.33805582 1.0
1005.3249096801954 -10.267136932196186 0.118579 0.052931 0.33847466 1.0
929.8246833720866 -10.369094702667718 -0.045907 0.183544 0.30125105 1.0
949.9704155466192 -12.964491503514322 -0.073426 0.072824 0.3106824 1.0
946.3526425101101 -13.572661991517254 -0.109828 0.084656 0.30950147 1.0
928.8750851077557 -16.033261935659215 0.487345 -0.644659 0.3003329 1.0
964.3567126722318 -19.155641916716316 0.253824 0.147728 0.3166331 1.0
965.1965936795631 -22.042654301548545 0.154908 -0.053282 0.31729904 1.0
988.6476747367008 -27.082788392246417 -0.1014 -0.089977 0.32952264 1.0
868.3844567823354 -25.424939381859286 0.206684 0.2792 0.2731735 1.0
680.6527765311824 -26.90589777951654 0.247507 -0.310273 0.19754872 1.0
994.4777656281609 -39.77424200485611 0.090434 -0.040444 0.33174708 1.0
1029.7916712224173 -46.696120513075876 0.551871 -0.575586 0.34940833 1.0
1028.602387026913 -45.509806220504544 0.055598 -0.158623 0.34854022 1.0
1047.3287605042744 -53.54587853804111 0.015733 0.031421 0.35789964 1.0
765.9193904460072 -38.75329001254383 -0.050359 0.378982 0.22944061 1.0
761.6563152130838 9.877447451456868 0.543327 0.385398 0.22708572 1.0
1020.8181970885358 12.46509568153942 0.003472 -0.000593 0.34231722 1.0
997.2955166491578 9.905403101984477 0.273234 -0.198146 0.33022085 1.0
997.7783164785334 9.938723705127105 -0.002258 -0.213167 0.33045232 1.0
959.6441420948811 0.7461912227501446 0.018903 0.128721 0.3119942 1.0
958.5420387204883 -7.863473167015422 -0.070386 -0.102436 0.31130505 1.0
792.2809261572584 -7.872579457438706 0.070494 0.029771 0.2392447 1.0
760.4170808711468 -10.249531224512012 0.0523 -0.194535 0.22659013 1.0
970.1184740489202 -12.926680406393277 0.359932 0.09494 0.31663957 1.0
826.0639142262548 -14.446488257557874 0.051067 0.040928 0.2524022 1.0
588.4268368511699 -10.700972845167897 -0.311606 0.660248 0.16335589 1.0
583.6616636795898 -15.968023966703564 -0.07018 0.179554 0.16205281 1.0
905.2392299860426 -26.502383634166385 -0.602013 0.103781 0.2869855 1.0
883.9389307339015 -33.822298528032206 0.035659 -0.12809 0.27665007 1.0
833.0968796909733 -40.34439565423014 0.025567 -0.022482 0.25458807 1.0
698.0400135408477 -18.87983031299432 0.176059 0.015143 0.21403809 1.0
973.4891805785878 -27.480510086664577 -0.362369 -0.112704 0.33909556 1.0
888.2714511584405 -30.352709794838034 0.026271 0.097855 0.2963904 1.0
955.6477329246442 -34.07339011912048 0.333115 0.545547 0.32981515 1.0
960.6624956683372 -33.936495208458915 0.393142 -0.220489 0.3320861 1.0
952.8151186995946 -34.73025573751722 -0.004152 -0.309489 0.32833055 1.0
957.0896870805158 -35.25261962529782 -0.581608 0.007352 0.33042514 1.0
961.354499072862 -35.97191821773169 -0.247356 0.211557 0.3309939 1.0
962.4031322672027 -36.317965277004376 0.308687 0.145089 0.33238426 1.0
1011.7880880599064 -42.622803156681 -0.01059 0.390416 0.35820118 1.0
922.2826305562912 -42.926814642985526 0.218986 -0.279838 0.31138155 1.0
1004.9373387300101 -47.192712496444045 0.290979 0.054082 0.35303777 1.0
582.2022176705016 -27.530202507660125 -0.323972 -0.079729 0.16892815 1.0
559.137922276967 -27.417149877280185 0.381949 -0.221805 0.16123542 1.0
1002.3422424545817 -50.239735190606844 0.102674 -0.20291 0.35147455 1.0
970.2275393281875 -52.4299848378492 -0.011588 0.308398 0.33386716 1.0
967.7085718120256 -53.608259945944674 -0.069916 -0.126142 0.33298698 1.0
970.5958251940873 -54.553655289081355 0.55305 -0.237112 0.33404 1.0
619.8058079607489 -38.896346475179975 0.087126 -0.036373 0.1819003 1.0
806.3944458245879 -51.487958187692 -0.279378 0.257374 0.25606865 1.0
945.5970684874418 -61.04345128560647 -0.617136 0.494117 0.3207659 1.0
766.6368872558239 -23.78445335825272 0.379244 -0.738018 0.238978 1.0
937.9756931753094 -34.66703783634683 -0.400882 0.04499 0.31536207 1.0
903.7369209338393 -34.79054312701327 0.139652 0.32659 0.30013722 1.0
576.9546801328038 -22.398413175316463 0.171017 -0.188139 0.1664041 1.0
885.6286938868138 -34.81584202299733 -0.46215 -0.407481 0.29028437 1.0
783.77353963244 -33.078146156989156 -0.230246 -0.296162 0.24531023 1.0
938.9200463023017 -38.69275436000445 0.12055 -0.015737 0.31584907 1.0
786.3316139258066 -34.438276693144616 0.186202 0.000167 0.24615115 1.0
1016.0457469810939 -45.34100510995038 -0.032579 0.248963 0.35618046 1.0
1016.3652310521182 -45.646074439416346 0.010705 -0.001633 0.35548988 1.0
1009.5032144947921 -45.59012103393915 0.193103 -0.001772 0.35181934 1.0
1014.7165883914147 -46.27959484656027 0.117006 -0.177078 0.35419866 1.0
660.1857196984546 -33.67338937457154 -0.112366 -0.397625 0.1959148 1.0
1002.0844080404213 -53.61072101389128 -0.038541 0.077374 0.34805387 1.0
728.8687409174316 -41.45604903372587 0.076581 -0.060214 0.22223854 1.0
610.3818608887952 -34.47780329421994 -0.242654 -0.123268 0.17708398 1.0
730.3442147616826 -41.470323803869 0.191555 -0.220309 0.22246243 1.0
889.5056268300923 11.965869311522347 0.083591 -0.12548 0.29341283 1.0
976.5887471991635 -35.500273593483044 0.597961 -0.272073 0.33257702 1.0
902.6033003819982 -39.41742515472736 0.238843 0.081449 0.29492736 1.0
999.7438210227136 -45.254955974000865 -0.020852 0.015905 0.34316683 1.0
920.9961218468522 -43.26666197652355 0.010073 -0.211143 0.30311468 1.0
854.4622067465037 -42.256066747444976 0.164767 0.355621 0.27293396 1.0
915.3323183301815 -53.461716184651166 0.066199 0.157467 0.29950643 1.0
900.4047538868119 21.439425678888494 0.114138 0.151165 0.29528698 1.0
691.7744274727069 9.706840333871781 0.113365 -0.227554 0.20638731 1.0
925.8060524280612 -27.639684686264737 -0.030473 -0.283096 0.30307034 1.0
992.1000465205436 -62.932330104392456 0.516958 0.136461 0.35478768 1.0
915.8463125624282 -61.19628285597162 -0.091713 0.056985 0.3138692 1.0
632.6327413964361 -4.111507286382782 0.691942 0.016847 0.1935856 1.0
774.7588196277673 -3.672928716208775 0.296495 -0.073704 0.25111184 1.0
659.1661171470055 -5.138366103601534 0.173395 -0.215729 0.20364784 1.0
834.82025940445 -7.1002947301446 -0.496841 0.462801 0.27917936 1.0
744.9394130815097 -19.45075356998086 0.07039 -0.308035 0.23675522 1.0
987.1912676268469 -24.502777102544634 0.517874 0.266762 0.3531365 1.0
628.3044806587649 -17.786897813610185 -0.150638 0.298893 0.18986087 1.0
626.7837007019949 -17.91996202357581 -0.083358 -0.004166 0.18937153 1.0
746.4079564501393 -23.388285490619527 0.318552 -0.375073 0.2365281 1.0
565.423310217923 -19.719561021876245 -0.247594 -0.077815 0.16607219 1.0
952.8491077484906 -34.55504016615261 -0.064149 -0.246221 0.33363846 1.0
948.5409752441856 -34.869517175256426 0.093318 0.028623 0.33225858 1.0
963.5091110888735 -37.31138057465075 -0.490383 0.371255 0.33991027 1.0
836.2321535449519 -33.93182833822682 0.218597 0.395103 0.27541775 1.0
914.2275697690761 -37.426466133493975 0.394454 -0.206322 0.3130965 1.0
719.5936380840365 -36.244119579091134 0.046743 -0.509402 0.22395001 1.0
991.5898365574286 -52.57930563909477 0.082189 0.065384 0.35115895 1.0
907.9488553932665 -52.929144982206964 -0.21442 0.043128 0.30871555 1.0
985.669354311095 -56.72184235748569 0.086142 0.098466 0.34901246 1.0
645.8162363937245 -37.878034351069445 -0.141253 -0.210263 0.19488364 1.0
984.2557964632574 -58.43035196467368 -0.144697 -0.201037 0.3482172 1.0
722.5228579272714 -43.07909993183393 -0.071511 0.714457 0.22438668 1.0
796.0552971160528 -47.96860720674509 0.083677 0.21225 0.25549716 1.0
801.0280451087841 -49.54810544860797 0.192248 0.224991 0.25764567 1.0
829.3188944109406 -54.772251430828554 0.020416 -0.204799 0.27075776 1.0
937.0523260859455 1.9737865235022654 -0.483223 0.124163 0.32585025 1.0
967.0886362689349 -2.5569143636739162 -0.202666 -0.455241 0.34231886 1.0
562.1741351494264 -2.495503330164627 0.081114 0.224491 0.16515462 1.0
640.321278720507 -4.182018932815798 0.274728 -0.297892 0.19430639 1.0
645.1968439953491 -3.790522649047471 -0.39477 -0.313708 0.195669 1.0
643.3445322031885 -3.975169215526826 -0.04493 -0.21558 0.19508894 1.0
672.5363489687164 -4.038091942925967 0.057207 -0.051451 0.20614648 1.0
670.9714972377019 -4.40505728815979 0.256449 -0.186643 0.20563687 1.0
882.079684331564 -8.174309046032437 0.506417 -0.391441 0.29796165 1.0
671.8363817841921 -5.8731421948867775 -0.233655 -0.063987 0.20591114 1.0
747.502604852689 -19.434910494146116 0.478651 -0.051984 0.23548386 1.0
752.9798909368769 -20.99323260933019 -0.044877 0.284597 0.23774645 1.0
969.1372985800094 -30.603086193048842 0.198021 0.205556 0.33914044 1.0
958.3420969943727 -34.3109213158805 0.373603 0.086515 0.33261913 1.0
953.203491759884 -36.12564234503916 -0.018072 -0.002814 0.33021298 1.0
892.5082060796685 -34.41867838957945 -0.414322 -0.351153 0.30001274 1.0
954.213300643648 -37.05163975134468 0.329684 0.530315 0.32981077 1.0
957.5985231930669 -38.47092037296328 -0.15822 0.588376 0.33200812 1.0
912.6792221849355 -43.28068961781938 -0.176868 -0.072536 0.3087881 1.0
912.5273627646061 -44.96498860547952 -0.128935 0.130174 0.30828795 1.0
911.6784038131268 -45.1832270099688 -0.253192 0.244546 0.3077585 1.0
656.506708623211 -33.56283723050102 -0.396847 0.140901 0.19775869 1.0
863.3769272504317 -44.55113518706341 -0.343997 -0.670394 0.2840353 1.0
651.1774342105385 -34.68446906084355 -0.132919 0.100495 0.19515169 1.0
868.4467896315317 -48.87979584422257 0.275263 -0.244461 0.28601626 1.0
558.8277936975118 -34.05458331515737 -0.463672 -0.365093 0.16142501 1.0
834.9206066585441 -50.51637843535393 0.276553 0.047391 0.2710252 1.0
684.2793423431489 -43.376500920017136 0.198615 -0.475389 0.20760752 1.0
937.2806313947834 -59.941949434734255 0.325357 -0.072405 0.31914565 1.0
645.4633539460082 -41.243024239619515 0.245158 -0.122598 0.19230694 1.0
644.3402067627615 -41.95772777657681 -0.095178 -0.341348 0.19230099 1.0
948.9708393151826 -60.978528809984496 -0.21623 -0.74286 0.32413417 1.0
691.3357387312512 -46.106063929186185 0.056572 0.218072 0.20981559 1.0
1015.0662245893516 -67.77899603008996 -0.012767 -0.107461 0.35953924 1.0
918.6144401824852 -61.325864114880765 -0.282812 -0.070904 0.30933866 1.0
1003.868617715169 7.843526115471518 -0.188309 -0.398983 0.35906124 1.0
960.5447300223998 5.793374344731147 -0.065469 -0.492555 0.33484894 1.0
652.0838100814781 2.8852066871298447 -0.291088 0.067743 0.1968488 1.0
941.6698360436714 0.8184348341559377 0.213061 0.068306 0.32522324 1.0
565.8900361600354 0.0482543091216578 -0.324314 -0.099779 0.1647933 1.0
900.499813641486 -0.7207211039759976 0.180216 -0.317395 0.3029127 1.0
680.3013970414456 -1.2310678701328 0.266865 0.2355 0.20735116 1.0
936.9462360596431 -3.847742299959421 0.063309 0.130932 0.32116553 1.0
945.6847550308987 -4.5830315484329995 -0.08959 0.022354 0.3249615 1.0
718.7813841978716 -13.35653151997691 -0.154657 -0.163639 0.22225614 1.0
941.41431742175 -19.267078282454587 -0.05154 0.109772 0.3207279 1.0
988.2600848677558 -22.20918850032698 -0.523763 0.039835 0.34469172 1.0
827.9256567477793 -19.986387523161977 -0.028215 -0.071494 0.26682055 1.0
966.8661565723087 -37.15297349299503 0.155255 -0.040952 0.33248135 1.0
904.310195379746 -37.68675486550493 -0.098623 -0.704635 0.30148885 1.0
589.622680961542 -28.171363700924086 0.319658 0.171155 0.17099144 1.0
971.7324008615927 -49.77222907851038 0.149306 -0.233319 0.33409297 1.0
600.8978578159938 -34.6601026309457 -0.114807 -0.305739 0.17422323 1.0
696.0318714357886 -40.554259339996584 0.350772 0.246067 0.21010947 1.0
695.5882408430243 -40.23077346515334 -0.003983 0.094362 0.20982045 1.0
603.6905338600034 -35.09548643128226 -0.08997 -0.052862 0.17516872 1.0
967.2225789556746 -56.38118608516092 0.006884 0.102783 0.32951894 1.0
733.8418429542545 -43.78745052440945 0.812961 0.330364 0.2244789 1.0
655.9020366282874 7.311269755283704 0.153803 0.164892 0.19635294 1.0
882.038001533736 9.401334461145773 -0.011583 -0.060165 0.29153338 1.0
878.4509370554094 6.599296836143542 -0.261804 -0.131192 0.28964767 1.0
1014.0811860711365 7.30308819950591 -0.148203 -0.245386 0.35827753 1.0
658.7970002202901 0.6667753256993357 -0.163494 0.180935 0.1967761 1.0
658.4708289521225 0.08050621320012795 -0.221302 0.440134 0.19707815 1.0
908.3144578468856 -0.01638501504067372 0.288684 -0.081058 0.3045093 1.0
664.783000957175 -0.7209731117535734 -0.505641 -0.223435 0.19909373 1.0
663.5970335406328 -0.14029428996880114 0.342724 -0.059683 0.19845848 1.0
659.2498023943525 -0.9299465925579629 -0.01444 -0.020592 0.19690247 1.0
652.0015978968212 -0.9192926467256954 -0.062416 -0.130234 0.19416386 1.0
953.9905044644773 -19.16289197541048 0.036572 -0.261047 0.32368878 1.0
986.1338641962667 -23.711127293313414 0.006202 -0.663129 0.33981797 1.0
894.28230130531 -25.606571675511073 0.149144 0.246823 0.29407862 1.0
574.7024073099368 -17.799845290163386 0.139717 0.07734 0.16480231 1.0
1021.038927087751 -34.862731999207796 -0.016799 -0.06972 0.35753447 1.0
949.0799087212353 -33.78388184766677 -0.31763 0.861964 0.31971347 1.0
979.1638409133507 -36.85476016627798 0.044079 0.554727 0.33590022 1.0
925.417101414833 -33.76090311929045 0.15388 0.185071 0.30761644 1.0
923.9855594280789 -33.65127856807231 0.397169 0.329031 0.30689666 1.0
971.3025797263574 -36.49404591093594 -0.180721 0.306561 0.3317734 1.0
974.148771622079 -36.66701200724486 -0.16941 -0.309785 0.33337915 1.0
943.0204195618987 -36.59969498751038 -0.327164 0.118547 0.3163114 1.0
980.9845255268746 -39.156961694363346 -0.178787 0.371116 0.33481693 1.0
975.7737306239773 -40.19414712457612 -0.020929 0.052525 0.33302966 1.0
1025.9044137877368 -44.66565549001981 -0.374284 0.607498 0.35959402 1.0
668.4687469724771 -27.708862968291896 0.010883 0.06045 0.19816063 1.0
596.0927444131556 -26.189070074693838 0.248629 0.057601 0.17154343 1.0
597.455690809911 -26.23059304444602 0.790326 0.354918 0.17199619 1.0
917.5686888030062 -44.96189461211295 -0.474477 0.65116 0.30313125 1.0
857.0561007747209 -42.360391484586195 0.102297 0.090167 0.27513662 1.0
650.5996268245804 -33.777745805016686 -0.09958 -0.109069 0.19101082 1.0
861.4766962023772 -45.74102672087394 -0.201963 0.030816 0.27646405 1.0
677.5372164306767 -36.948554657225564 -0.004188 -0.060452 0.2011326 1.0
681.2342827375687 -37.011340375653035 0.656219 0.100156 0.20257324 1.0
863.0242016718493 -46.317800593558495 -0.02581 0.015104 0.27720636 1.0
1028.055241444803 -59.29035367984069 0.3101 0.107503 0.35876477 1.0
1026.621284093727 -59.29965964964181 0.110542 0.308223 0.35769668 1.0
1031.9221962086806 -58.025814417488505 -0.379458 -0.372478 0.35972023 1.0
803.5958147790768 16.654222162035072 0.540995 -0.116577 0.25374085 1.0
893.3841406532099 18.40113218547277 -0.469531 0.189722 0.29491228 1.0
1002.5646830750492 16.21159096216062 -0.283293 -0.334439 0.3499861 1.0
806.4772907511309 12.693549207806342 0.03961 0.087258 0.25487363 1.0
1006.2992344433475 16.80141496793188 -0.348822 -0.143511 0.35023105 1.0
657.8653346813686 8.259142668030247 0.100656 0.021882 0.19578727 1.0
900.5667043535592 11.310274402080283 -0.431831 0.387874 0.29705295 1.0
892.9077477903397 11.22629861950466 -0.382515 0.061565 0.2934571 1.0
687.2853156527334 6.009038339274469 0.36656 0.212613 0.20635447 1.0
746.9900413483674 2.327737561295043 0.666374 -0.032274 0.2297314 1.0
658.8152801153037 1.8005549316703886 0.569869 0.226093 0.19527403 1.0
907.585366250765 1.535004567029103 0.045649 0.103616 0.29960993 1.0
881.8857939348025 -28.846629932884596 0.036866 -0.118494 0.28430104 1.0
886.8321688978592 -30.591649402036612 -0.065114 0.111864 0.28638676 1.0
982.1843004764801 -33.90322062012969 0.362511 0.09563 0.33261824 1.0
887.6129055723738 -32.28426861591696 -0.014677 0.090244 0.286625 1.0
603.9451816972085 -24.152637501177594 0.345148 0.228444 0.17304169 1.0
1018.0821532697238 -42.44723977342997 0.308404 -0.135035 0.35096267 1.0
929.356117797654 -38.56716727525266 -0.045403 -0.052447 0.30586612 1.0
606.5283531029874 -25.916303470497407 -0.295098 0.003323 0.17379028 1.0
978.7910570695869 -50.72818357286807 -0.334772 -0.050518 0.3301551 1.0
979.5115154254543 -50.63383527859334 0.008683 -0.575713 0.3303393 1.0
920.6954286057288 -49.36190953613144 -0.299335 -0.44067 0.30153242 1.0
1111.531434359895 35.239970740753925 0.069816 0.708016 0.35247743 1.0
1002.0393142176451 29.8781607378761 0.350447 -0.20586 0.30336368 1.0
1117.9287376674633 28.17338903361989 0.237812 -0.02385 0.35700274 1.0
902.4383286537977 16.40013545198471 0.218506 0.112212 0.26239187 1.0
694.9858002961404 -7.303170914800044 -0.46161 -0.016668 0.18845701 1.0
983.0922058511637 -18.02426340035136 -0.438083 -0.011686 0.3010512 1.0
995.2526459021446 -20.842992901237366 0.368949 0.195431 0.30620807 1.0
728.4225846160398 -19.694352140897415 -0.292987 0.022754 0.20143965 1.0
918.5591324684028 -25.209015539638468 0.358619 0.112101 0.27446732 1.0
1029.4067846238684 -27.133411965546976 0.664154 0.128169 0.32291022 1.0
992.2674244624188 -31.48333468877387 -0.182331 0.275868 0.3064293 1.0
898.6976825573773 29.22926615522385 0.309998 -0.039199 0.25669608 1.0
1099.8515714403754 35.31661789276486 -0.042449 0.102477 0.34300494 1.0
970.7922690756304 30.460510477088533 0.27308 -0.192465 0.28657398 1.0
1099.7974492492133 31.299237126575502 0.034061 0.111104 0.34506628 1.0
1101.9105524837457 31.027737920473122 0.147793 0.111137 0.34561342 1.0
1104.5601849801806 31.04635652297653 0.108488 -0.36738 0.34664443 1.0
1088.2403486434744 30.534516640008608 0.70128 0.084607 0.33852866 1.0
1101.3687968135773 25.628006083797732 0.097536 -0.164634 0.3458893 1.0
850.5393341819054 19.309487576175627 -0.539086 0.016181 0.23952807 1.0
830.4314688637673 -15.327904272346972 0.196748 0.652984 0.2364889 1.0
818.8938974927648 27.04743400979766 -0.117273 -0.297532 0.22518578 1.0
987.5033384475536 31.75759014111803 -0.155804 0.159674 0.29013553 1.0
773.7353241216213 23.968591981891723 -0.678101 -0.070235 0.20946158 1.0
754.1199636893301 22.61940654105345 -0.042974 0.17871 0.20214745 1.0
815.1364613246151 25.00453011191455 -0.207298 -0.095126 0.2238624 1.0
753.1189553481383 19.509892726094385 -0.155606 -0.083836 0.20217048 1.0
973.7263996380113 31.883710033355428 0.102855 0.452115 0.2815122 1.0
1058.1750087127245 31.395991707886807 0.129664 0.556648 0.31439835 1.0
866.1104216275617 24.26876764682202 -0.093143 -0.39445 0.23815772 1.0
761.3129138381331 23.941269275344848 0.409802 0.020547 0.20325984 1.0
757.6432212525542 23.915145404566932 -0.012061 0.000355 0.20216084 1.0
627.7684456262292 19.266016647956604 -0.096094 -0.145915 0.16038328 1.0
747.4301406768257 22.67601048724126 -0.032084 -0.136006 0.19907616 1.0
851.0900746342752 24.521862105373046 -0.065615 -0.18804 0.2349978 1.0
755.6214380151998 21.4338073753498 0.013707 -0.211309 0.20185454 1.0
732.2598522517052 20.961914684233967 0.0502 0.004552 0.19425277 1.0
975.7959325650004 30.884428611462614 0.025876 0.031275 0.28002432 1.0
974.7634141346169 31.316690403634194 0.170511 -0.058697 0.27956498 1.0
1011.3028266904842 29.75856542417005 -0.157259 -0.231302 0.2963468 1.0
858.6142200851107 25.276436829461403 0.11004 0.094245 0.23581831 1.0
1061.7645445028745 33.419195730682546 0.180778 -0.108653 0.31394437 1.0
945.1079204417197 29.806514150916996 0.278375 0.025795 0.26541921 1.0
1057.4496636055605 32.22216730701604 -0.06183 0.20452 0.3122037 1.0
1062.9490085756477 32.02013544413161 0.072454 -0.058232 0.3150559 1.0
1056.821096683323 31.828006634412816 -0.169117 -0.10896 0.3122606 1.0
1059.831861132854 31.950650395762423 -0.171093 -0.036597 0.31259793 1.0
944.3571894250969 27.904762870193398 -0.188518 0.064791 0.2663865 1.0
941.4638227464465 -18.333806263249024 -0.370562 0.128365 0.31914985 1.0
986.797392946479 -19.616844479268714 -0.038744 -0.188301 0.3387349 1.0
970.5024273981206 -34.54466638084153 0.046383 0.001416 0.30486083 1.0
631.8710874187927 -4.6088465352132655 -0.37664 -0.347442 0.1922117 1.0
609.8207886280444 -4.575466042904675 -0.05084 0.078171 0.18359205 1.0
764.3336421339801 -11.298149965296822 0.139664 0.045363 0.23435162 1.0
978.4071671914033 -29.52855777450732 -0.008309 -0.256771 0.3034789 1.0
981.4292373707566 -30.875900196685418 0.582077 0.020707 0.30503756 1.0
684.211709070386 -21.651829742388852 0.059079 0.084402 0.18671241 1.0
751.1617570754696 0.5572904263876096 0.05096 -0.096733 0.23994981 1.0
675.2334852756029 -2.522578723848434 0.16252 0.418467 0.20600808 1.0
633.2891814138843 -16.621132437846626 0.155214 0.026387 0.17091435 1.0
719.7829146858417 -18.247558555903332 0.035554 -0.009109 0.1998795 1.0
654.5175424052826 1.0064395790485996 -0.29193 -0.200959 0.19405144 1.0
715.8904903697747 -13.636406846085123 0.240484 -0.130104 0.19871905 1.0
1102.5839478214932 -23.689267029275932 0.038838 -0.154371 0.35446954 1.0
1040.0643825576526 -23.834213407983633 0.193019 -0.062732 0.32492566 1.0
837.5282013733319 -14.527956333611463 0.101764 0.098124 0.23981099 1.0
830.404936479476 -13.54907156918408 -0.252868 0.258058 0.23663455 1.0
580.7726952435013 -11.127213058841358 -0.136834 -0.111621 0.17001197 1.0
985.0516654362524 -20.091389786536766 -0.084416 -0.10729 0.34557557 1.0
973.7254995738105 -21.834036389401994 -0.209314 -0.132056 0.336351 1.0
803.3184930725878 -20.078207895107127 0.099187 0.163683 0.251786 1.0
625.1776165886362 -4.011406689697972 -0.252444 -0.24755 0.19154549 1.0
627.9535828822474 -5.350248431472978 0.073932 0.03912 0.19207639 1.0
675.6077367025274 -6.351286661981171 0.162313 -0.257554 0.20810437 1.0
694.6426013877028 -11.880107785582823 0.07883 -0.105811 0.20914319 1.0
984.1080560420818 -17.361243090073653 -0.223666 -0.129472 0.33626598 1.0
972.0488378866539 -23.794162238752516 0.071818 -0.15835 0.3165584 1.0
636.191732581664 -1.0968612192688774 -0.059277 -0.21121 0.19371979 1.0
972.7847780997886 -13.19631612636376 0.085898 -0.171158 0.32469803 1.0
991.505864999887 -18.268294366020633 0.126928 0.420595 0.32401535 1.0
637.1728359453128 -14.87957690021758 0.11405 0.081757 0.17670043 1.0
919.0984288016737 -22.224151453832473 -0.855221 -0.290053 0.28223258 1.0
988.2752871198072 -26.011565197261294 -0.268746 0.055926 0.31002343 1.0
1058.8998682225701 -27.35591358478793 -0.015851 0.587569 0.34335455 1.0
940.7317555503739 0.8058950003529135 -0.176328 -0.381832 0.32511514 1.0
719.927496506125 -15.885710127411478 0.074324 -0.187247 0.19984025 1.0
684.6242407088292 -15.180573301657585 -0.84875 0.212666 0.18780762 1.0
983.2289437112308 -22.685167528357674 0.249909 -0.121387 0.3044831 1.0
725.5050207047957 -16.87831761622853 -0.125743 0.358468 0.20066631 1.0
602.3428198398475 4.030704893910366 0.374339 -0.040831 0.17709084 1.0
967.1480065912292 6.870104685429316 0.27006 0.249554 0.33512112 1.0
651.5934612154219 0.12463546349059099 0.110445 -0.045356 0.1890159 1.0
952.2484705567497 -11.810137260917804 0.225915 -0.260018 0.29374805 1.0
814.7196879127808 -17.27233583849436 -0.107208 0.501438 0.23108906 1.0
696.4482511250774 6.111612646574533 0.144616 0.189418 0.20794006 1.0
919.2983212859724 6.273036383504352 0.086043 -0.573867 0.30291048 1.0
760.1379728282733 -6.730601806637073 -0.180278 -0.275585 0.21418257 1.0
989.2453291205684 -11.51610372898313 0.003382 -0.462705 0.30470145 1.0
833.5306824883963 27.054762188959213 0.164139 0.335813 0.22729523 1.0
655.9605762411413 19.956389137257933 -0.162007 0.222882 0.16671056 1.0
965.4231896501145 33.020319871755134 -0.319155 0.726425 0.29414898 1.0
955.9818618033312 30.88618271588997 -0.296763 0.3926 0.29045236 1.0
963.3821478259279 30.85545944688021 -0.495672 -0.764671 0.29276386 1.0
1091.0279450313808 30.63664939301792 -0.29577 0.101026 0.3532433 1.0
749.5399294970429 18.315509009147377 0.544051 -0.274451 0.20938289 1.0
723.8755795441211 14.248440217839393 0.10768 -0.424914 0.20063072 1.0
1091.3819263021517 17.395740606491756 0.216272 0.326668 0.35394448 1.0
933.8300834833016 9.789887507033695 0.081262 -0.300465 0.28182265 1.0
930.0095112049361 9.027150813406642 0.042086 0.020104 0.2804145 1.0
723.6719598967558 5.842823938403836 -0.029084 0.152365 0.20084879 1.0
659.5045539556455 -2.5296234003475533 0.07074 -0.16799 0.17915623 1.0
619.7256382777525 -15.298782920072957 0.039847 -0.014401 0.17258963 1.0
584.7073026539938 -16.037819552757067 0.316583 0.161231 0.16051647 1.0
899.2070889117947 3.0866022304706453 -0.098624 0.171731 0.2778189 1.0
904.6342217454114 3.2682897035345575 -0.116833 -0.28594 0.27987283 1.0
1020.9708894279386 11.615606280536552 -0.005324 -0.324248 0.32813263 1.0
744.1407153155488 21.301814424826638 0.134066 0.1519 0.20757267 1.0
926.748005565608 22.69388371814936 -0.137588 0.646486 0.2798546 1.0
928.9766745218124 20.477205664996568 -0.093473 -0.382993 0.28028172 1.0
726.6342013571096 14.947141893899483 0.074359 -0.031503 0.20180275 1.0
1087.405938641293 21.456202704929048 0.095431 -0.240755 0.35264677 1.0
723.8644636042752 12.56758858892585 -0.056747 0.212791 0.2011401 1.0
769.1603341482612 11.582810308822022 0.117891 -0.097809 0.2176106 1.0
661.9552275977119 8.815766397621834 -0.196464 -0.307372 0.18018666 1.0
669.5791363924966 3.177369495758199 0.158176 0.100296 0.1831933 1.0
790.9842974157964 26.858532964434918 0.304933 0.031568 0.22464077 1.0
1029.9875381256556 31.42372483421971 0.034173 0.159829 0.32586026 1.0
1086.4135083070687 31.405991764744634 0.121918 -0.003775 0.35342142 1.0
732.9763721235523 10.928394704648234 -0.52099 -0.07343 0.20535886 1.0
672.4978555237249 8.231570013802783 -0.3201 -0.406449 0.18445498 1.0
827.6713908691879 8.14563243491594 0.063183 -0.067182 0.24105012 1.0
681.5661447176545 15.814775483757321 -0.790636 -0.09745 0.18512681 1.0
798.0366296615838 24.90109543163798 -0.215084 -0.365026 0.22397605 1.0
794.2303453344258 24.184532829694593 0.128574 -0.190091 0.2223457 1.0
911.4248276071019 26.885534479316316 -0.072283 -0.086902 0.2678409 1.0
790.12348759364 21.036063334987993 -0.157824 0.2485 0.22129183 1.0
785.757809634337 18.7571936393523 -0.031084 -0.202144 0.22013043 1.0
1058.578860324666 21.552615747628074 -0.015894 0.106902 0.32822505 1.0
987.5772872551133 18.959503568389454 0.357136 0.165636 0.297138 1.0
687.1630180605107 10.201152434625474 0.352869 -0.44704 0.19443993 1.0
602.1899634643553 8.100274853945798 0.265144 -0.821136 0.16545881 1.0
899.3868035079588 24.933193247423997 0.23957 0.135878 0.27499986 1.0
1035.0975575772788 26.653804077815863 -0.140274 0.261645 0.33728862 1.0
1056.1716087747377 25.742464091775744 0.554199 -0.440015 0.34771386 1.0
893.9443069215255 0.11934758570762383 -0.187748 -0.170381 0.27335575 1.0
1037.0184096512014 34.42480800354979 0.08128 -0.335097 0.33416486 1.0
710.867132313316 20.998603174192237 -0.036889 0.055894 0.19940993 1.0
1084.6593112551673 31.14784728608103 -0.092156 -0.166558 0.35711005 1.0
911.020868690021 18.212876942869947 -0.395808 -0.009468 0.27758297 1.0
596.8767080327531 11.140660271735932 0.177228 0.370676 0.16042165 1.0
902.5528285500218 15.285319512895342 -0.050489 -0.265671 0.27334347 1.0
914.1424715336011 14.298723290025881 -0.273764 -0.132541 0.27905813 1.0
905.5149579777265 14.949893744611845 -0.273286 -0.172129 0.27449936 1.0
914.3420289972976 14.328458606333859 0.024751 -0.121125 0.27919543 1.0
904.2960706427239 13.184953192184608 -0.189809 -0.360568 0.27494246 1.0
937.9615422207024 10.839853215524604 -0.248996 0.043374 0.29001632 1.0
907.5212553506888 11.209490064958105 -0.30597 -0.038129 0.27680865 1.0
1068.274330175707 10.764328657921626 -0.411642 0.248865 0.3511067 1.0
710.8297977021654 7.55755687539398 -0.340666 -0.013502 0.19923837 1.0
917.7022161783253 8.931420688029153 -0.000768 -0.257661 0.28012323 1.0
950.6391871461984 6.325161033395331 -0.272818 0.315005 0.2945264 1.0
768.927129096731 4.119274717975841 -0.635682 -0.267904 0.22077924 1.0
770.0430152344953 1.9330119827201242 0.010256 0.167731 0.22173281 1.0
936.2272518314512 2.8083423665788554 0.354173 0.039606 0.2895913 1.0
668.5774385867551 -7.184301770790612 -0.061401 -0.023912 0.18558404 1.0
842.859288233035 -8.74371544899853 -0.668303 -0.189593 0.2502426 1.0
798.4255638839827 -9.758125136071985 0.231414 -0.078576 0.23261285 1.0
791.8403792965825 -9.980997558813424 0.084794 -0.117292 0.23037274 1.0
799.0751631528017 -10.085028236917159 0.353368 0.556156 0.23298481 1.0
948.0682796424068 -13.274959650974917 -0.086931 0.17618 0.29428965 1.0
913.3099712427672 27.989241475727926 0.166236 -0.271186 0.27490473 1.0
1092.4809876257834 33.23652374401052 -0.404648 -0.242351 0.35676202 1.0
734.9167753814936 15.135772350947194 0.152527 -0.136298 0.20632148 1.0
738.3841662051125 14.810819583424754 -0.116574 -0.325567 0.20767857 1.0
667.3733231456504 8.456770059394866 0.021629 0.054787 0.1829447 1.0
946.4223568144569 9.357149896732249 0.026096 -0.031304 0.29051763 1.0
662.082951021003 5.279888416839319 0.892996 0.063783 0.18111424 1.0
662.2789314882428 2.7203703168373217 -0.646307 -0.131067 0.1811058 1.0
946.9282333595903 -3.6353652764082947 0.299456 -0.344397 0.29066065 1.0
648.9440965960512 -4.879668455437276 0.083037 0.054854 0.17708603 1.0
948.0484622308514 -7.509341329227295 0.051308 -0.151816 0.29170567 1.0
964.490709424711 27.83102526790606 -0.080302 -0.243475 0.31755137 1.0
949.3108102933567 24.43071002536288 0.451707 -0.261305 0.31115037 1.0
686.8997916227257 13.34464576873072 0.588608 -0.583607 0.20054269 1.0
1012.7337779726488 19.797130095510205 -0.026901 -0.244396 0.34103107 1.0
1023.8786838661955 19.775987143307713 0.177943 -0.560991 0.34673828 1.0
1024.5166861114599 19.24241084333723 0.369045 -0.100538 0.34726772 1.0
1019.4837995231142 18.880043185235124 -0.397904 0.364246 0.34426245 1.0
992.3634419584478 7.999921627264724 0.151049 -0.068544 0.33051434 1.0
678.2663043827198 3.476012937185053 -0.061136 -0.114304 0.19705082 1.0
681.5424862197572 3.5357719527619773 0.632358 -0.212334 0.19816813 1.0
947.7753954611737 -11.688723202503128 -0.021127 0.161684 0.30876324 1.0
982.5218546589028 33.066807547242675 -0.185482 -0.327325 0.32250834 1.0
986.5254327130602 33.26965829083851 -0.017455 -0.169568 0.32394728 1.0
1037.0892870223674 28.89313805529635 0.128581 0.044635 0.35098654 1.0
893.4861133922778 11.897235864690614 -0.380743 -0.016599 0.2815867 1.0
1004.8148182951313 8.629632529811376 -0.401921 0.06257 0.33292502 1.0
952.2945176208283 -6.777302796661865 0.062727 -0.006728 0.30762738 1.0
955.9148331155909 -6.615049806179131 -0.001176 0.035435 0.30930373 1.0
952.9724241196514 -6.6265822830274415 0.244098 0.330785 0.30792072 1.0
1035.0982229937692 19.41774071469628 0.257347 -0.068535 0.3457002 1.0
1036.291217313684 18.79655921617219 0.087968 -0.121686 0.346171 1.0
693.7996551562461 8.562586335310908 -0.031125 0.146483 0.19884531 1.0
696.6050586747023 8.128322715914637 0.033235 0.00131 0.19985992 1.0
805.8593227027143 8.381354719164365 0.31058 0.13616 0.24196404 1.0
694.479626615185 6.508307071957292 -0.000349 -0.152432 0.19935994 1.0
690.6931059584732 3.5236769263674836 0.069989 0.112455 0.19816937 1.0
667.0456564606296 1.7282836035919695 -0.589409 -0.257162 0.18945529 1.0
664.4899831705536 1.493644315184768 -0.452909 -0.144454 0.18851253 1.0
757.9526223431437 -3.59868022453509 -0.351151 -0.158827 0.22342816 1.0
893.5507167328495 -5.4862856485233165 0.303565 0.176014 0.27903488 1.0
701.3320351949311 18.018660965844667 -0.198002 0.09469 0.20652346 1.0
947.0360973186766 22.729382159817636 -0.135963 -0.230668 0.3107088 1.0
976.7908003835037 17.041153740730774 -0.098299 0.125564 0.3254683 1.0
711.2339630497133 6.770850014760575 -0.490496 0.140042 0.21004383 1.0
684.4128841907897 2.2777527175480397 -0.0678 -0.083722 0.2000285 1.0
968.0675818723729 -2.781878060076692 0.050332 -0.061232 0.32019335 1.0
906.3277494313942 23.672450444066083 -0.682373 -0.126967 0.2882378 1.0
1022.5514047946294 23.735768087528776 0.086058 0.083813 0.345612 1.0
980.8299380122785 21.709724208343523 0.430066 -0.087081 0.32333928 1.0
1024.2696916251402 20.0314616312801 0.250674 0.000572 0.34552324 1.0
696.1977099695042 2.5255040868967047 0.004403 0.217793 0.2023684 1.0
758.2703317624253 -3.7557640762088913 0.159069 0.551883 0.22690858 1.0
708.8892633283787 -6.962452213874705 -0.085256 0.333508 0.20727256 1.0
711.0594766697683 -9.062676576165744 0.083501 -0.115055 0.20829009 1.0
916.3132761952079 -11.029801054368736 -0.017439 0.420413 0.29234597 1.0
911.059371138892 -13.215748484638105 -0.078231 0.074929 0.2905628 1.0
826.4143989929637 -16.188025691503977 0.07571 0.198349 0.2535715 1.0
989.8799189899314 -23.55738045362856 0.146183 -0.128484 0.32763845 1.0
673.161816130268 -18.91881544458137 -0.203137 -0.6245 0.19392698 1.0
866.9187719528528 -25.04471414601537 -0.025629 -0.550565 0.27140132 1.0
624.397895087847 -17.978968733819762 0.359478 -0.356961 0.17638104 1.0
756.8999467107263 24.855086195406972 0.009061 0.199108 0.22418168 1.0
757.6217781900671 24.760687388168996 0.214984 -0.054155 0.22443181 1.0
875.9193377376679 20.710006695445408 0.03573 0.183496 0.27172124 1.0
1028.3963293928005 22.392164522812806 -0.03181 -0.015019 0.34369162 1.0
722.2475534098222 9.412919652020356 -0.254143 0.202598 0.21068202 1.0
879.6832569228633 11.492731315330694 -0.042124 0.077444 0.27382493 1.0
679.733118005422 6.358292331674492 -0.014056 -0.226843 0.1952307 1.0
696.9524804659779 5.441248690325023 -0.125767 0.284375 0.20113371 1.0
691.8639896719819 5.128032358529656 0.05838 0.116057 0.19953628 1.0
693.3699694723387 5.007506768978618 0.031116 0.260879 0.20012704 1.0
697.001877906191 4.845901507617649 -0.021794 0.22096 0.2006004 1.0
689.6241676417612 4.584747037077627 -0.090553 0.097489 0.19883484 1.0
686.4575533270728 2.460191848778504 -0.182542 0.079663 0.19711693 1.0
888.2787701121629 -5.392694232169232 -0.041318 -0.045922 0.2769417 1.0
911.949762474111 -6.888376839103419 -0.249153 -0.053551 0.28759187 1.0
898.1094714099205 -9.64469307032367 0.209111 -0.196916 0.28120524 1.0
918.8951307439739 -11.633737736233778 0.218632 0.472018 0.29046768 1.0
988.9161504360857 -18.128235593854587 0.142091 -0.465585 0.3246114 1.0
774.2267365089111 -14.843571659157409 -0.13186 -0.603972 0.23057355 1.0
642.4005580423299 -13.215579288530861 -0.294692 0.041427 0.18161556 1.0
982.5649960263713 -20.384378861329274 -0.561619 -0.164344 0.3203208 1.0
979.1665630596765 -20.184245609737044 0.150227 0.055471 0.31848386 1.0
584.1336987599882 -13.164429590592395 -0.2273 -0.353531 0.1611769 1.0
591.619108418246 -14.543967921542336 -0.039073 -0.120888 0.16384596 1.0
617.8586894314594 -16.254553090058163 -0.617877 -0.448374 0.17283852 1.0
988.2331163179459 -27.27970527714047 0.316665 -0.126944 0.32338712 1.0
681.4917625957268 9.626586051968802 -0.129725 -0.024051 0.1931128 1.0
692.0464387551082 9.775756782366727 0.054188 -0.038532 0.19677103 1.0
930.2551723216943 1.8855075201543297 -0.268366 -0.054382 0.29231885 1.0
925.2257672793401 -9.032253298192169 -0.39397 -0.176382 0.29059914 1.0
640.4844725885471 -9.020182849602824 0.504792 0.064153 0.17914622 1.0
593.4187546485628 -9.195247790128013 0.264297 -0.009268 0.1630724 1.0
809.6137043340743 -11.570411150944084 -0.05692 0.12966 0.24173443 1.0
836.320346009738 -13.462380337067481 0.154177 0.09321 0.25282472 1.0
984.8044292494237 -20.490399049059523 0.022623 0.20988 0.31841877 1.0
687.8460153478886 -14.909691493588184 0.305999 -0.299726 0.19546399 1.0
963.6245340201916 -26.97310159025119 -0.056952 0.090158 0.30883604 1.0
659.4485972809813 7.97659451139716 0.263484 0.376671 0.1836253 1.0
1007.4782294316171 0.3701965117884518 0.146624 0.06156 0.32578495 1.0
660.1214647902578 -9.20984675920621 0.039042 0.124891 0.18379024 1.0
650.8998151468485 -9.904170221087124 0.324978 -0.08297 0.18083496 1.0
827.3806241514225 -13.812626804084008 0.561725 0.042405 0.24672684 1.0
691.6150180561391 9.513751233334565 -0.672185 0.256851 0.19760343 1.0
743.8873048781792 10.651683469675902 0.009621 -0.191088 0.21662188 1.0
695.0175485692603 8.306459355953335 -0.119114 -0.081087 0.1992091 1.0
1005.1451160333962 12.139697291986382 -0.126044 0.179387 0.32814184 1.0
1046.0320940220117 0.29389170064664233 -0.113548 0.434179 0.3504788 1.0
928.9397582596201 -0.30645396668915126 -0.027871 0.17057 0.2934594 1.0
899.8556767449362 -0.39652156889727147 0.20096 -0.155676 0.2800895 1.0
892.6808479566794 -2.16896713666073 0.058014 -0.222859 0.27712074 1.0
638.2795425683956 -7.994298323461042 0.053528 0.090588 0.17888276 1.0
633.3970988309823 -8.817910668923055 0.149398 -0.164101 0.17737131 1.0
597.2770555509675 -8.257117077974469 -0.127889 -0.395046 0.16486412 1.0
852.2113799763441 -13.860376105092016 0.455534 0.059536 0.25996688 1.0
582.5124161599624 -13.126668149711882 0.002821 0.31169 0.16043963 1.0
746.9890866942627 24.269527176446115 0.322196 -0.298939 0.21515684 1.0
1007.7028658461426 31.299051762971835 0.546957 -0.019452 0.32450098 1.0
1010.9077378600075 31.089636290655303 0.232991 0.133512 0.3260695 1.0
901.0703116424694 25.11956369520143 -0.171759 -0.102634 0.27675927 1.0
1051.7376569824223 25.126969879605326 -0.226395 0.262978 0.34732822 1.0
897.735006726782 21.35905552625349 0.142196 -0.10753 0.27582753 1.0
901.2063202848208 21.166823060220604 0.622363 -0.343604 0.27758288 1.0
609.1515263892398 10.834673479134445 0.032515 -0.216432 0.16664661 1.0
973.8490624547032 12.435548846344343 0.141818 -0.162639 0.31116748 1.0
903.91869666676 7.372066219241388 0.029651 -0.302514 0.27956322 1.0
1069.7145397493912 -0.9620414071890092 -0.01068 0.085076 0.35825065 1.0
700.4307467033908 -0.8076089229057549 -0.271288 0.184161 0.19873223 1.0
967.9243358220376 -0.924361895213998 0.148794 0.405197 0.30847856 1.0
1008.7039724034912 -3.076185125178048 -0.236862 -0.19941 0.32765618 1.0
841.0546779418379 -9.863345068493588 -0.192645 -0.008489 0.2530252 1.0
588.2045658152089 -6.9609619592170695 -0.099767 -0.041294 0.16056457 1.0
841.3173303309811 -10.351494638820581 0.106402 -0.129099 0.25378984 1.0
841.915666592263 -11.1736087110432 0.090213 0.366034 0.25357938 1.0
707.6898476143513 18.40596630766268 0.14718 0.175029 0.1994254 1.0
711.6064935308825 14.491090219450788 -0.273389 0.469697 0.2010709 1.0
698.4186850585926 11.854342467032797 -0.089076 0.078814 0.1961779 1.0
647.8492118459626 10.751322362371742 -0.376302 -0.098897 0.17848246 1.0
596.0166763950283 8.363408067399378 0.675787 -0.319816 0.16111833 1.0
707.0177884888776 9.195498238366909 -0.078158 -0.087662 0.19944586 1.0
846.242090990901 7.258972367091048 -0.691054 0.120651 0.25232306 1.0
682.6551615666481 5.064253806804741 -0.173364 -0.077142 0.19103289 1.0
706.3998472100084 4.5204581836674755 0.429357 0.008588 0.19926645 1.0
595.5773651747986 -4.24005134190419 0.496446 0.167952 0.16163838 1.0
592.9192458531642 -4.248408145303548 -0.071504 -0.008557 0.160416 1.0
961.9674330658491 -14.831923359722056 0.31486 0.069852 0.30320758 1.0
1088.463084270824 32.20385666068115 -0.141213 -0.018398 0.3568639 1.0
732.0247132042107 17.127634541839825 0.102454 0.107872 0.20592676 1.0
1080.4443176037703 22.240468347413906 0.003627 0.003554 0.35394228 1.0
904.7352138081122 15.43536178419085 -0.156958 0.192143 0.27406704 1.0
910.7411410960473 15.643420155191624 -0.108465 -0.019094 0.276497 1.0
1041.747390881547 17.352881389462656 0.40645 -0.149271 0.33553 1.0
658.00777056976 7.975081675746336 0.513017 0.080193 0.18072815 1.0
709.1214017869241 7.167767688298301 -0.250067 0.351408 0.19851387 1.0
817.8858269036025 -0.1654842968480819 -0.382927 0.247762 0.23902863 1.0
674.3370145538427 -7.701794790436044 -0.426691 -0.036698 0.1866271 1.0
799.5785207847742 -9.921039999380508 0.185746 0.012153 0.23191299 1.0
974.8765581261162 -13.098145046238608 0.425235 0.238482 0.30562842 1.0
1048.6394692136448 33.78958400904556 0.007045 -0.420818 0.33392784 1.0
752.1136665248289 25.45304906283774 -0.141833 0.056628 0.20849471 1.0
896.0853595214501 28.69278591371662 0.29009 -0.375908 0.2633691 1.0
698.2550006635752 19.39831711312388 -0.491584 0.028316 0.18969648 1.0
831.966931071515 21.252717521932663 -0.210657 -0.03421 0.23904869 1.0
1028.5131267381234 25.8694150734393 0.423619 -0.07009 0.32128358 1.0
697.0283972292193 15.03069156143085 -0.087641 0.200032 0.1895231 1.0
680.6309501001342 10.222283893363599 0.301987 0.139034 0.18495975 1.0
856.1567371816564 12.948600835460777 0.367402 0.127312 0.24822801 1.0
695.6868157228989 10.230568134940906 0.032893 -0.082991 0.18966922 1.0
1031.9509322977074 14.405601830963496 0.126997 0.369106 0.322636 1.0
555.5813407647025 -34.717366620727454 -0.366597 0.32982 0.16256936 1.0
811.3648670068507 -55.142998033450986 -0.198918 -0.708625 0.26404652 1.0
680.5210989178172 4.753399537978682 -0.125461 -0.412779 0.19814508 1.0
684.6319597302588 1.6221477445101982 -0.361867 -0.025163 0.19963129 1.0
756.5520520029036 -4.1883571516375016 0.36724 -0.235481 0.2270117 1.0
925.1338053972121 -6.254559301498401 0.216252 0.162534 0.2990119 1.0
920.8256862555107 -10.00296805421795 0.050949 0.07558 0.29712692 1.0
998.357756460805 -17.0688788993281 0.103894 0.043304 0.33451703 1.0
707.4905991212896 -12.153501508069295 -0.018913 0.441863 0.20800057 1.0
1008.8025425525452 -20.66371314040624 0.186031 -0.283936 0.33926067 1.0
621.9541564878904 -14.748166089340327 0.098413 -0.006542 0.17677695 1.0
983.0933977299933 -22.151788309897793 -0.077955 -0.087186 0.32577765 1.0
818.6726133406285 -22.033703294255883 -0.113611 0.02602 0.25236702 1.0
1003.9488518386311 -28.573184356806898 -0.309109 0.169585 0.33741438 1.0
684.6278230175417 3.78808808610171 -0.195307 0.161307 0.19777088 1.0
1004.3726854805614 -16.20747592455349 0.081013 0.098155 0.33327463 1.0
623.1105288379694 -16.766048930752092 0.097699 -0.099185 0.17534922 1.0
620.6109484573914 -17.48869739835919 0.110642 -0.002267 0.17439054 1.0
624.364615820005 -18.170931676008948 -0.032847 -0.210881 0.17556442 1.0
683.3518183122666 -20.569252769191486 -0.109219 0.130948 0.19678356 1.0
621.8019720019097 -19.121798006080017 -0.031149 0.108773 0.17513242 1.0
630.4780989809515 -5.5270577581631715 -0.308491 -0.072624 0.1943124 1.0
633.1193181175083 -5.851191645011908 0.065316 -0.026669 0.19536392 1.0
723.1319161620062 -44.493734304779004 0.551895 0.036871 0.22555058 1.0
903.7836722616136 -57.48952540135911 -0.2274 -0.197887 0.30613524 1.0
630.076903956734 -6.598715026298507 0.311229 0.11549 0.19468337 1.0
969.4534253923109 -24.42856165064597 0.104316 -0.09236 0.3156118 1.0
632.3086048774953 -11.997624774651044 -0.122911 0.196936 0.1774009 1.0
923.4408790390758 30.755351295096233 -0.429643 0.298289 0.275641 1.0
1090.4910500707258 30.417269141234986 0.412606 -0.300334 0.35285246 1.0
678.0981503915158 13.165362919605776 0.128616 0.010847 0.18451901 1.0
723.2617591513867 13.52091184583037 -0.129336 -0.130962 0.20045505 1.0
1091.4752784299214 17.4141103172918 -0.196926 -0.370038 0.35399246 1.0
1088.815021937663 15.495179328395016 0.216775 0.046291 0.3530884 1.0
775.2297217273527 10.13737302760874 -0.048882 0.137564 0.21934868 1.0
873.2972383934114 10.44145555817402 -0.126851 0.368613 0.25722957 1.0
997.2379000606845 18.448834954157128 0.007851 -0.075044 0.30333403 1.0
